2 0.167969 0.078125 0.129688 0.106250
2 0.348438 0.248438 0.140625 0.115625
2 0.485156 0.180469 0.085938 0.101562
2 0.610156 0.296094 0.145313 0.260937
2 0.715625 0.380469 0.175000 0.214062
2 0.659375 0.609375 0.146875 0.237500
2 0.774219 0.539062 0.170313 0.159375
2 0.796094 0.660156 0.132812 0.145313
2 0.513281 0.491406 0.148438 0.210938
2 0.541406 0.628125 0.101562 0.118750
2 0.392188 0.618750 0.140625 0.193750
2 0.168750 0.457031 0.162500 0.192188
2 0.215625 0.625000 0.187500 0.171875
2 0.354687 0.460156 0.193750 0.157812
2 0.265625 0.357031 0.175000 0.160938
2 0.127344 0.319531 0.139063 0.126562
