0 0.231640625 0.8875 0.07890625 0.17222222222222222
0 0.558984375 0.7388888888888889 0.03984375 0.13055555555555556
0 0.5109375 0.9118055555555555 0.0609375 0.16805555555555557
0 0.664453125 0.7548611111111111 0.03515625 0.14305555555555555
0 0.644140625 0.6930555555555555 0.02734375 0.11944444444444445
0 0.679296875 0.6027777777777777 0.02578125 0.10833333333333334
0 0.7375 0.58125 0.0234375 0.09583333333333334
0 0.803515625 0.5666666666666667 0.02734375 0.05277777777777778
0 0.849609375 0.5875 0.02890625 0.08611111111111111
0 0.80234375 0.66875 0.028125 0.1125
0 0.743359375 0.83125 0.04296875 0.15416666666666667
0 0.829296875 0.8375 0.04453125 0.16111111111111112
2 0.627734375 0.5569444444444445 0.07734375 0.13055555555555556
3 0.5015625 0.5763888888888888 0.1203125 0.20277777777777778
