0 0.160546875 0.6048611111111111 0.03828125 0.1375
0 0.643359375 0.32222222222222224 0.01796875 0.08888888888888889
0 0.254296875 0.5326388888888889 0.02890625 0.13472222222222222
0 0.509765625 0.4666666666666667 0.02890625 0.125
0 0.356640625 0.42291666666666666 0.02265625 0.10972222222222222
0 0.73046875 0.4354166666666667 0.034375 0.09305555555555556
0 0.797265625 0.5479166666666667 0.02890625 0.12638888888888888
0 0.071875 0.54375 0.0515625 0.1125
0 0.29296875 0.42291666666666666 0.021875 0.10694444444444444
0 0.34140625 0.33958333333333335 0.0171875 0.09861111111111111
0 0.38046875 0.35347222222222224 0.021875 0.0875
0 0.70078125 0.3680555555555556 0.028125 0.08333333333333333
0 0.91796875 0.9222222222222223 0.0796875 0.14722222222222223
0 0.9796875 0.8409722222222222 0.03125 0.1486111111111111
0 0.32890625 0.2965277777777778 0.0203125 0.0875
0 0.29375 0.5215277777777778 0.03125 0.14027777777777778
0 0.344140625 0.5090277777777777 0.02734375 0.13472222222222222
0 0.60390625 0.33819444444444446 0.01875 0.0875
0 0.67734375 0.3923611111111111 0.021875 0.09861111111111111
0 0.925390625 0.8229166666666666 0.05390625 0.14027777777777778
0 0.808984375 0.42569444444444443 0.03359375 0.09027777777777778
0 0.3984375 0.2847222222222222 0.0171875 0.07777777777777778
0 0.009765625 0.33819444444444446 0.01796875 0.08472222222222223
0 0.588671875 0.31180555555555556 0.01640625 0.07916666666666666
0 0.08046875 0.3659722222222222 0.0453125 0.07361111111111111
1 0.06640625 0.4527777777777778 0.128125 0.11944444444444445
1 0.678515625 0.8638888888888889 0.15234375 0.2722222222222222
1 0.544140625 0.2798611111111111 0.04140625 0.0875
1 0.56640625 0.41458333333333336 0.0578125 0.11805555555555555
1 0.4484375 0.31180555555555556 0.0453125 0.08194444444444444
1 0.441015625 0.2659722222222222 0.03046875 0.07361111111111111
1 0.509765625 0.18263888888888888 0.02734375 0.07361111111111111
3 0.42421875 0.47847222222222224 0.109375 0.29583333333333334
3 0.5109375 0.17430555555555555 0.028125 0.07361111111111111
2 0.71953125 0.575 0.1265625 0.21666666666666667
