0 0.11640625 0.575 0.0265625 0.10833333333333334
0 0.233984375 0.3972222222222222 0.01953125 0.075
0 0.41796875 0.42430555555555555 0.04375 0.09583333333333334
0 0.44765625 0.3763888888888889 0.03125 0.06388888888888888
0 0.578515625 0.45069444444444445 0.02421875 0.07083333333333333
0 0.824609375 0.4534722222222222 0.03203125 0.10416666666666667
0 0.851953125 0.41944444444444445 0.03046875 0.08333333333333333
0 0.901953125 0.5680555555555555 0.03046875 0.125
1 0.755078125 0.7236111111111111 0.13203125 0.18611111111111112
1 0.601953125 0.5055555555555555 0.11953125 0.11666666666666667
1 0.197265625 0.8888888888888888 0.12109375 0.21388888888888888
