0 0.13125 0.48680555555555555 0.03125 0.05138888888888889
0 0.18984375 0.47291666666666665 0.025 0.05416666666666667
1 0.265625 0.4465277777777778 0.065625 0.06527777777777778
2 0.350390625 0.3277777777777778 0.02421875 0.044444444444444446
2 0.315234375 0.33194444444444443 0.02578125 0.05
1 0.330078125 0.31666666666666665 0.01640625 0.030555555555555555
3 0.45390625 0.2951388888888889 0.0234375 0.04027777777777778
0 0.50390625 0.6972222222222222 0.028125 0.12222222222222222
0 0.566015625 0.5784722222222223 0.02265625 0.09027777777777778
0 0.6078125 0.71875 0.0328125 0.13194444444444445
0 0.47265625 0.9388888888888889 0.0546875 0.12222222222222222
0 0.6015625 0.8354166666666667 0.0359375 0.15694444444444444
0 0.6953125 0.7840277777777778 0.028125 0.1486111111111111
0 0.642578125 0.9555555555555556 0.04765625 0.08888888888888889
0 0.723828125 0.9541666666666667 0.05078125 0.09166666666666666
0 0.81015625 0.83125 0.0515625 0.17083333333333334
0 0.7390625 0.8229166666666666 0.034375 0.16805555555555557
0 0.76640625 0.65625 0.0296875 0.11527777777777778
0 0.676953125 0.6451388888888889 0.02578125 0.10972222222222222
0 0.928515625 0.5833333333333334 0.03046875 0.10277777777777777
0 0.619140625 0.5958333333333333 0.02421875 0.1
0 0.653515625 0.5625 0.02109375 0.08611111111111111
0 0.740234375 0.5743055555555555 0.03046875 0.08472222222222223
0 0.791796875 0.5763888888888888 0.02578125 0.09444444444444444
0 0.842578125 0.5354166666666667 0.02734375 0.08194444444444444
0 0.8109375 0.47152777777777777 0.01875 0.07083333333333333
0 0.7390625 0.37430555555555556 0.0171875 0.043055555555555555
0 0.72578125 0.38472222222222224 0.0140625 0.05555555555555555
0 0.766015625 0.48541666666666666 0.01171875 0.05138888888888889
0 0.7625 0.4263888888888889 0.0140625 0.041666666666666664
0 0.71015625 0.4361111111111111 0.0140625 0.058333333333333334
0 0.728125 0.44513888888888886 0.0171875 0.0625
0 0.680859375 0.3645833333333333 0.01328125 0.043055555555555555
0 0.678125 0.40555555555555556 0.01875 0.05555555555555555
0 0.634375 0.3388888888888889 0.0109375 0.03611111111111111
0 0.64921875 0.36944444444444446 0.0078125 0.044444444444444446
0 0.65859375 0.38819444444444445 0.009375 0.04583333333333333
0 0.622265625 0.36527777777777776 0.01015625 0.044444444444444446
0 0.637890625 0.40625 0.01171875 0.04027777777777778
0 0.5671875 0.32013888888888886 0.0078125 0.029166666666666667
0 0.5734375 0.35694444444444445 0.0140625 0.03888888888888889
0 0.5984375 0.3958333333333333 0.015625 0.041666666666666664
0 0.663671875 0.4625 0.01484375 0.041666666666666664
0 0.690234375 0.4736111111111111 0.01484375 0.044444444444444446
3 0.5375 0.4583333333333333 0.053125 0.12222222222222222
0 0.529296875 0.2972222222222222 0.00703125 0.022222222222222223
