0 0.391015625 0.3576388888888889 0.05078125 0.15416666666666667
0 0.19921875 0.4361111111111111 0.06875 0.19166666666666668
0 0.235546875 0.8895833333333333 0.13828125 0.22083333333333333
0 0.0453125 0.6979166666666666 0.090625 0.2875
0 0.634375 0.49375 0.040625 0.1763888888888889
0 0.5 0.28055555555555556 0.0265625 0.1111111111111111
0 0.677734375 0.3909722222222222 0.03203125 0.1597222222222222
0 0.551171875 0.6326388888888889 0.06171875 0.24861111111111112
0 0.674609375 0.2722222222222222 0.02109375 0.07777777777777778
0 0.66640625 0.23194444444444445 0.021875 0.06666666666666667
0 0.581640625 0.1951388888888889 0.01796875 0.0625
0 0.606640625 0.20416666666666666 0.01796875 0.06111111111111111
