0 0.6015625 0.38263888888888886 0.021875 0.07083333333333333
0 0.6 0.3277777777777778 0.0140625 0.041666666666666664
0 0.64296875 0.36180555555555555 0.0265625 0.07083333333333333
0 0.65 0.4486111111111111 0.03125 0.1
2 0.584765625 0.5861111111111111 0.11328125 0.22777777777777777
3 0.250390625 0.41875 0.08515625 0.2125
0 0.28046875 0.2833333333333333 0.0109375 0.04722222222222222
0 0.577734375 0.2902777777777778 0.01484375 0.05
0 0.0984375 0.5402777777777777 0.0328125 0.09444444444444444
1 0.380859375 0.26666666666666666 0.02578125 0.058333333333333334
3 0.5140625 0.27152777777777776 0.0390625 0.07916666666666666
1 0.337890625 0.2833333333333333 0.02890625 0.05
