1 0.53984375 0.6798611111111111 0.0859375 0.12083333333333333
1 0.515625 0.5201388888888889 0.0625 0.08472222222222223
1 0.34140625 0.7763888888888889 0.1578125 0.16666666666666666
3 0.31953125 0.9013888888888889 0.284375 0.19722222222222222
0 0.471875 0.6208333333333333 0.0421875 0.1111111111111111
0 0.639453125 0.7354166666666667 0.03203125 0.14583333333333334
0 0.582421875 0.8625 0.04453125 0.16944444444444445
0 0.817578125 0.8722222222222222 0.05078125 0.18055555555555555
0 0.86640625 0.6659722222222222 0.03125 0.12361111111111112
0 0.795703125 0.6569444444444444 0.03515625 0.11666666666666667
0 0.760546875 0.6159722222222223 0.02734375 0.11527777777777778
0 0.680859375 0.61875 0.03203125 0.10972222222222222
