0 0.534765625 0.5763888888888888 0.03359375 0.1
0 0.637890625 0.5444444444444444 0.02890625 0.08055555555555556
0 0.673828125 0.6180555555555556 0.02734375 0.10277777777777777
0 0.6890625 0.54375 0.025 0.08472222222222223
0 0.72421875 0.65625 0.028125 0.11527777777777778
0 0.789453125 0.6256944444444444 0.03515625 0.12638888888888888
0 0.84375 0.6986111111111111 0.034375 0.13333333333333333
0 0.628125 0.6694444444444444 0.0265625 0.12777777777777777
0 0.578515625 0.6805555555555556 0.02890625 0.125
0 0.65546875 0.7791666666666667 0.034375 0.15
0 0.739453125 0.8840277777777777 0.04453125 0.16805555555555557
0 0.460546875 0.8694444444444445 0.04609375 0.16944444444444445
