1 0.185546875 0.2701388888888889 0.04921875 0.06527777777777778
1 0.2078125 0.24444444444444444 0.04375 0.07222222222222222
1 0.275390625 0.3368055555555556 0.08203125 0.13194444444444445
1 0.763671875 0.6826388888888889 0.17421875 0.24861111111111112
0 0.078515625 0.2763888888888889 0.01796875 0.06666666666666667
0 0.15 0.27847222222222223 0.01875 0.06527777777777778
0 0.165625 0.3388888888888889 0.03125 0.09166666666666666
0 0.09921875 0.39305555555555555 0.059375 0.125
0 0.34609375 0.24444444444444444 0.03125 0.05555555555555555
0 0.4140625 0.25555555555555554 0.040625 0.05555555555555555
0 0.508203125 0.3784722222222222 0.06796875 0.10972222222222222
0 0.223828125 0.7777777777777778 0.06796875 0.25833333333333336
