0 0.259375 0.8590277777777777 0.0359375 0.12361111111111112
0 0.31953125 0.6416666666666667 0.0375 0.09722222222222222
0 0.36171875 0.54375 0.021875 0.07083333333333333
0 0.578515625 0.5569444444444445 0.01953125 0.06666666666666667
0 0.597265625 0.55625 0.02109375 0.06527777777777778
0 0.499609375 0.44166666666666665 0.01484375 0.05
0 0.5203125 0.4361111111111111 0.015625 0.05555555555555555
0 0.4734375 0.4097222222222222 0.009375 0.03888888888888889
1 0.434765625 0.4361111111111111 0.03671875 0.07222222222222222
0 0.4890625 0.40694444444444444 0.0125 0.044444444444444446
