0 0.53359375 0.23819444444444443 0.0265625 0.09027777777777778
0 0.518359375 0.21319444444444444 0.02578125 0.08472222222222223
0 0.484375 0.25555555555555554 0.03125 0.1
0 0.39296875 0.39305555555555555 0.0515625 0.18333333333333332
0 0.331640625 0.3784722222222222 0.05546875 0.17916666666666667
0 0.176953125 0.44722222222222224 0.08671875 0.2222222222222222
0 0.34453125 0.8444444444444444 0.134375 0.3111111111111111
0 0.5296875 0.5645833333333333 0.075 0.2152777777777778
0 0.64296875 0.2791666666666667 0.0265625 0.09166666666666666
0 0.676953125 0.2708333333333333 0.02578125 0.07777777777777778
0 0.591015625 0.19166666666666668 0.02265625 0.06666666666666667
0 0.623828125 0.18125 0.01953125 0.059722222222222225
