0 0.13203125 0.5270833333333333 0.04375 0.14583333333333334
0 0.123828125 0.47708333333333336 0.06328125 0.11805555555555555
0 0.1953125 0.4375 0.0375 0.13055555555555556
0 0.173828125 0.35833333333333334 0.02734375 0.1
0 0.3796875 0.6784722222222223 0.0640625 0.22361111111111112
0 0.10625 0.2652777777777778 0.0109375 0.06111111111111111
0 0.119921875 0.24097222222222223 0.01328125 0.05138888888888889
3 0.360546875 0.33541666666666664 0.11640625 0.1736111111111111
1 0.428125 0.5680555555555555 0.1625 0.24722222222222223
1 0.20546875 0.31180555555555556 0.0515625 0.0763888888888889
