0 0.386328125 0.3541666666666667 0.05078125 0.16111111111111112
0 0.49296875 0.3548611111111111 0.053125 0.14305555555555555
0 0.54453125 0.42777777777777776 0.0453125 0.1638888888888889
0 0.607421875 0.3326388888888889 0.05078125 0.15416666666666667
0 0.68125 0.34791666666666665 0.0375 0.10972222222222222
0 0.058984375 0.8847222222222222 0.11796875 0.23055555555555557
1 0.39609375 0.8138888888888889 0.31875 0.37222222222222223
0 0.60546875 0.19166666666666668 0.0234375 0.05555555555555555
0 0.66875 0.23333333333333334 0.021875 0.06111111111111111
0 0.640625 0.1673611111111111 0.0171875 0.04583333333333333
