0 0.650390625 0.3034722222222222 0.02890625 0.09027777777777778
0 0.68515625 0.48055555555555557 0.04375 0.1527777777777778
0 0.517578125 0.4673611111111111 0.05859375 0.1875
0 0.363671875 0.4 0.05703125 0.17777777777777778
0 0.203515625 0.4875 0.08359375 0.21388888888888888
0 0.04296875 0.5597222222222222 0.0859375 0.275
0 0.183984375 0.9041666666666667 0.15703125 0.19166666666666668
0 0.6578125 0.2569444444444444 0.0171875 0.07222222222222222
0 0.630078125 0.18125 0.01484375 0.043055555555555555
0 0.675 0.2125 0.015625 0.058333333333333334
0 0.653515625 0.16319444444444445 0.01015625 0.04027777777777778
