0 0.371484375 0.6222222222222222 0.07578125 0.18333333333333332
0 0.7046875 0.42291666666666666 0.0203125 0.07083333333333333
0 0.6828125 0.7104166666666667 0.046875 0.1736111111111111
0 0.148828125 0.7145833333333333 0.09921875 0.2152777777777778
0 0.643359375 0.5854166666666667 0.03984375 0.12361111111111112
0 0.4796875 0.4979166666666667 0.040625 0.11527777777777778
0 0.305078125 0.5840277777777778 0.07265625 0.16527777777777777
0 0.677734375 0.41180555555555554 0.02109375 0.07083333333333333
0 0.776171875 0.5006944444444444 0.02578125 0.09027777777777778
0 0.721484375 0.5993055555555555 0.03515625 0.12361111111111112
0 0.7375 0.4888888888888889 0.0203125 0.07222222222222222
0 0.72734375 0.5229166666666667 0.025 0.06527777777777778
0 0.733984375 0.3854166666666667 0.01484375 0.05138888888888889
3 0.777734375 0.37430555555555556 0.03984375 0.07916666666666666
0 0.747265625 0.38819444444444445 0.01328125 0.04861111111111111
0 0.74921875 0.4618055555555556 0.0203125 0.07916666666666666
0 0.777734375 0.44513888888888886 0.01640625 0.05694444444444444
0 0.794140625 0.4395833333333333 0.01484375 0.06805555555555555
2 0.83515625 0.47638888888888886 0.0546875 0.11666666666666667
