0 0.921875 0.6034722222222222 0.0265625 0.07916666666666666
0 0.874609375 0.725 0.02890625 0.1388888888888889
0 0.838671875 0.65 0.02890625 0.125
0 0.74375 0.6131944444444445 0.021875 0.10694444444444444
0 0.773046875 0.6868055555555556 0.02578125 0.11527777777777778
0 0.7796875 0.6125 0.021875 0.08055555555555556
0 0.801953125 0.7270833333333333 0.03046875 0.12361111111111112
0 0.802734375 0.8222222222222222 0.04609375 0.1527777777777778
0 0.6921875 0.6111111111111112 0.025 0.10833333333333334
0 0.65703125 0.5611111111111111 0.021875 0.09166666666666666
0 0.6890625 0.5416666666666666 0.021875 0.058333333333333334
0 0.611328125 0.6465277777777778 0.02890625 0.12083333333333333
0 0.64375 0.7465277777777778 0.0375 0.13194444444444445
0 0.681640625 0.8118055555555556 0.02890625 0.1597222222222222
0 0.57734375 0.6861111111111111 0.028125 0.10555555555555556
0 0.593359375 0.8076388888888889 0.03671875 0.1486111111111111
0 0.55 0.7590277777777777 0.034375 0.14305555555555555
0 0.5 0.7875 0.040625 0.14166666666666666
0 0.45 0.7826388888888889 0.046875 0.14305555555555555
0 0.47265625 0.8506944444444444 0.04375 0.10138888888888889
0 0.527734375 0.9034722222222222 0.03984375 0.1763888888888889
0 0.56796875 0.9395833333333333 0.0484375 0.12083333333333333
0 0.65078125 0.9236111111111112 0.0453125 0.1527777777777778
0 0.456640625 0.9326388888888889 0.06796875 0.13472222222222222
0 0.374609375 0.9388888888888889 0.07578125 0.12222222222222222
0 0.84609375 0.9472222222222222 0.04375 0.10555555555555556
1 0.23359375 0.8951388888888889 0.2203125 0.20972222222222223
