0 0.781640625 0.7229166666666667 0.03515625 0.1597222222222222
0 0.689453125 0.7027777777777777 0.04140625 0.15555555555555556
0 0.666796875 0.8597222222222223 0.05703125 0.22777777777777777
0 0.535546875 0.8694444444444445 0.08046875 0.2361111111111111
1 0.56953125 0.6840277777777778 0.1421875 0.1875
0 0.765234375 0.5701388888888889 0.02578125 0.12083333333333333
0 0.804296875 0.5979166666666667 0.02578125 0.12083333333333333
0 0.830078125 0.5458333333333333 0.02265625 0.09722222222222222
1 0.77734375 0.4895833333333333 0.053125 0.08472222222222223
3 0.305859375 0.5631944444444444 0.61171875 0.6041666666666666
0 0.659375 0.4409722222222222 0.0203125 0.08472222222222223
0 0.680078125 0.4798611111111111 0.02109375 0.09861111111111111
0 0.734765625 0.4625 0.01640625 0.06944444444444445
0 0.719140625 0.4222222222222222 0.01640625 0.06944444444444445
0 0.742578125 0.39305555555555555 0.01015625 0.05
0 0.625390625 0.44305555555555554 0.02109375 0.08333333333333333
3 0.794140625 0.3888888888888889 0.07265625 0.125
