0 0.54375 0.5791666666666667 0.0328125 0.1111111111111111
0 0.57734375 0.5486111111111112 0.0234375 0.075
0 0.46328125 0.6006944444444444 0.028125 0.11805555555555555
0 0.40234375 0.6159722222222223 0.0328125 0.13472222222222222
0 0.3625 0.5493055555555556 0.0234375 0.07916666666666666
0 0.320703125 0.6451388888888889 0.02734375 0.10138888888888889
0 0.256640625 0.8652777777777778 0.03671875 0.14722222222222223
0 0.446484375 0.4375 0.03046875 0.05277777777777778
0 0.48359375 0.39861111111111114 0.0109375 0.03888888888888889
0 0.459765625 0.4013888888888889 0.01484375 0.041666666666666664
