0 0.446875 0.8798611111111111 0.05 0.1875
0 0.37890625 0.3402777777777778 0.01875 0.08888888888888889
0 0.36796875 0.7138888888888889 0.0359375 0.17777777777777778
0 0.325390625 0.9090277777777778 0.05390625 0.1736111111111111
0 0.34765625 0.3819444444444444 0.0140625 0.09444444444444444
0 0.626953125 0.31180555555555556 0.02109375 0.08194444444444444
0 0.313671875 0.6868055555555556 0.03828125 0.16805555555555557
0 0.02578125 0.4354166666666667 0.0515625 0.09861111111111111
0 0.08359375 0.7694444444444445 0.04375 0.2
0 0.24609375 0.5451388888888888 0.0296875 0.13472222222222222
0 0.309375 0.4791666666666667 0.021875 0.11944444444444445
0 0.68125 0.3263888888888889 0.025 0.07777777777777778
0 0.706640625 0.9479166666666666 0.05546875 0.10416666666666667
0 0.3359375 0.5444444444444444 0.0265625 0.1388888888888889
0 0.23515625 0.9347222222222222 0.059375 0.13055555555555556
0 0.32109375 0.3645833333333333 0.01875 0.09305555555555556
0 0.262890625 0.475 0.02578125 0.11666666666666667
0 0.2734375 0.6291666666666667 0.0328125 0.14722222222222223
0 0.340625 0.29791666666666666 0.01875 0.0763888888888889
0 0.654296875 0.3368055555555556 0.01953125 0.08194444444444444
0 0.103125 0.3923611111111111 0.059375 0.0875
0 0.390625 0.45416666666666666 0.0234375 0.11666666666666667
0 0.823828125 0.4618055555555556 0.03828125 0.08472222222222223
0 0.01015625 0.35208333333333336 0.0203125 0.09305555555555556
0 0.407421875 0.2534722222222222 0.01484375 0.06805555555555555
0 0.603125 0.34097222222222223 0.0296875 0.07361111111111111
0 0.58046875 0.22430555555555556 0.0171875 0.05694444444444444
0 0.37109375 0.26875 0.01875 0.07083333333333333
0 0.073046875 0.36527777777777776 0.05390625 0.075
1 0.573828125 0.5090277777777777 0.06796875 0.12916666666666668
1 0.65859375 0.4673611111111111 0.0734375 0.10138888888888889
1 0.627734375 0.7826388888888889 0.13359375 0.24861111111111112
1 0.549609375 0.32708333333333334 0.09453125 0.09583333333333334
1 0.555859375 0.3784722222222222 0.04921875 0.10972222222222222
1 0.440625 0.3034722222222222 0.0421875 0.09583333333333334
2 0.8359375 0.7152777777777778 0.328125 0.5694444444444444
