0 0.259375 0.8715277777777778 0.0375 0.15416666666666667
0 0.62890625 0.9229166666666667 0.0640625 0.15416666666666667
0 0.468359375 0.525 0.02265625 0.08888888888888889
0 0.5453125 0.5520833333333334 0.0265625 0.10694444444444444
0 0.574609375 0.5451388888888888 0.01796875 0.06527777777777778
0 0.598046875 0.5506944444444445 0.02265625 0.07083333333333333
1 0.425390625 0.4951388888888889 0.05546875 0.09861111111111111
0 0.3640625 0.5520833333333334 0.025 0.08194444444444444
0 0.320703125 0.6430555555555556 0.03046875 0.10277777777777777
0 0.480078125 0.475 0.01953125 0.075
0 0.523046875 0.4479166666666667 0.01484375 0.0625
0 0.45234375 0.4236111111111111 0.015625 0.04722222222222222
