0 0.901953125 0.88125 0.06640625 0.18194444444444444
0 0.844921875 0.7402777777777778 0.04609375 0.16111111111111112
0 0.37109375 0.8277777777777777 0.075 0.18055555555555555
0 0.74453125 0.5631944444444444 0.034375 0.13194444444444445
0 0.283984375 0.4777777777777778 0.02421875 0.13055555555555556
0 0.13671875 0.5333333333333333 0.0515625 0.11388888888888889
0 0.199609375 0.7381944444444445 0.05234375 0.1597222222222222
0 0.823046875 0.5729166666666666 0.03203125 0.12638888888888888
0 0.275 0.6680555555555555 0.059375 0.15
0 0.51875 0.3548611111111111 0.0203125 0.09027777777777778
0 0.501953125 0.41944444444444445 0.02578125 0.10833333333333334
0 0.926171875 0.7111111111111111 0.05078125 0.15
0 0.669140625 0.3159722222222222 0.02109375 0.08472222222222223
0 0.03671875 0.45208333333333334 0.0515625 0.09305555555555556
0 0.395703125 0.6701388888888888 0.03671875 0.16805555555555557
0 0.184375 0.5041666666666667 0.0546875 0.10833333333333334
0 0.260546875 0.3680555555555556 0.01953125 0.08611111111111111
0 0.290234375 0.35208333333333336 0.02578125 0.08472222222222223
0 0.712109375 0.3715277777777778 0.03359375 0.0875
0 0.6796875 0.45555555555555555 0.0265625 0.11388888888888889
0 0.04140625 0.9493055555555555 0.0640625 0.10138888888888889
0 0.0328125 0.5451388888888888 0.0515625 0.11527777777777778
0 0.50390625 0.3263888888888889 0.0234375 0.08333333333333333
0 0.2421875 0.41944444444444445 0.025 0.10555555555555556
0 0.814453125 0.4375 0.03359375 0.08611111111111111
1 0.73046875 0.9430555555555555 0.153125 0.11388888888888889
1 0.588671875 0.49166666666666664 0.07578125 0.16666666666666666
1 0.34609375 0.33958333333333335 0.059375 0.09861111111111111
1 0.330078125 0.17152777777777778 0.03671875 0.05416666666666667
3 0.602734375 0.33958333333333335 0.06796875 0.15138888888888888
3 0.556640625 0.2673611111111111 0.03671875 0.08194444444444444
3 0.441796875 0.3680555555555556 0.06953125 0.20277777777777778
