0 0.166796875 0.8229166666666666 0.03984375 0.2013888888888889
0 0.1734375 0.49236111111111114 0.025 0.12638888888888888
0 0.628125 0.8083333333333333 0.0546875 0.16944444444444445
0 0.03984375 0.8104166666666667 0.046875 0.21805555555555556
0 0.823046875 0.6888888888888889 0.03984375 0.16111111111111112
0 0.745703125 0.6291666666666667 0.03828125 0.14166666666666666
0 0.549609375 0.7673611111111112 0.04296875 0.16805555555555557
0 0.55234375 0.3145833333333333 0.0171875 0.08472222222222223
0 0.668359375 0.39652777777777776 0.02421875 0.09305555555555556
0 0.721484375 0.5048611111111111 0.05234375 0.10138888888888889
0 0.581640625 0.34444444444444444 0.01640625 0.09166666666666666
0 0.61484375 0.325 0.0140625 0.08333333333333333
0 0.820703125 0.5743055555555555 0.03359375 0.12083333333333333
0 0.753515625 0.49166666666666664 0.03046875 0.1111111111111111
0 0.700390625 0.42569444444444443 0.02890625 0.10694444444444444
0 0.648828125 0.3416666666666667 0.01953125 0.09166666666666666
0 0.794140625 0.7875 0.03671875 0.14722222222222223
0 0.7390625 0.39861111111111114 0.0296875 0.09444444444444444
0 0.401953125 0.3298611111111111 0.01796875 0.09305555555555556
0 0.93203125 0.7409722222222223 0.0578125 0.14583333333333334
0 0.901953125 0.6333333333333333 0.04296875 0.13333333333333333
0 0.96328125 0.9298611111111111 0.053125 0.14027777777777778
0 0.887109375 0.8673611111111111 0.05703125 0.1875
0 0.8859375 0.7159722222222222 0.053125 0.14583333333333334
0 0.690234375 0.35208333333333336 0.02578125 0.08472222222222223
0 0.51953125 0.23333333333333334 0.015625 0.06388888888888888
0 0.98046875 0.88125 0.03125 0.14305555555555555
0 0.08046875 0.3645833333333333 0.0484375 0.0625
0 0.575390625 0.25833333333333336 0.01484375 0.058333333333333334
0 0.5890625 0.2965277777777778 0.0140625 0.06805555555555555
0 0.6359375 0.2701388888888889 0.015625 0.0625
1 0.548828125 0.22361111111111112 0.03359375 0.06944444444444445
1 0.67578125 0.6708333333333333 0.09375 0.22777777777777777
1 0.41484375 0.24375 0.0296875 0.0625
1 0.555859375 0.60625 0.09140625 0.16527777777777777
2 0.284765625 0.425 0.15703125 0.2638888888888889
3 0.409375 0.5333333333333333 0.115625 0.3416666666666667
3 0.4640625 0.20069444444444445 0.03125 0.08472222222222223
3 0.4625 0.39375 0.0546875 0.16527777777777777
3 0.45625 0.3090277777777778 0.05 0.11805555555555555
3 0.371875 0.2986111111111111 0.034375 0.08888888888888889
0 0.3609375 0.35347222222222224 0.015625 0.0625
