3 0.2171875 0.22291666666666668 0.06875 0.0875
3 0.36640625 0.23541666666666666 0.1375 0.10972222222222222
1 0.14453125 0.27847222222222223 0.053125 0.09861111111111111
1 0.18203125 0.2590277777777778 0.046875 0.06527777777777778
1 0.303125 0.3375 0.0765625 0.1
1 0.453125 0.4354166666666667 0.1453125 0.1763888888888889
0 0.0578125 0.2604166666666667 0.0140625 0.05138888888888889
0 0.080078125 0.25555555555555554 0.02265625 0.05555555555555555
0 0.103125 0.2638888888888889 0.015625 0.05555555555555555
0 0.12578125 0.3451388888888889 0.0234375 0.07916666666666666
0 0.14609375 0.3902777777777778 0.028125 0.10555555555555556
0 0.31171875 0.27291666666666664 0.0375 0.06805555555555555
0 0.21484375 0.5097222222222222 0.0453125 0.14722222222222223
0 0.290625 0.6027777777777777 0.0671875 0.18888888888888888
0 0.80625 0.6493055555555556 0.071875 0.18194444444444444
