0 0.4875 0.9104166666666667 0.0609375 0.17916666666666667
0 0.505078125 0.7722222222222223 0.04140625 0.15833333333333333
0 0.58671875 0.68125 0.0375 0.14305555555555555
0 0.518359375 0.6138888888888889 0.02734375 0.11666666666666667
0 0.479296875 0.68125 0.03046875 0.14583333333333334
0 0.260546875 0.8583333333333333 0.03359375 0.125
0 0.544921875 0.4965277777777778 0.02421875 0.07361111111111111
0 0.576171875 0.5479166666666667 0.02265625 0.0763888888888889
0 0.59921875 0.55 0.0234375 0.075
0 0.3203125 0.6423611111111112 0.034375 0.09861111111111111
0 0.36171875 0.5444444444444444 0.01875 0.06111111111111111
1 0.480859375 0.4666666666666667 0.04765625 0.1
1 0.428515625 0.46597222222222223 0.04453125 0.08194444444444444
