0 0.59609375 0.9090277777777778 0.071875 0.18194444444444444
0 0.276171875 0.6819444444444445 0.09140625 0.19444444444444445
0 0.085546875 0.7666666666666667 0.11484375 0.21944444444444444
0 0.554296875 0.5347222222222222 0.04296875 0.12777777777777777
0 0.504296875 0.4736111111111111 0.03828125 0.09722222222222222
0 0.582421875 0.49236111111111114 0.02421875 0.10416666666666667
0 0.657421875 0.47708333333333336 0.02421875 0.09305555555555556
0 0.639453125 0.41597222222222224 0.01484375 0.06805555555555555
0 0.692578125 0.4222222222222222 0.01796875 0.06944444444444445
0 0.76171875 0.5298611111111111 0.0265625 0.10138888888888889
0 0.80234375 0.5159722222222223 0.0203125 0.09861111111111111
0 0.78046875 0.4840277777777778 0.0171875 0.08472222222222223
0 0.832421875 0.4777777777777778 0.01796875 0.075
0 0.742578125 0.4173611111111111 0.01796875 0.06805555555555555
0 0.715234375 0.41041666666666665 0.01484375 0.0625
