0 0.83046875 0.65 0.025 0.14166666666666666
0 0.78671875 0.5576388888888889 0.025 0.10694444444444444
0 0.824609375 0.53125 0.01953125 0.09305555555555556
0 0.753125 0.6326388888888889 0.028125 0.1486111111111111
0 0.656640625 0.7625 0.03984375 0.16666666666666666
0 0.70703125 0.8520833333333333 0.0484375 0.22083333333333333
0 0.46640625 0.88125 0.075 0.22361111111111112
0 0.318359375 0.6583333333333333 0.08515625 0.18333333333333332
0 0.4765625 0.53125 0.046875 0.13472222222222222
0 0.590234375 0.4527777777777778 0.02421875 0.09166666666666666
0 0.622265625 0.4513888888888889 0.01484375 0.058333333333333334
2 0.639453125 0.5763888888888888 0.14453125 0.2
3 0.76328125 0.4083333333333333 0.1 0.17777777777777778
0 0.482421875 0.4375 0.02421875 0.08611111111111111
