0 0.13671875 0.7041666666666667 0.0953125 0.17777777777777778
0 0.6359375 0.8222222222222222 0.0546875 0.19722222222222222
0 0.81484375 0.6027777777777777 0.028125 0.11388888888888889
0 0.719921875 0.4097222222222222 0.01640625 0.06111111111111111
0 0.753125 0.8555555555555555 0.053125 0.20277777777777778
0 0.73828125 0.4076388888888889 0.0171875 0.05416666666666667
0 0.67421875 0.4201388888888889 0.0171875 0.0625
0 0.783203125 0.6833333333333333 0.03828125 0.15
0 0.781640625 0.5076388888888889 0.02578125 0.09027777777777778
0 0.244921875 0.5965277777777778 0.06640625 0.10694444444444444
0 0.8015625 0.5409722222222222 0.025 0.08472222222222223
0 0.8359375 0.5444444444444444 0.0203125 0.1
0 0.815234375 0.5048611111111111 0.01953125 0.08194444444444444
0 0.843359375 0.4444444444444444 0.01640625 0.06111111111111111
0 0.82109375 0.4736111111111111 0.015625 0.058333333333333334
0 0.25546875 0.7243055555555555 0.06875 0.20972222222222223
1 0.744140625 0.4826388888888889 0.05546875 0.0875
3 0.476953125 0.6520833333333333 0.39609375 0.5541666666666667
0 0.140625 0.9090277777777778 0.15625 0.18194444444444444
3 0.69296875 0.5423611111111111 0.05 0.16805555555555557
1 0.783203125 0.44375 0.04296875 0.06805555555555555
0 0.94296875 0.8888888888888888 0.0890625 0.10277777777777777
0 0.925 0.8291666666666667 0.0734375 0.11388888888888889
