3 0.248828125 0.49583333333333335 0.08671875 0.18888888888888888
3 0.201953125 0.80625 0.16953125 0.3875
0 0.08203125 0.5701388888888889 0.034375 0.0875
1 0.48984375 0.41944444444444445 0.0546875 0.075
1 0.633984375 0.8652777777777778 0.13828125 0.2388888888888889
2 0.73984375 0.2611111111111111 0.209375 0.12222222222222222
0 0.802734375 0.35347222222222224 0.02109375 0.0763888888888889
0 0.90625 0.6986111111111111 0.040625 0.14444444444444443
0 0.965234375 0.8284722222222223 0.05703125 0.18472222222222223
0 0.9828125 0.6159722222222223 0.034375 0.11527777777777778
