0 0.105859375 0.3020833333333333 0.02421875 0.0763888888888889
0 0.12578125 0.38819444444444445 0.0296875 0.09861111111111111
0 0.342578125 0.2465277777777778 0.03671875 0.06805555555555555
0 0.295703125 0.34930555555555554 0.03046875 0.09027777777777778
0 0.3453125 0.38125 0.0640625 0.10138888888888889
0 0.40703125 0.24722222222222223 0.03125 0.07222222222222222
0 0.430859375 0.2569444444444444 0.03359375 0.06388888888888888
0 0.505859375 0.25763888888888886 0.03515625 0.059722222222222225
3 0.68984375 0.42291666666666666 0.1046875 0.21805555555555556
3 0.67109375 0.7069444444444445 0.38125 0.5583333333333333
1 0.2046875 0.2548611111111111 0.0421875 0.059722222222222225
1 0.1765625 0.37083333333333335 0.0625 0.10833333333333334
1 0.257421875 0.35208333333333336 0.08984375 0.12638888888888888
1 0.3078125 0.48333333333333334 0.1296875 0.20833333333333334
