0 0.807421875 0.4895833333333333 0.02109375 0.07916666666666666
0 0.30078125 0.6270833333333333 0.0734375 0.18472222222222223
0 0.41640625 0.5604166666666667 0.0546875 0.16527777777777777
0 0.178515625 0.7326388888888888 0.10703125 0.22361111111111112
0 0.829296875 0.5340277777777778 0.02265625 0.09027777777777778
0 0.672265625 0.42291666666666666 0.02109375 0.07083333333333333
0 0.49921875 0.5548611111111111 0.0515625 0.1375
0 0.588671875 0.4777777777777778 0.03515625 0.1
0 0.13515625 0.6819444444444445 0.075 0.17777777777777778
0 0.783984375 0.6027777777777777 0.03515625 0.11666666666666667
0 0.744140625 0.8548611111111111 0.05234375 0.18472222222222223
0 0.807421875 0.9333333333333333 0.04609375 0.13333333333333333
0 0.838671875 0.47708333333333336 0.01640625 0.0625
0 0.75234375 0.7013888888888888 0.040625 0.14444444444444443
0 0.602734375 0.45208333333333334 0.02421875 0.08472222222222223
0 0.478125 0.46944444444444444 0.0421875 0.07777777777777778
1 0.6578125 0.5972222222222222 0.1296875 0.14444444444444443
3 0.727734375 0.4722222222222222 0.08984375 0.16111111111111112
3 0.7859375 0.40555555555555556 0.0921875 0.20833333333333334
0 0.48984375 0.5326388888888889 0.0515625 0.12638888888888888
0 0.2515625 0.5909722222222222 0.0765625 0.11805555555555555
0 0.55546875 0.42569444444444443 0.04375 0.059722222222222225
0 0.934375 0.9013888888888889 0.075 0.1111111111111111
0 0.928125 0.8354166666666667 0.0765625 0.10138888888888889
0 0.830859375 0.4909722222222222 0.01796875 0.06527777777777778
