0 0.3140625 0.6340277777777777 0.08125 0.1875
0 0.387890625 0.5819444444444445 0.06640625 0.15555555555555556
0 0.847265625 0.4736111111111111 0.01796875 0.06944444444444445
0 0.7625 0.6576388888888889 0.0375 0.15138888888888888
0 0.79375 0.5618055555555556 0.0265625 0.10416666666666667
0 0.825 0.5388888888888889 0.0265625 0.1
0 0.8359375 0.6138888888888889 0.0265625 0.12222222222222222
0 0.815625 0.475 0.015625 0.06388888888888888
0 0.829296875 0.49166666666666664 0.01640625 0.06666666666666667
3 0.62265625 0.5263888888888889 0.2171875 0.3416666666666667
3 0.752734375 0.3875 0.04453125 0.07777777777777778
0 0.250390625 0.5951388888888889 0.07890625 0.11527777777777778
0 0.34765625 0.5034722222222222 0.0640625 0.12638888888888888
0 0.383984375 0.4652777777777778 0.02734375 0.08333333333333333
0 0.396484375 0.5152777777777777 0.03203125 0.09444444444444444
0 0.914453125 0.825 0.05390625 0.08611111111111111
0 0.9328125 0.8944444444444445 0.0671875 0.11388888888888889
3 0.74375 0.4875 0.0265625 0.11944444444444445
3 0.7828125 0.3784722222222222 0.0265625 0.06527777777777778
1 0.7640625 0.46458333333333335 0.04375 0.09305555555555556
1 0.787109375 0.44027777777777777 0.03984375 0.075
