0 0.4953125 0.38055555555555554 0.06875 0.08611111111111111
0 0.16484375 0.39444444444444443 0.034375 0.1111111111111111
0 0.223828125 0.3611111111111111 0.05546875 0.08333333333333333
0 0.430078125 0.25277777777777777 0.03359375 0.058333333333333334
0 0.496875 0.2652777777777778 0.03125 0.06388888888888888
0 0.109375 0.31319444444444444 0.021875 0.0763888888888889
0 0.0984375 0.2743055555555556 0.0171875 0.0625
0 0.08828125 0.25416666666666665 0.0125 0.05555555555555555
0 0.218359375 0.24166666666666667 0.02109375 0.058333333333333334
2 0.740625 0.6722222222222223 0.2703125 0.4111111111111111
1 0.377734375 0.6388888888888888 0.16640625 0.25555555555555554
1 0.73125 0.42083333333333334 0.1109375 0.11388888888888889
1 0.434375 0.44166666666666665 0.1125 0.1361111111111111
1 0.233984375 0.30277777777777776 0.05546875 0.075
1 0.18046875 0.2590277777777778 0.0390625 0.05416666666666667
1 0.13359375 0.2701388888888889 0.0375 0.059722222222222225
1 0.14296875 0.22847222222222222 0.025 0.043055555555555555
1 0.170703125 0.2111111111111111 0.03046875 0.041666666666666664
