0 0.137890625 0.3111111111111111 0.01953125 0.075
0 0.136328125 0.42291666666666666 0.03203125 0.12083333333333333
0 0.228515625 0.4201388888888889 0.06015625 0.12083333333333333
1 0.195703125 0.33125 0.06484375 0.09305555555555556
1 0.431640625 0.7055555555555556 0.23046875 0.36666666666666664
1 0.388671875 0.35625 0.07421875 0.11527777777777778
3 0.1671875 0.24305555555555555 0.0453125 0.09722222222222222
3 0.198046875 0.22152777777777777 0.06171875 0.09027777777777778
3 0.254296875 0.25972222222222224 0.06171875 0.1111111111111111
3 0.332421875 0.4 0.13515625 0.23055555555555557
3 0.641015625 0.3402777777777778 0.14609375 0.15833333333333333
3 0.61875 0.6555555555555556 0.3328125 0.5083333333333333
