0 0.798828125 0.4625 0.01640625 0.06666666666666667
0 0.1078125 0.775 0.1140625 0.21388888888888888
0 0.69921875 0.4111111111111111 0.025 0.06666666666666667
0 0.590234375 0.64375 0.05078125 0.15138888888888888
0 0.2796875 0.6569444444444444 0.096875 0.19444444444444445
0 0.422265625 0.5611111111111111 0.05859375 0.15555555555555556
0 0.768359375 0.4756944444444444 0.01953125 0.0625
0 0.81640625 0.4375 0.0140625 0.05277777777777778
0 0.72734375 0.5520833333333334 0.03125 0.12083333333333333
0 0.7421875 0.4486111111111111 0.01875 0.06111111111111111
0 0.7828125 0.43680555555555556 0.0140625 0.059722222222222225
0 0.7484375 0.5201388888888889 0.021875 0.09027777777777778
0 0.8515625 0.5493055555555556 0.0265625 0.09305555555555556
2 0.786328125 0.6 0.10234375 0.2222222222222222
0 0.773046875 0.40694444444444444 0.01328125 0.05277777777777778
