0 0.437890625 0.8326388888888889 0.04296875 0.21805555555555556
0 0.52890625 0.5513888888888889 0.025 0.10277777777777777
0 0.575 0.5493055555555556 0.025 0.07361111111111111
0 0.262109375 0.8527777777777777 0.04140625 0.11944444444444445
0 0.3203125 0.6375 0.0296875 0.10555555555555556
0 0.362109375 0.5486111111111112 0.02109375 0.08055555555555556
0 0.466796875 0.4534722222222222 0.01484375 0.0625
0 0.48125 0.44583333333333336 0.0140625 0.06388888888888888
0 0.497265625 0.4361111111111111 0.01484375 0.05277777777777778
0 0.491015625 0.39375 0.01015625 0.034722222222222224
0 0.45234375 0.4479166666666667 0.0140625 0.0625
