0 0.49765625 0.4666666666666667 0.0453125 0.2
0 0.426171875 0.5326388888888889 0.04765625 0.21805555555555556
0 0.240625 0.4270833333333333 0.06875 0.20416666666666666
0 0.341796875 0.90625 0.17890625 0.18472222222222223
0 0.571484375 0.44375 0.03828125 0.14583333333333334
0 0.632421875 0.3958333333333333 0.03359375 0.125
0 0.65 0.3090277777777778 0.0265625 0.10138888888888889
0 0.600390625 0.19027777777777777 0.01796875 0.06944444444444445
0 0.62109375 0.17430555555555555 0.0171875 0.05138888888888889
0 0.676953125 0.21944444444444444 0.01640625 0.06111111111111111
