0 0.299609375 0.4388888888888889 0.06953125 0.19722222222222222
0 0.48671875 0.5618055555555556 0.06875 0.22083333333333333
0 0.57890625 0.5770833333333333 0.0609375 0.20416666666666666
0 0.145703125 0.8756944444444444 0.14609375 0.24861111111111112
0 0.45703125 0.2791666666666667 0.0375 0.11666666666666667
0 0.5171875 0.2875 0.028125 0.1111111111111111
0 0.540625 0.2111111111111111 0.021875 0.07777777777777778
0 0.576171875 0.2111111111111111 0.02109375 0.06944444444444445
0 0.6046875 0.21875 0.01875 0.07083333333333333
0 0.56640625 0.25416666666666665 0.028125 0.08611111111111111
0 0.570703125 0.34652777777777777 0.03671875 0.12916666666666668
0 0.651171875 0.33958333333333335 0.03046875 0.10416666666666667
0 0.6734375 0.25833333333333336 0.01875 0.06666666666666667
