1 0.549609375 0.5298611111111111 0.06328125 0.10138888888888889
1 0.404296875 0.6375 0.12265625 0.125
1 0.433203125 0.7263888888888889 0.13359375 0.14444444444444443
0 0.103515625 0.8243055555555555 0.07734375 0.15138888888888888
0 0.67578125 0.5333333333333333 0.015625 0.05
0 0.676953125 0.6027777777777777 0.01640625 0.10277777777777777
0 0.696875 0.6263888888888889 0.01875 0.11666666666666667
0 0.73125 0.6354166666666666 0.0203125 0.11805555555555555
0 0.773828125 0.6520833333333333 0.02265625 0.12361111111111112
0 0.8109375 0.6784722222222223 0.03125 0.13194444444444445
0 0.86953125 0.7236111111111111 0.0375 0.14722222222222223
0 0.72109375 0.8097222222222222 0.0359375 0.1638888888888889
