0 0.35390625 0.28402777777777777 0.01875 0.08472222222222223
0 0.82890625 0.6166666666666667 0.0359375 0.1361111111111111
0 0.393359375 0.33611111111111114 0.02109375 0.08888888888888889
0 0.321875 0.4395833333333333 0.021875 0.09583333333333334
0 0.112890625 0.48125 0.06015625 0.10972222222222222
0 0.290625 0.4527777777777778 0.040625 0.10833333333333334
0 0.871484375 0.7402777777777778 0.05078125 0.15
0 0.353125 0.475 0.0296875 0.11388888888888889
0 0.512109375 0.47430555555555554 0.03046875 0.12361111111111112
0 0.110546875 0.38055555555555554 0.05390625 0.08611111111111111
0 0.296484375 0.33958333333333335 0.02578125 0.0875
0 0.90703125 0.6708333333333333 0.0421875 0.14444444444444443
0 0.1890625 0.36944444444444446 0.046875 0.08888888888888889
0 0.398046875 0.5604166666666667 0.03046875 0.13472222222222222
0 0.401171875 0.25625 0.01328125 0.06805555555555555
0 0.370703125 0.5319444444444444 0.02734375 0.125
0 0.6015625 0.2847222222222222 0.01875 0.07777777777777778
0 0.065234375 0.45 0.06640625 0.1
0 0.963671875 0.8104166666666667 0.05234375 0.1763888888888889
0 0.56328125 0.22569444444444445 0.0171875 0.059722222222222225
0 0.9875 0.9368055555555556 0.0234375 0.12361111111111112
0 0.384765625 0.23125 0.01328125 0.059722222222222225
0 0.427734375 0.21736111111111112 0.01328125 0.0625
0 0.594921875 0.24097222222222223 0.01640625 0.0625
0 0.0109375 0.33958333333333335 0.01875 0.09027777777777778
1 0.69609375 0.61875 0.1203125 0.1763888888888889
1 0.3640625 0.7944444444444444 0.225 0.21388888888888888
1 0.660546875 0.40347222222222223 0.06796875 0.12638888888888888
1 0.54375 0.18472222222222223 0.025 0.05277777777777778
1 0.4609375 0.20069444444444445 0.025 0.059722222222222225
3 0.808203125 0.8611111111111112 0.28359375 0.2777777777777778
0 0.322265625 0.3736111111111111 0.02265625 0.05
