0 0.413671875 0.7298611111111111 0.07890625 0.23472222222222222
0 0.2796875 0.6708333333333333 0.0578125 0.20277777777777778
0 0.310546875 0.5430555555555555 0.04765625 0.1527777777777778
0 0.4046875 0.2638888888888889 0.0390625 0.058333333333333334
0 0.448828125 0.2604166666666667 0.03828125 0.059722222222222225
0 0.088671875 0.26944444444444443 0.01796875 0.06388888888888888
0 0.15859375 0.28402777777777777 0.028125 0.07361111111111111
0 0.257421875 0.24930555555555556 0.03203125 0.05416666666666667
0 0.12578125 0.3145833333333333 0.0203125 0.07083333333333333
0 0.180078125 0.3819444444444444 0.06015625 0.10277777777777777
0 0.262890625 0.3784722222222222 0.05703125 0.09583333333333334
0 0.180859375 0.4652777777777778 0.02734375 0.13333333333333333
