0 0.12734375 0.7569444444444444 0.0421875 0.19444444444444445
0 0.276171875 0.7041666666666667 0.03828125 0.1638888888888889
0 0.776171875 0.6347222222222222 0.03203125 0.14166666666666666
0 0.86015625 0.6743055555555556 0.0453125 0.15416666666666667
0 0.642578125 0.34097222222222223 0.02109375 0.09305555555555556
0 0.884375 0.91875 0.0625 0.1375
0 0.364453125 0.9118055555555555 0.06796875 0.15694444444444444
0 0.55546875 0.7034722222222223 0.0421875 0.18194444444444444
0 0.385546875 0.43333333333333335 0.02421875 0.10277777777777777
0 0.406640625 0.3715277777777778 0.02421875 0.09583333333333334
0 0.669140625 0.41388888888888886 0.02421875 0.10555555555555556
0 0.71171875 0.4354166666666667 0.025 0.10694444444444444
0 0.80625 0.5729166666666666 0.0265625 0.12638888888888888
0 0.601953125 0.48194444444444445 0.03671875 0.1111111111111111
0 0.742578125 0.5229166666666667 0.02890625 0.11805555555555555
0 0.707421875 0.6138888888888889 0.03359375 0.13055555555555556
0 0.605078125 0.32569444444444445 0.01953125 0.08472222222222223
0 0.251171875 0.6138888888888889 0.03359375 0.125
0 0.278125 0.3541666666666667 0.028125 0.08055555555555556
0 0.192578125 0.9118055555555555 0.04921875 0.15694444444444444
0 0.26171875 0.5055555555555555 0.0578125 0.10555555555555556
0 0.672265625 0.325 0.02109375 0.08333333333333333
0 0.687109375 0.49444444444444446 0.02734375 0.1111111111111111
0 0.2296875 0.43819444444444444 0.04375 0.10138888888888889
0 0.5734375 0.29791666666666666 0.0171875 0.06805555555555555
0 0.184765625 0.6444444444444445 0.03828125 0.15
0 0.01171875 0.49236111111111114 0.0234375 0.09305555555555556
0 0.355078125 0.3472222222222222 0.02890625 0.08055555555555556
0 0.813671875 0.43680555555555556 0.03203125 0.09027777777777778
0 0.37890625 0.27152777777777776 0.0171875 0.07083333333333333
0 0.07421875 0.9493055555555555 0.0625 0.09861111111111111
0 0.39453125 0.28125 0.0203125 0.0625
0 0.696484375 0.38055555555555554 0.02734375 0.08888888888888889
1 0.39375 0.6631944444444444 0.171875 0.2152777777777778
1 0.51796875 0.2048611111111111 0.0296875 0.0625
1 0.31640625 0.3958333333333333 0.046875 0.125
1 0.96484375 0.49236111111111114 0.0671875 0.12083333333333333
1 0.3234375 0.1701388888888889 0.0375 0.07916666666666666
3 0.501953125 0.3013888888888889 0.13203125 0.13333333333333333
