0 0.918359375 0.6208333333333333 0.03046875 0.09166666666666666
0 0.44375 0.5368055555555555 0.0171875 0.05138888888888889
0 0.59921875 0.5847222222222223 0.0203125 0.09444444444444444
0 0.55390625 0.6305555555555555 0.021875 0.10555555555555556
0 0.493359375 0.7798611111111111 0.03671875 0.12916666666666668
0 0.44140625 0.7819444444444444 0.034375 0.16111111111111112
0 0.4703125 0.9548611111111112 0.0546875 0.09027777777777778
0 0.614453125 0.6777777777777778 0.02109375 0.12222222222222222
0 0.642578125 0.6069444444444444 0.01953125 0.1111111111111111
0 0.69609375 0.5486111111111112 0.01875 0.075
0 0.728125 0.5715277777777777 0.0203125 0.08472222222222223
0 0.6984375 0.6604166666666667 0.0328125 0.10138888888888889
0 0.65 0.7395833333333334 0.028125 0.12361111111111112
0 0.63046875 0.8555555555555555 0.0390625 0.16111111111111112
0 0.8140625 0.7284722222222222 0.0328125 0.1486111111111111
0 0.888671875 0.7361111111111112 0.03671875 0.14722222222222223
0 0.7109375 0.8354166666666667 0.0390625 0.12916666666666668
0 0.7015625 0.9347222222222222 0.046875 0.12222222222222222
0 0.839453125 0.95625 0.06640625 0.07083333333333333
0 0.643359375 0.5305555555555556 0.02109375 0.06666666666666667
1 0.57109375 0.5340277777777778 0.05625 0.07916666666666666
1 0.462109375 0.6034722222222222 0.08359375 0.10972222222222222
