0 0.596484375 0.8229166666666666 0.04921875 0.20972222222222223
0 0.411328125 0.6701388888888888 0.02890625 0.15416666666666667
0 0.26171875 0.8680555555555556 0.03125 0.1388888888888889
0 0.51015625 0.5986111111111111 0.0234375 0.11666666666666667
0 0.549609375 0.5291666666666667 0.01953125 0.09166666666666666
0 0.574609375 0.5479166666666667 0.02109375 0.06805555555555555
1 0.460546875 0.4722222222222222 0.03984375 0.07222222222222222
0 0.5140625 0.4979166666666667 0.021875 0.0763888888888889
0 0.319921875 0.6409722222222223 0.02890625 0.09305555555555556
0 0.36015625 0.5423611111111111 0.01875 0.043055555555555555
0 0.53125 0.45208333333333334 0.0125 0.05138888888888889
