0 0.33125 0.35 0.065625 0.15833333333333333
0 0.41484375 0.3326388888888889 0.0515625 0.1736111111111111
0 0.46875 0.25625 0.0359375 0.10416666666666667
0 0.528515625 0.31527777777777777 0.04140625 0.11388888888888889
0 0.58125 0.34097222222222223 0.0359375 0.13194444444444445
0 0.630859375 0.33958333333333335 0.03671875 0.11805555555555555
0 0.65234375 0.45 0.0484375 0.1527777777777778
0 0.684375 0.47708333333333336 0.0546875 0.16527777777777777
0 0.37890625 0.6722222222222223 0.090625 0.26666666666666666
0 0.654296875 0.2722222222222222 0.02109375 0.09166666666666666
0 0.641796875 0.22083333333333333 0.01953125 0.075
0 0.62890625 0.1798611111111111 0.015625 0.04583333333333333
0 0.688671875 0.24027777777777778 0.01796875 0.06388888888888888
