0 0.26015625 0.8395833333333333 0.059375 0.18472222222222223
0 0.59765625 0.5472222222222223 0.028125 0.12222222222222222
0 0.1765625 0.8430555555555556 0.0484375 0.18888888888888888
0 0.3796875 0.4625 0.028125 0.10555555555555556
0 0.464453125 0.3236111111111111 0.01953125 0.09444444444444444
0 0.500390625 0.4388888888888889 0.02265625 0.1111111111111111
0 0.2859375 0.4375 0.021875 0.10555555555555556
0 0.403515625 0.3423611111111111 0.02109375 0.09583333333333334
0 0.019140625 0.9340277777777778 0.03671875 0.13194444444444445
0 0.32421875 0.4486111111111111 0.0203125 0.10277777777777777
0 0.102734375 0.5715277777777777 0.04296875 0.12638888888888888
0 0.165625 0.5222222222222223 0.05 0.125
0 0.378125 0.28402777777777777 0.0171875 0.07083333333333333
0 0.43203125 0.25416666666666665 0.0140625 0.06388888888888888
0 0.080859375 0.36527777777777776 0.05078125 0.07222222222222222
0 0.151953125 0.45 0.05078125 0.08888888888888889
0 0.33125 0.3784722222222222 0.01875 0.09305555555555556
0 0.362890625 0.3388888888888889 0.02109375 0.08611111111111111
0 0.337109375 0.3104166666666667 0.01640625 0.07916666666666666
1 0.5421875 0.33611111111111114 0.0421875 0.09166666666666666
1 0.56640625 0.4652777777777778 0.0578125 0.13333333333333333
1 0.528515625 0.2513888888888889 0.03671875 0.07777777777777778
1 0.449609375 0.5041666666666667 0.06640625 0.16944444444444445
1 0.6046875 0.25555555555555554 0.04375 0.05277777777777778
1 0.3234375 0.17152777777777778 0.0375 0.07083333333333333
2 0.67265625 0.4131944444444444 0.1625 0.27361111111111114
2 0.84765625 0.7361111111111112 0.3046875 0.5277777777777778
3 0.334375 0.64375 0.2078125 0.30416666666666664
0 0.312890625 0.3951388888888889 0.01640625 0.07916666666666666
0 0.369921875 0.4 0.01953125 0.07777777777777778
