1 0.2203125 0.2833333333333333 0.0484375 0.075
1 0.16640625 0.23541666666666666 0.0359375 0.04583333333333333
1 0.181640625 0.2222222222222222 0.03515625 0.05555555555555555
1 0.29921875 0.3701388888888889 0.084375 0.10694444444444444
1 0.3 0.4527777777777778 0.103125 0.15
1 0.391015625 0.33402777777777776 0.08828125 0.10694444444444444
1 0.4375 0.4826388888888889 0.1421875 0.16805555555555557
1 0.640234375 0.6645833333333333 0.17734375 0.24027777777777778
1 0.634765625 0.8277777777777777 0.28828125 0.34444444444444444
1 0.87890625 0.7277777777777777 0.1796875 0.2722222222222222
2 0.21171875 0.46111111111111114 0.1484375 0.28055555555555556
3 0.18125 0.29583333333333334 0.0703125 0.14722222222222223
0 0.07890625 0.27847222222222223 0.01875 0.06527777777777778
0 0.1125 0.31666666666666665 0.0296875 0.09166666666666666
0 0.42578125 0.3861111111111111 0.06875 0.09722222222222222
0 0.717578125 0.44513888888888886 0.04765625 0.11805555555555555
0 0.286328125 0.24791666666666667 0.03671875 0.06805555555555555
0 0.216796875 0.23055555555555557 0.02265625 0.05555555555555555
0 0.23984375 0.23680555555555555 0.028125 0.05416666666666667
0 0.350390625 0.24861111111111112 0.03359375 0.05555555555555555
0 0.378125 0.2520833333333333 0.0375 0.06805555555555555
0 0.429296875 0.25972222222222224 0.03671875 0.06111111111111111
0 0.4890625 0.26180555555555557 0.040625 0.06805555555555555
