0 0.252734375 0.61875 0.03359375 0.15138888888888888
0 0.526953125 0.46597222222222223 0.05390625 0.10694444444444444
0 0.668359375 0.29930555555555555 0.02109375 0.07916666666666666
0 0.712109375 0.4777777777777778 0.02578125 0.11666666666666667
0 0.75859375 0.49444444444444446 0.028125 0.1111111111111111
0 0.472265625 0.6708333333333333 0.03828125 0.14166666666666666
0 0.276953125 0.5354166666666667 0.03046875 0.1375
0 0.28515625 0.40694444444444444 0.0171875 0.09722222222222222
0 0.508203125 0.7958333333333333 0.03984375 0.18055555555555555
0 0.347265625 0.4236111111111111 0.01953125 0.1
0 0.3 0.44930555555555557 0.01875 0.10972222222222222
0 0.66171875 0.44027777777777777 0.025 0.11388888888888889
0 0.8671875 0.7395833333333334 0.046875 0.16527777777777777
0 0.317578125 0.40902777777777777 0.01953125 0.1125
0 0.53984375 0.2548611111111111 0.0171875 0.07361111111111111
0 0.26171875 0.36527777777777776 0.0296875 0.08333333333333333
0 0.59453125 0.3076388888888889 0.0234375 0.07083333333333333
0 0.3796875 0.38263888888888886 0.025 0.09027777777777778
0 0.620703125 0.24722222222222223 0.01640625 0.06944444444444445
0 0.5578125 0.7152777777777778 0.059375 0.14444444444444443
0 0.7125 0.4076388888888889 0.0359375 0.0875
0 0.49609375 0.2861111111111111 0.0171875 0.06388888888888888
1 0.73828125 0.6861111111111111 0.1125 0.20277777777777778
1 0.383984375 0.48125 0.06953125 0.12916666666666668
1 0.528125 0.5909722222222222 0.103125 0.1875
1 0.6421875 0.9173611111111111 0.16875 0.16527777777777777
1 0.1765625 0.41875 0.1109375 0.10138888888888889
1 0.588671875 0.3902777777777778 0.06015625 0.10277777777777777
1 0.564453125 0.22708333333333333 0.03046875 0.059722222222222225
1 0.37890625 0.30833333333333335 0.0359375 0.075
1 0.541015625 0.18888888888888888 0.02578125 0.05
1 0.455859375 0.24027777777777778 0.03203125 0.09166666666666666
1 0.508984375 0.1597222222222222 0.02109375 0.05
3 0.430859375 0.35555555555555557 0.07109375 0.15833333333333333
2 0.451953125 0.18333333333333332 0.04140625 0.08055555555555556
0 0.881640625 0.6694444444444444 0.04453125 0.1361111111111111
