1 0.464453125 0.6402777777777777 0.18671875 0.25
1 0.631640625 0.5986111111111111 0.15546875 0.20833333333333334
1 0.251953125 0.4618055555555556 0.09765625 0.15694444444444444
1 0.280859375 0.3347222222222222 0.05703125 0.08888888888888889
1 0.25703125 0.2708333333333333 0.05 0.06111111111111111
1 0.197265625 0.28680555555555554 0.05078125 0.0763888888888889
1 0.209765625 0.24166666666666667 0.03671875 0.05
3 0.37578125 0.3923611111111111 0.1453125 0.24305555555555555
3 0.15859375 0.22083333333333333 0.0421875 0.1
0 0.115234375 0.3034722222222222 0.01484375 0.07361111111111111
0 0.15625 0.3506944444444444 0.028125 0.07916666666666666
0 0.15859375 0.42777777777777776 0.0265625 0.12222222222222222
0 0.378515625 0.2569444444444444 0.03359375 0.06666666666666667
0 0.459765625 0.3541666666666667 0.05078125 0.09722222222222222
