3 0.23984375 0.4270833333333333 0.078125 0.16527777777777777
0 0.913671875 0.7256944444444444 0.06953125 0.17083333333333334
0 0.446875 0.37569444444444444 0.0296875 0.08472222222222223
1 0.612890625 0.8354166666666667 0.15546875 0.3013888888888889
1 0.3171875 0.4340277777777778 0.0609375 0.11805555555555555
3 0.49453125 0.5097222222222222 0.240625 0.26666666666666666
0 0.75078125 0.4513888888888889 0.040625 0.13055555555555556
0 0.6796875 0.4625 0.034375 0.12777777777777777
3 0.74375 0.34305555555555556 0.2671875 0.2
3 0.323828125 0.29583333333333334 0.04765625 0.10277777777777777
1 0.344140625 0.35138888888888886 0.04140625 0.06666666666666667
