0 0.18203125 0.5173611111111112 0.1140625 0.2625
0 0.43984375 0.2965277777777778 0.0390625 0.12361111111111112
0 0.5234375 0.36319444444444443 0.0296875 0.14583333333333334
0 0.57890625 0.3229166666666667 0.0265625 0.09305555555555556
0 0.622265625 0.30486111111111114 0.02578125 0.10138888888888889
0 0.65390625 0.3013888888888889 0.0203125 0.07777777777777778
0 0.6625 0.4236111111111111 0.034375 0.125
0 0.577734375 0.4340277777777778 0.03515625 0.1375
0 0.51328125 0.5333333333333333 0.05 0.20555555555555555
0 0.405078125 0.5520833333333334 0.06640625 0.22361111111111112
0 0.21875 0.8486111111111111 0.1625 0.30277777777777776
0 0.6125 0.2625 0.021875 0.07777777777777778
0 0.593359375 0.20069444444444445 0.01796875 0.06527777777777778
0 0.68828125 0.225 0.01875 0.058333333333333334
0 0.637890625 0.24097222222222223 0.01640625 0.06527777777777778
0 0.626953125 0.18611111111111112 0.01640625 0.04722222222222222
0 0.668359375 0.2222222222222222 0.01796875 0.058333333333333334
