0 0.633984375 0.6715277777777777 0.05390625 0.17916666666666667
0 0.768359375 0.5881944444444445 0.03046875 0.1125
0 0.73125 0.5631944444444444 0.0296875 0.11805555555555555
0 0.68359375 0.49375 0.028125 0.10138888888888889
0 0.844140625 0.5409722222222222 0.02109375 0.08194444444444444
0 0.797265625 0.6576388888888889 0.03203125 0.14027777777777778
0 0.4546875 0.9152777777777777 0.08125 0.16944444444444445
0 0.816015625 0.5375 0.01796875 0.07777777777777778
0 0.603125 0.4673611111111111 0.0328125 0.10138888888888889
0 0.24375 0.5763888888888888 0.059375 0.13333333333333333
0 0.823828125 0.6083333333333333 0.02578125 0.10555555555555556
0 0.690234375 0.4340277777777778 0.02109375 0.0625
0 0.78515625 0.5291666666666667 0.01875 0.08055555555555556
1 0.4234375 0.6173611111111111 0.1765625 0.19583333333333333
3 0.751953125 0.4361111111111111 0.09140625 0.15
0 0.8640625 0.4951388888888889 0.015625 0.06805555555555555
0 0.811328125 0.49583333333333335 0.01484375 0.07777777777777778
