0 0.735546875 0.6006944444444444 0.03046875 0.14583333333333334
0 0.356640625 0.6298611111111111 0.05859375 0.1597222222222222
0 0.58203125 0.4736111111111111 0.0296875 0.09166666666666666
0 0.62578125 0.4625 0.0234375 0.08611111111111111
0 0.6515625 0.4305555555555556 0.01875 0.06388888888888888
0 0.705078125 0.45625 0.01796875 0.07916666666666666
0 0.78828125 0.5048611111111111 0.021875 0.10972222222222222
0 0.733984375 0.4215277777777778 0.01484375 0.06527777777777778
0 0.82265625 0.46319444444444446 0.0125 0.0763888888888889
0 0.8421875 0.48055555555555557 0.0171875 0.08055555555555556
2 0.784375 0.43333333333333335 0.0484375 0.08888888888888889
