0 0.296484375 0.1284722222222222 0.03984375 0.06527777777777778
0 0.33125 0.11597222222222223 0.0359375 0.06805555555555555
0 0.52578125 0.43333333333333335 0.0515625 0.175
0 0.652734375 0.45208333333333334 0.05078125 0.15138888888888888
0 0.682421875 0.48125 0.04296875 0.15138888888888888
0 0.659765625 0.2611111111111111 0.02890625 0.08611111111111111
0 0.618359375 0.2513888888888889 0.02734375 0.08333333333333333
0 0.603125 0.20208333333333334 0.0203125 0.059722222222222225
0 0.600390625 0.18263888888888888 0.01484375 0.0625
0 0.6328125 0.18472222222222223 0.015625 0.05277777777777778
0 0.68125 0.2111111111111111 0.015625 0.05555555555555555
