0 0.63359375 0.5659722222222222 0.04375 0.14027777777777778
0 0.721875 0.4888888888888889 0.0234375 0.09444444444444444
0 0.692578125 0.41041666666666665 0.02109375 0.059722222222222225
0 0.661328125 0.4326388888888889 0.04140625 0.09027777777777778
0 0.13046875 0.6798611111111111 0.090625 0.19583333333333333
0 0.384375 0.6506944444444445 0.0875 0.2013888888888889
0 0.841796875 0.5048611111111111 0.02109375 0.07916666666666666
0 0.2890625 0.6409722222222223 0.084375 0.19583333333333333
0 0.79765625 0.6020833333333333 0.0296875 0.12638888888888888
0 0.753515625 0.5229166666666667 0.02578125 0.09583333333333334
0 0.577734375 0.46111111111111114 0.03359375 0.09722222222222222
0 0.731640625 0.5861111111111111 0.03359375 0.1361111111111111
0 0.7765625 0.44583333333333336 0.0171875 0.06944444444444445
0 0.791015625 0.4625 0.01640625 0.06111111111111111
0 0.790625 0.5576388888888889 0.025 0.10972222222222222
0 0.8171875 0.5104166666666666 0.01875 0.07916666666666666
0 0.733984375 0.39791666666666664 0.01640625 0.05416666666666667
0 0.853515625 0.4576388888888889 0.02109375 0.0625
0 0.92265625 0.5763888888888888 0.025 0.1
0 0.862109375 0.8944444444444445 0.10234375 0.2111111111111111
