0 0.59921875 0.8590277777777777 0.0625 0.21805555555555556
0 0.259765625 0.8666666666666667 0.03984375 0.14722222222222223
0 0.322265625 0.6479166666666667 0.03984375 0.10416666666666667
0 0.427734375 0.5270833333333333 0.02421875 0.09583333333333334
0 0.44921875 0.4951388888888889 0.01875 0.07083333333333333
0 0.50625 0.4798611111111111 0.015625 0.06527777777777778
0 0.544140625 0.5416666666666666 0.02578125 0.08888888888888889
0 0.577734375 0.5569444444444445 0.02265625 0.058333333333333334
0 0.598046875 0.5548611111111111 0.01796875 0.0625
0 0.549609375 0.48055555555555557 0.01796875 0.05555555555555555
1 0.48984375 0.45416666666666666 0.0328125 0.05555555555555555
1 0.43359375 0.4375 0.0328125 0.05555555555555555
