0 0.816015625 0.5979166666666667 0.03359375 0.12638888888888888
0 0.23984375 0.5972222222222222 0.0609375 0.15555555555555556
0 0.816015625 0.4673611111111111 0.03203125 0.06805555555555555
0 0.529296875 0.5048611111111111 0.03515625 0.0875
0 0.7296875 0.39305555555555555 0.015625 0.05277777777777778
0 0.86015625 0.4666666666666667 0.0171875 0.06111111111111111
0 0.45 0.4888888888888889 0.040625 0.09444444444444444
0 0.789453125 0.46319444444444446 0.01953125 0.0625
0 0.370703125 0.5166666666666667 0.03828125 0.09444444444444444
0 0.846484375 0.4597222222222222 0.01640625 0.058333333333333334
3 0.6609375 0.55 0.1546875 0.2361111111111111
1 0.743359375 0.50625 0.04140625 0.09027777777777778
3 0.44609375 0.7277777777777777 0.3609375 0.43333333333333335
3 0.807421875 0.3798611111111111 0.05234375 0.08472222222222223
2 0.648828125 0.42569444444444443 0.09296875 0.12083333333333333
0 0.743359375 0.3819444444444444 0.01328125 0.05277777777777778
0 0.93828125 0.8875 0.078125 0.11666666666666667
0 0.923046875 0.8395833333333333 0.06171875 0.1125
1 0.7890625 0.43194444444444446 0.0359375 0.06111111111111111
0 0.91328125 0.5701388888888889 0.025 0.10416666666666667
0 0.76328125 0.43680555555555556 0.0390625 0.06527777777777778
