2 0.851171875 0.34305555555555556 0.23046875 0.20833333333333334
0 0.709765625 0.3784722222222222 0.03671875 0.07083333333333333
0 0.280078125 0.3263888888888889 0.02109375 0.04722222222222222
0 0.15390625 0.5208333333333334 0.040625 0.08888888888888889
1 0.282421875 0.6090277777777777 0.08671875 0.16527777777777777
1 0.5125 0.28125 0.0359375 0.04583333333333333
3 0.35 0.3159722222222222 0.0765625 0.20694444444444443
3 0.502734375 0.39652777777777776 0.06796875 0.17916666666666667
3 0.676953125 0.7930555555555555 0.20859375 0.41388888888888886
0 0.416796875 0.2972222222222222 0.02578125 0.03888888888888889
