0 0.66640625 0.8111111111111111 0.0671875 0.20833333333333334
0 0.71875 0.6451388888888889 0.034375 0.15416666666666667
0 0.783984375 0.6326388888888889 0.03203125 0.15416666666666667
0 0.58671875 0.5347222222222222 0.0390625 0.12777777777777777
0 0.356640625 0.5548611111111111 0.05859375 0.14305555555555555
0 0.64765625 0.47291666666666665 0.025 0.0875
0 0.630859375 0.4486111111111111 0.02265625 0.08611111111111111
0 0.10234375 0.6965277777777777 0.2046875 0.4152777777777778
0 0.813671875 0.49722222222222223 0.01796875 0.08888888888888889
0 0.83515625 0.49236111111111114 0.01875 0.07361111111111111
3 0.748828125 0.42986111111111114 0.11953125 0.20694444444444443
