0 0.42265625 0.6631944444444444 0.03125 0.15694444444444444
0 0.4515625 0.6083333333333333 0.028125 0.14166666666666666
0 0.377734375 0.6277777777777778 0.02578125 0.12777777777777777
0 0.3203125 0.6409722222222223 0.0265625 0.09583333333333334
0 0.259765625 0.8611111111111112 0.03515625 0.1361111111111111
0 0.577734375 0.5576388888888889 0.02109375 0.06527777777777778
0 0.597265625 0.5513888888888889 0.01796875 0.06388888888888888
0 0.5234375 0.5326388888888889 0.0234375 0.0875
1 0.43515625 0.43680555555555556 0.0390625 0.06805555555555555
0 0.48046875 0.4409722222222222 0.015625 0.04583333333333333
0 0.36328125 0.5472222222222223 0.021875 0.07222222222222222
