2 0.471484375 0.29791666666666666 0.04453125 0.08472222222222223
0 0.602734375 0.7131944444444445 0.14296875 0.24027777777777778
0 0.745703125 0.3798611111111111 0.03046875 0.07916666666666666
0 0.627734375 0.33958333333333335 0.01953125 0.059722222222222225
0 0.58515625 0.3104166666666667 0.0171875 0.05416666666666667
0 0.61875 0.28055555555555556 0.0109375 0.044444444444444446
0 0.577734375 0.2590277777777778 0.01015625 0.04027777777777778
0 0.55703125 0.2652777777777778 0.0109375 0.041666666666666664
0 0.27578125 0.30277777777777776 0.009375 0.03888888888888889
0 0.23828125 0.4083333333333333 0.015625 0.06111111111111111
0 0.081640625 0.5708333333333333 0.03828125 0.08611111111111111
0 0.14609375 0.575 0.028125 0.10555555555555556
0 0.063671875 0.6458333333333334 0.02890625 0.10833333333333334
1 0.157421875 0.7194444444444444 0.12890625 0.23055555555555557
1 0.32578125 0.3173611111111111 0.0328125 0.05694444444444444
2 0.50390625 0.22013888888888888 0.0625 0.08472222222222223
