0 0.794921875 0.8166666666666667 0.03828125 0.16111111111111112
0 0.87265625 0.7465277777777778 0.03125 0.14027777777777778
0 0.92421875 0.6034722222222222 0.0234375 0.07083333333333333
0 0.738671875 0.5715277777777777 0.01953125 0.10694444444444444
0 0.8 0.5625 0.0234375 0.05555555555555555
1 0.32421875 0.7909722222222222 0.1359375 0.15138888888888888
1 0.585546875 0.7340277777777777 0.13359375 0.18472222222222223
1 0.581640625 0.5736111111111111 0.07421875 0.125
1 0.5140625 0.5423611111111111 0.06875 0.09305555555555556
1 0.680078125 0.4826388888888889 0.04296875 0.06527777777777778
