0 0.04140625 0.4354166666666667 0.0515625 0.09583333333333334
0 0.650390625 0.34444444444444444 0.02109375 0.09722222222222222
0 0.816015625 0.7520833333333333 0.05234375 0.15694444444444444
0 0.61875 0.29583333333333334 0.0171875 0.08888888888888889
0 0.40703125 0.4215277777777778 0.01875 0.10972222222222222
0 0.909765625 0.7979166666666667 0.06953125 0.1736111111111111
0 0.332421875 0.49375 0.02578125 0.12361111111111112
0 0.80625 0.575 0.04375 0.14166666666666666
0 0.43359375 0.3854166666666667 0.01875 0.09861111111111111
0 0.25546875 0.4388888888888889 0.025 0.10277777777777777
0 0.276953125 0.36736111111111114 0.02265625 0.08194444444444444
0 0.2890625 0.46458333333333335 0.0234375 0.1125
0 0.22421875 0.47638888888888886 0.0234375 0.11388888888888889
0 0.97265625 0.7819444444444444 0.0390625 0.15555555555555556
0 0.715625 0.5361111111111111 0.028125 0.1111111111111111
0 0.080078125 0.36527777777777776 0.05078125 0.06944444444444445
0 0.331640625 0.38125 0.02109375 0.09583333333333334
0 0.690625 0.55 0.040625 0.14166666666666666
0 0.840625 0.9458333333333333 0.065625 0.10833333333333334
0 0.280859375 0.5604166666666667 0.02734375 0.13472222222222222
0 0.688671875 0.3763888888888889 0.02890625 0.10555555555555556
0 0.3828125 0.46111111111111114 0.0203125 0.10833333333333334
0 0.59453125 0.38680555555555557 0.028125 0.09861111111111111
0 0.899609375 0.6847222222222222 0.03671875 0.12777777777777777
0 0.35625 0.43472222222222223 0.0171875 0.09722222222222222
0 0.35546875 0.31319444444444444 0.0171875 0.0875
0 0.862890625 0.7263888888888889 0.04921875 0.1388888888888889
0 0.01875 0.3819444444444444 0.0375 0.08611111111111111
0 0.47890625 0.28055555555555556 0.0203125 0.06944444444444445
1 0.722265625 0.9069444444444444 0.15546875 0.15555555555555556
1 0.519921875 0.3784722222222222 0.07890625 0.09583333333333334
1 0.583203125 0.25763888888888886 0.03828125 0.0763888888888889
1 0.524609375 0.21875 0.03515625 0.06805555555555555
1 0.442578125 0.2743055555555556 0.03671875 0.09027777777777778
