0 0.6671875 0.43819444444444444 0.025 0.08472222222222223
0 0.7234375 0.4215277777777778 0.01875 0.06805555555555555
0 0.493359375 0.8395833333333333 0.08359375 0.20972222222222223
0 0.5140625 0.5888888888888889 0.053125 0.15555555555555556
0 0.433203125 0.5715277777777777 0.06015625 0.1375
0 0.695703125 0.40902777777777777 0.01953125 0.06527777777777778
0 0.56640625 0.5027777777777778 0.0421875 0.1111111111111111
0 0.775 0.45208333333333334 0.0171875 0.06805555555555555
0 0.826171875 0.45555555555555555 0.02421875 0.07777777777777778
0 0.766796875 0.5583333333333333 0.02890625 0.11666666666666667
0 0.730859375 0.65625 0.04140625 0.1625
0 0.746875 0.39166666666666666 0.0140625 0.05
