0 0.48046875 0.7111111111111111 0.0578125 0.16666666666666666
0 0.667578125 0.5361111111111111 0.06484375 0.125
0 0.291796875 0.4111111111111111 0.02578125 0.10833333333333334
0 0.566796875 0.7180555555555556 0.04296875 0.16111111111111112
0 0.353515625 0.40555555555555556 0.02578125 0.1111111111111111
0 0.4234375 0.24166666666666667 0.015625 0.075
0 0.3640625 0.3277777777777778 0.0203125 0.08333333333333333
0 0.384375 0.22916666666666666 0.0140625 0.06944444444444445
0 0.716796875 0.4909722222222222 0.03046875 0.1125
0 0.29765625 0.5465277777777777 0.028125 0.13472222222222222
0 0.3203125 0.44722222222222224 0.025 0.12222222222222222
0 0.899609375 0.5791666666666667 0.03828125 0.13333333333333333
0 0.66875 0.4340277777777778 0.0296875 0.10138888888888889
0 0.011328125 0.3506944444444444 0.02109375 0.0763888888888889
1 0.308984375 0.8909722222222223 0.15234375 0.21805555555555556
1 0.819140625 0.8229166666666666 0.20390625 0.30416666666666664
1 0.096875 0.41875 0.109375 0.10416666666666667
1 0.5078125 0.5319444444444444 0.1015625 0.15555555555555556
1 0.465234375 0.19791666666666666 0.02578125 0.06527777777777778
0 0.503125 0.9277777777777778 0.1046875 0.14444444444444443
1 0.60078125 0.34791666666666665 0.059375 0.08194444444444444
1 0.440234375 0.3854166666666667 0.05703125 0.10416666666666667
1 0.628515625 0.25763888888888886 0.02578125 0.059722222222222225
3 0.541796875 0.2569444444444444 0.05078125 0.10833333333333334
1 0.598828125 0.28958333333333336 0.03828125 0.05416666666666667
1 0.70390625 0.4076388888888889 0.0671875 0.0875
0 0.533203125 0.8777777777777778 0.07265625 0.175
