0 0.037109375 0.5875 0.07421875 0.275
0 0.501171875 0.6791666666666667 0.08359375 0.25
0 0.46875 0.2777777777777778 0.0328125 0.11388888888888889
0 0.525 0.22847222222222222 0.025 0.08472222222222223
0 0.54375 0.2826388888888889 0.0328125 0.10138888888888889
0 0.61875 0.28194444444444444 0.025 0.09166666666666666
0 0.625 0.32916666666666666 0.03125 0.10555555555555556
0 0.685546875 0.4798611111111111 0.04140625 0.1597222222222222
0 0.668359375 0.27847222222222223 0.02109375 0.08472222222222223
0 0.665625 0.23472222222222222 0.015625 0.06111111111111111
0 0.621875 0.17916666666666667 0.0125 0.06111111111111111
0 0.639453125 0.17569444444444443 0.01328125 0.04861111111111111
0 0.69140625 0.23472222222222222 0.01875 0.058333333333333334
