0 0.759375 0.53125 0.028125 0.10138888888888889
0 0.7453125 0.8361111111111111 0.0515625 0.2
0 0.816796875 0.6305555555555555 0.03203125 0.12777777777777777
0 0.81640625 0.4736111111111111 0.015625 0.06666666666666667
0 0.821484375 0.5430555555555555 0.02421875 0.08333333333333333
0 0.65625 0.44513888888888886 0.0296875 0.0875
0 0.799609375 0.5131944444444444 0.02578125 0.09305555555555556
0 0.572265625 0.4875 0.03671875 0.10277777777777777
0 0.76875 0.6868055555555556 0.0390625 0.13472222222222222
0 0.033203125 0.7513888888888889 0.06640625 0.20277777777777778
0 0.70859375 0.41805555555555557 0.01875 0.05277777777777778
0 0.725 0.3770833333333333 0.0140625 0.04861111111111111
0 0.845703125 0.5027777777777778 0.01953125 0.06944444444444445
0 0.54609375 0.41944444444444445 0.0375 0.09166666666666666
1 0.637109375 0.6284722222222222 0.14921875 0.20972222222222223
1 0.75703125 0.4736111111111111 0.0546875 0.07777777777777778
3 0.7890625 0.3972222222222222 0.0640625 0.11388888888888889
0 0.638671875 0.4201388888888889 0.02421875 0.0625
0 0.937109375 0.8909722222222223 0.07421875 0.11805555555555555
0 0.91875 0.8354166666666667 0.0640625 0.10694444444444444
0 0.8375 0.4652777777777778 0.0140625 0.06388888888888888
0 0.408203125 0.6131944444444445 0.13671875 0.1986111111111111
0 0.709765625 0.5006944444444444 0.06328125 0.09583333333333334
