0 0.609375 0.3236111111111111 0.0390625 0.11944444444444445
0 0.637890625 0.2659722222222222 0.02578125 0.08194444444444444
0 0.6671875 0.25555555555555554 0.021875 0.08055555555555556
0 0.65703125 0.4597222222222222 0.0359375 0.15
0 0.680859375 0.4798611111111111 0.04453125 0.15416666666666667
0 0.618359375 0.5236111111111111 0.06796875 0.16944444444444445
0 0.625390625 0.6666666666666666 0.08046875 0.225
0 0.478125 0.16180555555555556 0.0359375 0.06527777777777778
0 0.684375 0.20625 0.0125 0.05694444444444444
0 0.675 0.16111111111111112 0.0078125 0.027777777777777776
