0 0.2578125 0.8590277777777777 0.028125 0.12916666666666668
0 0.330859375 0.7298611111111111 0.04296875 0.1763888888888889
0 0.3171875 0.6368055555555555 0.01875 0.0875
0 0.363671875 0.5486111111111112 0.02421875 0.06388888888888888
1 0.4171875 0.5173611111111112 0.0625 0.1125
0 0.57421875 0.5458333333333333 0.0203125 0.06944444444444445
0 0.597265625 0.5493055555555556 0.02265625 0.0763888888888889
0 0.53125 0.48055555555555557 0.0234375 0.07222222222222222
0 0.49296875 0.4895833333333333 0.0203125 0.08472222222222223
0 0.495703125 0.40694444444444444 0.01328125 0.044444444444444446
0 0.455859375 0.39375 0.01171875 0.04027777777777778
