0 0.584765625 0.8041666666666667 0.06484375 0.22777777777777777
0 0.659765625 0.5319444444444444 0.03359375 0.12777777777777777
0 0.672265625 0.43680555555555556 0.02109375 0.07361111111111111
0 0.719921875 0.5166666666666667 0.03203125 0.11388888888888889
0 0.570703125 0.5340277777777778 0.03984375 0.12361111111111112
0 0.8734375 0.6291666666666667 0.0546875 0.12777777777777777
0 0.333984375 0.6819444444444445 0.08984375 0.2222222222222222
0 0.7171875 0.40555555555555556 0.0171875 0.06111111111111111
0 0.742578125 0.5451388888888888 0.02890625 0.11805555555555555
0 0.64453125 0.47291666666666665 0.028125 0.09305555555555556
0 0.526171875 0.49375 0.03828125 0.10138888888888889
0 0.746484375 0.40347222222222223 0.01640625 0.05694444444444444
0 0.5734375 0.44930555555555557 0.0296875 0.0763888888888889
0 0.69765625 0.39305555555555555 0.0125 0.05
2 0.822265625 0.5347222222222222 0.08203125 0.13055555555555556
0 0.33046875 0.6215277777777778 0.078125 0.19583333333333333
0 0.309375 0.9055555555555556 0.11875 0.18611111111111112
0 0.51484375 0.46805555555555556 0.028125 0.10555555555555556
