0 0.401953125 0.3298611111111111 0.04765625 0.1486111111111111
0 0.4109375 0.39375 0.05625 0.17083333333333334
0 0.498046875 0.49444444444444446 0.06953125 0.19444444444444445
0 0.49765625 0.3298611111111111 0.0421875 0.1375
0 0.527734375 0.25972222222222224 0.03046875 0.09722222222222222
0 0.6515625 0.29930555555555555 0.0265625 0.09583333333333334
0 0.573046875 0.21041666666666667 0.02109375 0.07361111111111111
0 0.478125 0.1597222222222222 0.0390625 0.06111111111111111
0 0.628125 0.5416666666666666 0.0515625 0.18888888888888888
0 0.655859375 0.4395833333333333 0.04765625 0.12916666666666668
0 0.680859375 0.4791666666666667 0.04140625 0.15833333333333333
0 0.674609375 0.23125 0.01953125 0.0625
0 0.608203125 0.18333333333333332 0.01640625 0.06111111111111111
0 0.621484375 0.19791666666666666 0.01953125 0.05694444444444444
0 0.624609375 0.1763888888888889 0.01640625 0.04722222222222222
0 0.640625 0.18680555555555556 0.0171875 0.05416666666666667
