0 0.546875 0.6951388888888889 0.046875 0.1763888888888889
0 0.41640625 0.7756944444444445 0.046875 0.20972222222222223
0 0.67578125 0.8951388888888889 0.1 0.20972222222222223
0 0.50078125 0.9381944444444444 0.078125 0.12361111111111112
0 0.2609375 0.8645833333333334 0.0421875 0.1486111111111111
0 0.31484375 0.6409722222222223 0.021875 0.08194444444444444
0 0.362109375 0.54375 0.02109375 0.06527777777777778
0 0.430859375 0.6145833333333334 0.03359375 0.12083333333333333
0 0.434375 0.54375 0.028125 0.0763888888888889
1 0.43515625 0.43125 0.0359375 0.07083333333333333
0 0.579296875 0.5590277777777778 0.02421875 0.07083333333333333
0 0.6015625 0.5631944444444444 0.01875 0.07361111111111111
0 0.551953125 0.5493055555555556 0.03046875 0.10416666666666667
0 0.46875 0.42777777777777776 0.0171875 0.05277777777777778
