0 0.67421875 0.43472222222222223 0.025 0.07777777777777778
0 0.1515625 0.6715277777777777 0.0828125 0.15416666666666667
0 0.455078125 0.7854166666666667 0.07421875 0.16527777777777777
0 0.7046875 0.425 0.01875 0.06666666666666667
0 0.59765625 0.7409722222222223 0.05625 0.16527777777777777
0 0.51171875 0.9229166666666667 0.071875 0.14305555555555555
0 0.730078125 0.7138888888888889 0.04296875 0.18611111111111112
0 0.566796875 0.47708333333333336 0.03828125 0.09861111111111111
0 0.831640625 0.6006944444444444 0.03046875 0.12083333333333333
0 0.666796875 0.5840277777777778 0.03515625 0.12083333333333333
0 0.637890625 0.4486111111111111 0.02734375 0.08333333333333333
0 0.706640625 0.5618055555555556 0.03359375 0.12916666666666668
0 0.723828125 0.40555555555555556 0.01484375 0.06111111111111111
0 0.63515625 0.6444444444444445 0.04375 0.1361111111111111
0 0.751953125 0.5486111111111112 0.02421875 0.10277777777777777
0 0.841015625 0.4986111111111111 0.01796875 0.07222222222222222
0 0.787890625 0.49027777777777776 0.02109375 0.06944444444444445
0 0.746484375 0.39166666666666666 0.01328125 0.05
0 0.774609375 0.5993055555555555 0.02578125 0.11527777777777778
1 0.761328125 0.45902777777777776 0.04453125 0.07361111111111111
1 0.70703125 0.5111111111111111 0.0625 0.09166666666666666
0 0.8140625 0.4638888888888889 0.0140625 0.04722222222222222
0 0.902734375 0.5583333333333333 0.01796875 0.09722222222222222
