0 0.102734375 0.6597222222222222 0.08515625 0.19166666666666668
0 0.349609375 0.5729166666666666 0.07578125 0.1625
0 0.41640625 0.6458333333333334 0.0671875 0.1527777777777778
0 0.4953125 0.5465277777777777 0.0484375 0.13472222222222222
0 0.71953125 0.5590277777777778 0.0296875 0.12638888888888888
0 0.829296875 0.6125 0.03203125 0.1361111111111111
0 0.84453125 0.5215277777777778 0.0234375 0.09027777777777778
0 0.7703125 0.5770833333333333 0.03125 0.12916666666666668
0 0.448828125 0.5159722222222223 0.04296875 0.10694444444444444
0 0.587109375 0.4652777777777778 0.03203125 0.09722222222222222
0 0.8 0.4486111111111111 0.0171875 0.058333333333333334
0 0.80234375 0.5284722222222222 0.021875 0.09583333333333334
0 0.63046875 0.48055555555555557 0.0328125 0.10555555555555556
0 0.85625 0.7763888888888889 0.046875 0.21388888888888888
0 0.64140625 0.4340277777777778 0.0203125 0.07083333333333333
0 0.072265625 0.7965277777777777 0.11328125 0.17916666666666667
0 0.831640625 0.4444444444444444 0.01640625 0.06111111111111111
0 0.759375 0.39444444444444443 0.0125 0.04722222222222222
1 0.735546875 0.41944444444444445 0.04609375 0.05555555555555555
0 0.056640625 0.9048611111111111 0.11171875 0.19027777777777777
0 0.378125 0.6041666666666666 0.0625 0.175
3 0.805859375 0.37916666666666665 0.04921875 0.1111111111111111
0 0.783203125 0.4236111111111111 0.01328125 0.06666666666666667
0 0.859375 0.4527777777777778 0.0171875 0.06388888888888888
