0 0.806640625 0.49444444444444446 0.02265625 0.08888888888888889
0 0.783984375 0.42569444444444443 0.01640625 0.0625
0 0.687890625 0.4263888888888889 0.02109375 0.07222222222222222
0 0.7203125 0.4201388888888889 0.0203125 0.06527777777777778
0 0.350390625 0.5375 0.07265625 0.15
0 0.59453125 0.47847222222222224 0.034375 0.10694444444444444
0 0.63359375 0.44027777777777777 0.0265625 0.08611111111111111
0 0.78359375 0.6326388888888889 0.0359375 0.14027777777777778
0 0.829296875 0.4625 0.01640625 0.06388888888888888
0 0.859375 0.4597222222222222 0.015625 0.06388888888888888
0 0.821875 0.41597222222222224 0.015625 0.043055555555555555
0 0.8109375 0.4395833333333333 0.0171875 0.05138888888888889
0 0.730859375 0.3923611111111111 0.01328125 0.05416666666666667
0 0.765625 0.3854166666666667 0.0109375 0.05694444444444444
