2 0.284375 0.34305555555555556 0.0328125 0.13333333333333333
1 0.48359375 0.29791666666666666 0.040625 0.07361111111111111
3 0.3375 0.3715277777777778 0.109375 0.3236111111111111
0 0.644921875 0.32083333333333336 0.01796875 0.08888888888888889
0 0.976171875 0.5770833333333333 0.03984375 0.14305555555555555
0 0.93828125 0.3277777777777778 0.0375 0.10833333333333334
2 0.5453125 0.3402777777777778 0.05625 0.09722222222222222
0 0.80546875 0.6145833333333334 0.0421875 0.14583333333333334
0 0.265625 0.6930555555555555 0.04375 0.14166666666666666
0 0.778125 0.5340277777777778 0.0359375 0.11805555555555555
0 0.924609375 0.7479166666666667 0.06328125 0.1763888888888889
1 0.061328125 0.8444444444444444 0.12265625 0.29444444444444445
0 0.58828125 0.28125 0.015625 0.05416666666666667
0 0.5734375 0.2590277777777778 0.015625 0.04583333333333333
