0 0.6109375 0.19652777777777777 0.021875 0.06527777777777778
0 0.6328125 0.19583333333333333 0.021875 0.06944444444444445
0 0.664453125 0.25277777777777777 0.01796875 0.07222222222222222
0 0.646484375 0.3215277777777778 0.03203125 0.10972222222222222
0 0.653125 0.4479166666666667 0.0515625 0.14583333333333334
0 0.682421875 0.4777777777777778 0.04296875 0.15
0 0.533984375 0.58125 0.07734375 0.22361111111111112
0 0.478515625 0.30069444444444443 0.03203125 0.11805555555555555
0 0.046875 0.6076388888888888 0.09375 0.25416666666666665
0 0.47890625 0.16180555555555556 0.0359375 0.0763888888888889
