0 0.779296875 0.5340277777777778 0.02265625 0.10416666666666667
0 0.6125 0.5284722222222222 0.0296875 0.09861111111111111
0 0.591015625 0.4597222222222222 0.02421875 0.08333333333333333
0 0.528125 0.5284722222222222 0.0421875 0.12361111111111112
0 0.48125 0.5208333333333334 0.0390625 0.11944444444444445
0 0.71484375 0.4638888888888889 0.0203125 0.09166666666666666
0 0.73359375 0.41597222222222224 0.0140625 0.06527777777777778
0 0.81484375 0.4888888888888889 0.0234375 0.09166666666666666
2 0.78671875 0.4354166666666667 0.0515625 0.0763888888888889
0 0.848828125 0.4625 0.01640625 0.06111111111111111
