0 0.11328125 0.7270833333333333 0.0875 0.1597222222222222
0 0.791015625 0.8375 0.04921875 0.19444444444444445
0 0.55703125 0.7270833333333333 0.0625 0.1625
0 0.70703125 0.7541666666666667 0.0484375 0.1638888888888889
0 0.62109375 0.5458333333333333 0.0328125 0.10555555555555556
0 0.7046875 0.6006944444444444 0.034375 0.12638888888888888
0 0.747265625 0.5736111111111111 0.02890625 0.10555555555555556
0 0.630859375 0.6527777777777778 0.04765625 0.1388888888888889
0 0.486328125 0.6868055555555556 0.05234375 0.14305555555555555
0 0.658203125 0.53125 0.03359375 0.09305555555555556
0 0.826953125 0.6222222222222222 0.02578125 0.10555555555555556
0 0.63515625 0.7701388888888889 0.05 0.15138888888888888
0 0.771875 0.6291666666666667 0.021875 0.09166666666666666
0 0.448046875 0.5076388888888889 0.04609375 0.10972222222222222
0 0.80078125 0.6576388888888889 0.03125 0.11527777777777778
0 0.856640625 0.55 0.01796875 0.08888888888888889
0 0.723828125 0.5340277777777778 0.02421875 0.08472222222222223
0 0.68203125 0.5340277777777778 0.0296875 0.08472222222222223
0 0.67734375 0.6458333333333334 0.034375 0.1361111111111111
0 0.78046875 0.7152777777777778 0.0328125 0.13333333333333333
0 0.5796875 0.5888888888888889 0.040625 0.11666666666666667
0 0.484375 0.5840277777777778 0.0625 0.14027777777777778
3 0.69296875 0.39375 0.1546875 0.2013888888888889
0 0.829296875 0.49166666666666664 0.01640625 0.05555555555555555
0 0.84296875 0.5263888888888889 0.0171875 0.08611111111111111
0 0.78984375 0.5618055555555556 0.0375 0.07361111111111111
0 0.76875 0.5090277777777777 0.025 0.08194444444444444
2 0.8203125 0.4201388888888889 0.05625 0.09861111111111111
