0 0.634375 0.7111111111111111 0.0546875 0.175
0 0.571875 0.4527777777777778 0.034375 0.09166666666666666
0 0.765625 0.4951388888888889 0.021875 0.0875
0 0.73046875 0.6118055555555556 0.0359375 0.13194444444444445
0 0.789453125 0.4722222222222222 0.01953125 0.08333333333333333
0 0.680859375 0.4048611111111111 0.03203125 0.05138888888888889
0 0.832421875 0.41944444444444445 0.01328125 0.04722222222222222
1 0.66640625 0.5493055555555556 0.1015625 0.12361111111111112
1 0.837109375 0.5118055555555555 0.06015625 0.13194444444444445
1 0.732421875 0.4222222222222222 0.04765625 0.06944444444444445
0 0.3578125 0.9 0.1125 0.19722222222222222
0 0.78671875 0.39444444444444443 0.015625 0.04722222222222222
0 0.76484375 0.39861111111111114 0.0125 0.05277777777777778
