0 0.60234375 0.5493055555555556 0.021875 0.09027777777777778
0 0.638671875 0.5416666666666666 0.01796875 0.07222222222222222
0 0.6765625 0.5618055555555556 0.01875 0.09305555555555556
0 0.769140625 0.6305555555555555 0.03203125 0.11666666666666667
0 0.632421875 0.6194444444444445 0.02890625 0.1
0 0.67421875 0.7145833333333333 0.028125 0.12916666666666668
0 0.6171875 0.7284722222222222 0.03125 0.13194444444444445
0 0.66328125 0.8611111111111112 0.040625 0.16666666666666666
0 0.53984375 0.8 0.04375 0.15833333333333333
0 0.419140625 0.7722222222222223 0.04296875 0.14722222222222223
