0 0.494140625 0.5604166666666667 0.05390625 0.13194444444444445
0 0.619921875 0.5041666666666667 0.03359375 0.10833333333333334
0 0.0421875 0.8006944444444445 0.084375 0.2125
0 0.669921875 0.6173611111111111 0.04453125 0.1486111111111111
0 0.653515625 0.4625 0.02734375 0.09444444444444444
0 0.4015625 0.6506944444444445 0.06875 0.1875
0 0.4296875 0.5513888888888889 0.0515625 0.13333333333333333
0 0.7359375 0.4076388888888889 0.0171875 0.0625
0 0.703125 0.44722222222222224 0.021875 0.08333333333333333
0 0.371484375 0.5361111111111111 0.05703125 0.13055555555555556
0 0.491796875 0.47638888888888886 0.04140625 0.09444444444444444
0 0.549609375 0.5215277777777778 0.05078125 0.12361111111111112
0 0.678515625 0.42291666666666666 0.01796875 0.07361111111111111
0 0.744140625 0.5055555555555555 0.02421875 0.08611111111111111
0 0.727734375 0.4895833333333333 0.02734375 0.09027777777777778
0 0.73515625 0.6430555555555556 0.04375 0.14722222222222223
0 0.7609375 0.48819444444444443 0.021875 0.09027777777777778
0 0.617578125 0.4465277777777778 0.02578125 0.09305555555555556
1 0.48984375 0.7631944444444444 0.221875 0.2708333333333333
2 0.8359375 0.5069444444444444 0.059375 0.12222222222222222
0 0.755078125 0.41875 0.01796875 0.059722222222222225
0 0.772265625 0.40555555555555556 0.01484375 0.058333333333333334
0 0.81640625 0.43680555555555556 0.01875 0.05138888888888889
0 0.796875 0.42916666666666664 0.01875 0.06111111111111111
