0 0.36875 0.27708333333333335 0.0484375 0.14583333333333334
0 0.410546875 0.275 0.04453125 0.11944444444444445
0 0.177734375 0.5215277777777778 0.08359375 0.24861111111111112
0 0.0390625 0.5611111111111111 0.078125 0.25833333333333336
0 0.496875 0.2534722222222222 0.0234375 0.09583333333333334
0 0.5234375 0.23055555555555557 0.021875 0.07777777777777778
0 0.557421875 0.24166666666666667 0.01953125 0.07222222222222222
0 0.63046875 0.2965277777777778 0.025 0.09861111111111111
0 0.6703125 0.28125 0.0265625 0.08472222222222223
0 0.64765625 0.24722222222222223 0.015625 0.07777777777777778
0 0.593359375 0.20625 0.01484375 0.0625
