0 0.488671875 0.5305555555555556 0.02578125 0.08611111111111111
0 0.59296875 0.56875 0.0234375 0.06527777777777778
0 0.593359375 0.6493055555555556 0.02578125 0.10694444444444444
0 0.650390625 0.7006944444444444 0.03515625 0.10416666666666667
0 0.637109375 0.8208333333333333 0.03359375 0.14722222222222223
0 0.3921875 0.9444444444444444 0.0671875 0.1111111111111111
0 0.7203125 0.8319444444444445 0.03125 0.16111111111111112
0 0.79296875 0.8006944444444445 0.0359375 0.1597222222222222
0 0.873828125 0.6583333333333333 0.02890625 0.13333333333333333
0 0.80390625 0.6444444444444445 0.028125 0.10277777777777777
0 0.752734375 0.6555555555555556 0.02265625 0.11944444444444445
0 0.728515625 0.6375 0.02421875 0.1111111111111111
0 0.696484375 0.6076388888888888 0.03203125 0.10972222222222222
1 0.57421875 0.5319444444444444 0.0703125 0.08611111111111111
