0 0.548828125 0.6548611111111111 0.03671875 0.1375
0 0.429296875 0.6784722222222223 0.02734375 0.15694444444444444
0 0.442578125 0.5458333333333333 0.01953125 0.09722222222222222
0 0.600390625 0.5625 0.03671875 0.07222222222222222
0 0.3203125 0.6402777777777777 0.028125 0.1
0 0.364453125 0.5430555555555555 0.02109375 0.07222222222222222
0 0.460546875 0.4534722222222222 0.01796875 0.06527777777777778
0 0.255859375 0.8708333333333333 0.03828125 0.14722222222222223
0 0.53359375 0.44930555555555557 0.0125 0.04583333333333333
0 0.463671875 0.41597222222222224 0.01015625 0.04027777777777778
