0 0.894921875 0.5284722222222222 0.04609375 0.12083333333333333
0 0.94609375 0.3375 0.0359375 0.07222222222222222
0 0.894921875 0.325 0.03046875 0.08611111111111111
0 0.707421875 0.4979166666666667 0.03984375 0.10694444444444444
0 0.58359375 0.3173611111111111 0.0203125 0.06805555555555555
0 0.412109375 0.36041666666666666 0.03359375 0.06527777777777778
0 0.230078125 0.41597222222222224 0.02421875 0.0763888888888889
0 0.16875 0.5118055555555555 0.034375 0.09583333333333334
0 0.570703125 0.2652777777777778 0.01796875 0.05
0 0.591015625 0.25069444444444444 0.01484375 0.05138888888888889
