0 0.569140625 0.6902777777777778 0.03515625 0.15555555555555556
0 0.57421875 0.5493055555555556 0.025 0.0763888888888889
0 0.598046875 0.5541666666666667 0.02265625 0.07777777777777778
0 0.25859375 0.8611111111111112 0.034375 0.13055555555555556
0 0.31953125 0.6423611111111112 0.03125 0.10138888888888889
0 0.363671875 0.5472222222222223 0.02421875 0.06944444444444445
1 0.43671875 0.4756944444444444 0.053125 0.09027777777777778
0 0.48046875 0.4625 0.015625 0.058333333333333334
0 0.505859375 0.4486111111111111 0.01640625 0.05555555555555555
0 0.5328125 0.4708333333333333 0.0171875 0.06944444444444445
0 0.46171875 0.43472222222222223 0.0125 0.04722222222222222
