0 0.2578125 0.8645833333333334 0.0421875 0.15138888888888888
0 0.618359375 0.9354166666666667 0.07421875 0.12916666666666668
0 0.475390625 0.7319444444444444 0.03828125 0.17777777777777778
0 0.52890625 0.6305555555555555 0.0421875 0.1361111111111111
0 0.59921875 0.6375 0.0359375 0.125
0 0.575 0.5479166666666667 0.0234375 0.059722222222222225
0 0.4296875 0.56875 0.0234375 0.11527777777777778
0 0.391796875 0.7118055555555556 0.04921875 0.15694444444444444
0 0.484375 0.45 0.0171875 0.06111111111111111
0 0.501171875 0.44305555555555554 0.01484375 0.07222222222222222
0 0.320703125 0.6451388888888889 0.03046875 0.10416666666666667
0 0.36171875 0.5555555555555556 0.0265625 0.08888888888888889
