0 0.6921875 0.4361111111111111 0.021875 0.07777777777777778
0 0.050390625 0.7951388888888888 0.09296875 0.2125
0 0.151171875 0.6875 0.08984375 0.16944444444444445
0 0.440625 0.6541666666666667 0.0703125 0.1527777777777778
0 0.534375 0.5333333333333333 0.046875 0.11666666666666667
0 0.840625 0.50625 0.01875 0.08194444444444444
0 0.817578125 0.5694444444444444 0.01796875 0.09722222222222222
0 0.715234375 0.3951388888888889 0.01484375 0.05416666666666667
0 0.606640625 0.47430555555555554 0.03359375 0.09861111111111111
0 0.807421875 0.5041666666666667 0.02265625 0.075
0 0.55 0.47638888888888886 0.03125 0.08055555555555556
0 0.581640625 0.41805555555555557 0.02734375 0.08055555555555556
1 0.740625 0.49027777777777776 0.0625 0.08333333333333333
1 0.75078125 0.4125 0.0375 0.05555555555555555
0 0.823828125 0.47847222222222224 0.01171875 0.0625
1 0.78203125 0.44027777777777777 0.0328125 0.06388888888888888
0 0.68515625 0.5284722222222222 0.075 0.1375
