0 0.658203125 0.7694444444444445 0.06328125 0.18611111111111112
0 0.1109375 0.6923611111111111 0.090625 0.2013888888888889
0 0.287890625 0.6958333333333333 0.08046875 0.19722222222222222
0 0.5640625 0.6833333333333333 0.09375 0.18333333333333332
0 0.416796875 0.51875 0.04453125 0.10694444444444444
0 0.800390625 0.48680555555555555 0.01796875 0.07083333333333333
0 0.836328125 0.5020833333333333 0.01953125 0.0763888888888889
0 0.805859375 0.7354166666666667 0.05078125 0.18472222222222223
0 0.771484375 0.6416666666666667 0.03828125 0.16111111111111112
0 0.25625 0.6138888888888889 0.0671875 0.17777777777777778
0 0.78828125 0.55625 0.028125 0.09861111111111111
0 0.821484375 0.475 0.01640625 0.06666666666666667
0 0.24609375 0.5868055555555556 0.0703125 0.10694444444444444
3 0.622265625 0.5284722222222222 0.22109375 0.3402777777777778
3 0.77265625 0.38055555555555554 0.0359375 0.06944444444444445
0 0.351171875 0.5138888888888888 0.06640625 0.13055555555555556
0 0.37890625 0.47638888888888886 0.046875 0.1111111111111111
0 0.9390625 0.8909722222222223 0.0890625 0.11805555555555555
0 0.912890625 0.8319444444444445 0.04921875 0.10555555555555556
3 0.741796875 0.4861111111111111 0.02734375 0.13055555555555556
1 0.762109375 0.4701388888888889 0.03828125 0.07916666666666666
1 0.785546875 0.4409722222222222 0.03828125 0.059722222222222225
0 0.753515625 0.3819444444444444 0.01171875 0.04722222222222222
