0 0.147265625 0.46805555555555556 0.08828125 0.22777777777777777
0 0.441796875 0.3576388888888889 0.04765625 0.14305555555555555
0 0.534375 0.5930555555555556 0.06875 0.2388888888888889
0 0.68125 0.32916666666666666 0.025 0.09166666666666666
0 0.591796875 0.26944444444444443 0.02578125 0.09444444444444444
0 0.51640625 0.21736111111111112 0.0234375 0.0763888888888889
0 0.61171875 0.2048611111111111 0.0203125 0.0625
1 0.55546875 0.23472222222222222 0.0703125 0.11388888888888889
0 0.62421875 0.19375 0.015625 0.05138888888888889
0 0.654296875 0.18263888888888888 0.01328125 0.043055555555555555
