0 0.572265625 0.85 0.06328125 0.21388888888888888
0 0.736328125 0.8506944444444444 0.05703125 0.2125
0 0.4484375 0.8493055555555555 0.0828125 0.1875
0 0.142578125 0.725 0.09453125 0.1638888888888889
0 0.269921875 0.6138888888888889 0.06640625 0.13333333333333333
0 0.549609375 0.54375 0.04453125 0.11527777777777778
0 0.721484375 0.6993055555555555 0.04921875 0.16527777777777777
0 0.424609375 0.5430555555555555 0.04921875 0.11388888888888889
0 0.6109375 0.5215277777777778 0.0359375 0.10972222222222222
0 0.579296875 0.46597222222222223 0.03203125 0.09027777777777778
0 0.684375 0.5590277777777778 0.0375 0.12083333333333333
0 0.041796875 0.675 0.08359375 0.15
0 0.807421875 0.6291666666666667 0.03046875 0.11944444444444445
0 0.48046875 0.4930555555555556 0.0453125 0.10277777777777777
0 0.760546875 0.63125 0.03046875 0.11527777777777778
0 0.595703125 0.4465277777777778 0.02578125 0.08194444444444444
0 0.846484375 0.5986111111111111 0.02578125 0.10833333333333334
0 0.784375 0.5756944444444444 0.025 0.09305555555555556
3 0.6890625 0.3951388888888889 0.1109375 0.1986111111111111
0 0.744921875 0.5631944444444444 0.02421875 0.09027777777777778
0 0.780078125 0.49583333333333335 0.02109375 0.08611111111111111
0 0.906640625 0.5708333333333333 0.02109375 0.10833333333333334
0 0.83984375 0.5388888888888889 0.0140625 0.09444444444444444
0 0.750390625 0.5020833333333333 0.02109375 0.08194444444444444
0 0.7625 0.5069444444444444 0.015625 0.06944444444444445
0 0.8 0.49375 0.015625 0.04583333333333333
0 0.8203125 0.4826388888888889 0.0171875 0.04583333333333333
