0 0.38671875 0.5756944444444444 0.0640625 0.15138888888888888
0 0.57578125 0.4638888888888889 0.0375 0.09166666666666666
0 0.759765625 0.5659722222222222 0.03671875 0.11805555555555555
0 0.8078125 0.44583333333333336 0.0171875 0.05555555555555555
0 0.832421875 0.4534722222222222 0.01328125 0.0625
0 0.84609375 0.42916666666666664 0.0125 0.041666666666666664
1 0.759765625 0.49444444444444446 0.06796875 0.09722222222222222
1 0.803125 0.3819444444444444 0.0265625 0.044444444444444446
1 0.82734375 0.4027777777777778 0.0234375 0.03333333333333333
3 0.666796875 0.43333333333333335 0.11171875 0.18333333333333332
3 0.75625 0.39166666666666666 0.05 0.11388888888888889
