0 0.64765625 0.8201388888888889 0.0703125 0.2375
0 0.793359375 0.6034722222222222 0.03359375 0.13472222222222222
0 0.646484375 0.5993055555555555 0.04609375 0.14583333333333334
0 0.72265625 0.6263888888888889 0.040625 0.1361111111111111
0 0.04140625 0.75 0.0828125 0.19166666666666668
0 0.761328125 0.5277777777777778 0.02578125 0.09722222222222222
0 0.58828125 0.7284722222222222 0.0640625 0.19583333333333333
0 0.715234375 0.5180555555555556 0.02890625 0.1
0 0.575 0.46597222222222223 0.0359375 0.10416666666666667
0 0.636328125 0.4215277777777778 0.02421875 0.07083333333333333
0 0.66953125 0.5416666666666666 0.03125 0.09722222222222222
0 0.800390625 0.47638888888888886 0.01640625 0.06666666666666667
2 0.83828125 0.5152777777777777 0.059375 0.125
0 0.401953125 0.9111111111111111 0.10546875 0.17777777777777778
3 0.719140625 0.3909722222222222 0.13359375 0.2152777777777778
3 0.8078125 0.39791666666666664 0.0578125 0.13472222222222222
0 0.774609375 0.46805555555555556 0.01953125 0.07777777777777778
0 0.746875 0.48055555555555557 0.0265625 0.08611111111111111
