0 0.396484375 0.8138888888888889 0.04453125 0.2361111111111111
0 0.416796875 0.6048611111111111 0.03359375 0.12361111111111112
0 0.438671875 0.5541666666666667 0.02890625 0.10277777777777777
0 0.260546875 0.8680555555555556 0.03671875 0.14166666666666666
0 0.322265625 0.6451388888888889 0.03046875 0.09861111111111111
0 0.362890625 0.55 0.01953125 0.07222222222222222
0 0.576171875 0.55 0.02421875 0.06388888888888888
0 0.5171875 0.4354166666666667 0.0171875 0.05138888888888889
0 0.494140625 0.4270833333333333 0.01171875 0.05138888888888889
0 0.48359375 0.3993055555555556 0.0109375 0.04027777777777778
