0 0.5921875 0.5590277777777778 0.0265625 0.09027777777777778
0 0.5515625 0.7708333333333334 0.0359375 0.1388888888888889
0 0.643359375 0.6194444444444445 0.03046875 0.11388888888888889
0 0.676953125 0.6833333333333333 0.03515625 0.1361111111111111
0 0.763671875 0.8472222222222222 0.03671875 0.16944444444444445
0 0.7625 0.6534722222222222 0.025 0.12361111111111112
0 0.74453125 0.5798611111111112 0.0234375 0.09305555555555556
0 0.91953125 0.6159722222222223 0.021875 0.09583333333333334
1 0.5078125 0.5180555555555556 0.0703125 0.09166666666666666
1 0.251171875 0.8256944444444444 0.17265625 0.16527777777777777
