1 0.172265625 0.2611111111111111 0.04765625 0.075
1 0.282421875 0.25 0.06953125 0.06111111111111111
1 0.257421875 0.34305555555555556 0.06953125 0.1
1 0.44765625 0.5041666666666667 0.1640625 0.23055555555555557
1 0.6890625 0.5027777777777778 0.084375 0.17222222222222222
0 0.096484375 0.25625 0.01484375 0.05416666666666667
0 0.2078125 0.2326388888888889 0.01875 0.05694444444444444
0 0.194140625 0.3861111111111111 0.03359375 0.1111111111111111
0 0.1953125 0.5631944444444444 0.05625 0.1763888888888889
0 0.40625 0.3611111111111111 0.05625 0.09166666666666666
0 0.409765625 0.6236111111111111 0.07265625 0.19166666666666668
0 0.3796875 0.78125 0.08125 0.24027777777777778
0 0.615234375 0.4527777777777778 0.03671875 0.12222222222222222
