0 0.69375 0.70625 0.0578125 0.18472222222222223
0 0.644921875 0.43333333333333335 0.02421875 0.08055555555555556
0 0.81640625 0.4618055555555556 0.0203125 0.06805555555555555
0 0.44609375 0.5666666666666667 0.0546875 0.12777777777777777
0 0.581640625 0.5020833333333333 0.03828125 0.10972222222222222
0 0.49140625 0.5090277777777777 0.0453125 0.10972222222222222
0 0.683984375 0.4236111111111111 0.03515625 0.06388888888888888
0 0.617578125 0.4534722222222222 0.02734375 0.08472222222222223
0 0.7328125 0.44513888888888886 0.021875 0.08194444444444444
0 0.858984375 0.45902777777777776 0.01640625 0.0625
0 0.83125 0.4340277777777778 0.0125 0.05416666666666667
0 0.728515625 0.39444444444444443 0.01328125 0.041666666666666664
