1 0.286328125 0.4375 0.09453125 0.14166666666666666
1 0.2140625 0.3645833333333333 0.075 0.10416666666666667
1 0.2515625 0.3076388888888889 0.0640625 0.08194444444444444
1 0.184375 0.2652777777777778 0.040625 0.06111111111111111
1 0.286328125 0.24722222222222223 0.08203125 0.07222222222222222
3 0.568359375 0.7138888888888889 0.35234375 0.5722222222222222
0 0.23125 0.5486111111111112 0.0375 0.16944444444444445
0 0.108984375 0.31805555555555554 0.03671875 0.07222222222222222
0 0.094140625 0.30694444444444446 0.02890625 0.06666666666666667
0 0.142578125 0.28888888888888886 0.01953125 0.08055555555555556
0 0.5171875 0.2604166666666667 0.0328125 0.06527777777777778
0 0.614453125 0.3611111111111111 0.04921875 0.08888888888888889
