0 0.760546875 0.89375 0.05703125 0.20694444444444443
0 0.691796875 0.41875 0.02109375 0.07083333333333333
0 0.75859375 0.6159722222222223 0.0265625 0.11805555555555555
0 0.7859375 0.5659722222222222 0.0203125 0.10416666666666667
0 0.644921875 0.4798611111111111 0.03203125 0.09861111111111111
0 0.59765625 0.5486111111111112 0.0375 0.125
0 0.7 0.7444444444444445 0.046875 0.18611111111111112
0 0.622265625 0.46041666666666664 0.02734375 0.08194444444444444
0 0.8171875 0.5666666666666667 0.025 0.08888888888888889
0 0.75 0.38055555555555554 0.015625 0.05555555555555555
0 0.74375 0.5486111111111112 0.025 0.09166666666666666
0 0.7953125 0.6881944444444444 0.0375 0.14583333333333334
0 0.844921875 0.5569444444444445 0.02265625 0.08888888888888889
0 0.628125 0.9215277777777777 0.0703125 0.15694444444444444
1 0.691796875 0.5166666666666667 0.07421875 0.10555555555555556
2 0.802734375 0.4388888888888889 0.06640625 0.11944444444444445
3 0.226171875 0.6923611111111111 0.45234375 0.6152777777777778
0 0.773828125 0.5069444444444444 0.01640625 0.06388888888888888
0 0.658203125 0.40208333333333335 0.01640625 0.05138888888888889
