0 0.627734375 0.7152777777777778 0.05078125 0.18611111111111112
0 0.74296875 0.5194444444444445 0.025 0.10277777777777777
0 0.809765625 0.4798611111111111 0.01953125 0.07916666666666666
0 0.530859375 0.6423611111111112 0.05390625 0.17916666666666667
0 0.781640625 0.5076388888888889 0.02421875 0.09583333333333334
0 0.4015625 0.8701388888888889 0.1125 0.2125
0 0.615234375 0.4479166666666667 0.02421875 0.07083333333333333
0 0.503515625 0.5020833333333333 0.04296875 0.10416666666666667
0 0.71171875 0.4486111111111111 0.021875 0.07777777777777778
0 0.72734375 0.68125 0.0375 0.17916666666666667
0 0.650390625 0.5097222222222222 0.02890625 0.10555555555555556
0 0.664453125 0.4125 0.02109375 0.06388888888888888
0 0.7359375 0.40555555555555556 0.0125 0.05555555555555555
0 0.859375 0.4597222222222222 0.015625 0.06111111111111111
0 0.766015625 0.39791666666666664 0.01484375 0.04861111111111111
0 0.63203125 0.6333333333333333 0.0390625 0.1361111111111111
1 0.384375 0.6388888888888888 0.2328125 0.26944444444444443
0 0.625390625 0.4736111111111111 0.02734375 0.11388888888888889
0 0.72265625 0.4263888888888889 0.015625 0.06666666666666667
0 0.7375 0.47291666666666665 0.01875 0.06805555555555555
