0 0.418359375 0.7409722222222223 0.06015625 0.1763888888888889
0 0.465234375 0.4930555555555556 0.06171875 0.1111111111111111
0 0.816796875 0.6840277777777778 0.05234375 0.14583333333333334
0 0.84765625 0.8659722222222223 0.0609375 0.18472222222222223
0 0.262109375 0.6979166666666666 0.04765625 0.15138888888888888
0 0.519140625 0.9333333333333333 0.07265625 0.13055555555555556
0 0.4328125 0.3159722222222222 0.0171875 0.09305555555555556
0 0.32265625 0.35625 0.021875 0.09861111111111111
0 0.20546875 0.37916666666666665 0.0453125 0.08333333333333333
0 0.281640625 0.3527777777777778 0.02421875 0.09722222222222222
0 0.32578125 0.7166666666666667 0.0484375 0.175
0 0.808984375 0.9256944444444445 0.07578125 0.14583333333333334
0 0.66796875 0.29791666666666666 0.0234375 0.07916666666666666
0 0.3765625 0.3527777777777778 0.015625 0.07777777777777778
0 0.81484375 0.5638888888888889 0.046875 0.13333333333333333
0 0.801171875 0.5895833333333333 0.05234375 0.13194444444444445
0 0.8140625 0.4361111111111111 0.0328125 0.08888888888888889
0 0.400390625 0.3125 0.01953125 0.10833333333333334
0 0.308203125 0.3145833333333333 0.02109375 0.08194444444444444
0 0.97734375 0.9569444444444445 0.0390625 0.08611111111111111
0 0.559375 0.17222222222222222 0.015625 0.044444444444444446
1 0.519921875 0.2 0.03203125 0.05555555555555555
1 0.46328125 0.2763888888888889 0.0375 0.07777777777777778
1 0.403125 0.26944444444444443 0.0328125 0.08888888888888889
3 0.08828125 0.8326388888888889 0.1734375 0.3347222222222222
0 0.36328125 0.3347222222222222 0.015625 0.07222222222222222
