0 0.619921875 0.2423611111111111 0.01640625 0.06527777777777778
0 0.321875 0.33611111111111114 0.0203125 0.09166666666666666
0 0.582421875 0.21597222222222223 0.01484375 0.059722222222222225
0 0.9421875 0.6756944444444445 0.05625 0.16805555555555557
0 0.909375 0.5020833333333333 0.0671875 0.10138888888888889
0 0.75390625 0.38333333333333336 0.0234375 0.09722222222222222
0 0.490625 0.3145833333333333 0.0171875 0.06805555555555555
0 0.466796875 0.31527777777777777 0.01796875 0.075
0 0.1109375 0.4513888888888889 0.0578125 0.08611111111111111
0 0.3515625 0.3013888888888889 0.0125 0.05555555555555555
0 0.391796875 0.2951388888888889 0.01328125 0.059722222222222225
0 0.9859375 0.76875 0.021875 0.14027777777777778
0 0.808984375 0.42430555555555555 0.03359375 0.09027777777777778
1 0.218359375 0.49583333333333335 0.17578125 0.14444444444444443
1 0.4171875 0.38333333333333336 0.0859375 0.08333333333333333
1 0.442578125 0.2798611111111111 0.03203125 0.08472222222222223
1 0.55703125 0.29305555555555557 0.0453125 0.08888888888888889
1 0.533984375 0.21041666666666667 0.03515625 0.06527777777777778
3 0.45703125 0.21180555555555555 0.0390625 0.11527777777777778
3 0.5109375 0.17083333333333334 0.0265625 0.07222222222222222
0 0.212890625 0.40902777777777777 0.03359375 0.0375
