0 0.467578125 0.7604166666666666 0.07578125 0.2263888888888889
0 0.52578125 0.5326388888888889 0.05 0.12083333333333333
0 0.69609375 0.4340277777777778 0.0203125 0.06805555555555555
0 0.58046875 0.4798611111111111 0.0328125 0.09305555555555556
0 0.723828125 0.48819444444444443 0.02421875 0.0875
0 0.604296875 0.8 0.06640625 0.21666666666666667
0 0.60859375 0.5618055555555556 0.0453125 0.12083333333333333
0 0.591796875 0.6958333333333333 0.05703125 0.175
0 0.75859375 0.49236111111111114 0.021875 0.0875
0 0.67890625 0.6486111111111111 0.040625 0.14444444444444443
0 0.690234375 0.5152777777777777 0.02734375 0.09444444444444444
0 0.598828125 0.4465277777777778 0.02890625 0.0875
0 0.7390625 0.4513888888888889 0.0171875 0.07222222222222222
0 0.80546875 0.4340277777777778 0.0125 0.05138888888888889
0 0.794140625 0.46875 0.01796875 0.02361111111111111
0 0.853515625 0.5479166666666667 0.02265625 0.08194444444444444
0 0.674609375 0.5597222222222222 0.03203125 0.09722222222222222
2 0.79609375 0.5791666666666667 0.0953125 0.19444444444444445
0 0.7875 0.4166666666666667 0.0109375 0.044444444444444446
0 0.754296875 0.3854166666666667 0.01328125 0.05694444444444444
0 0.82109375 0.42916666666666664 0.0140625 0.06388888888888888
