0 0.112109375 0.8284722222222223 0.07890625 0.1375
0 0.223046875 0.80625 0.07265625 0.13194444444444445
0 0.334375 0.7618055555555555 0.0625 0.13194444444444445
0 0.246875 0.9354166666666667 0.0828125 0.12638888888888888
0 0.78203125 0.6111111111111112 0.03125 0.1111111111111111
0 0.80703125 0.9326388888888889 0.0421875 0.13472222222222222
0 0.922265625 0.6194444444444445 0.01953125 0.1
1 0.551171875 0.5701388888888889 0.08671875 0.10138888888888889
1 0.51875 0.5069444444444444 0.0640625 0.075
1 0.44453125 0.85 0.1828125 0.225
