0 0.80078125 0.5423611111111111 0.0296875 0.09305555555555556
0 0.680859375 0.9034722222222222 0.07109375 0.19305555555555556
0 0.806640625 0.6180555555555556 0.03046875 0.1361111111111111
0 0.73828125 0.65625 0.0421875 0.15416666666666667
0 0.833984375 0.5194444444444445 0.02421875 0.08888888888888889
0 0.369921875 0.5173611111111112 0.04296875 0.10972222222222222
0 0.853125 0.4534722222222222 0.0140625 0.05416666666666667
1 0.585546875 0.6909722222222222 0.18046875 0.22083333333333333
1 0.258984375 0.6993055555555555 0.28984375 0.3236111111111111
1 0.78828125 0.44583333333333336 0.034375 0.06111111111111111
3 0.694140625 0.46597222222222223 0.14453125 0.22916666666666666
3 0.519140625 0.4875 0.21328125 0.29444444444444445
0 0.93203125 0.8854166666666666 0.0703125 0.09861111111111111
0 0.9109375 0.8291666666666667 0.04375 0.09722222222222222
3 0.771484375 0.46111111111111114 0.01796875 0.08055555555555556
0 0.776171875 0.3861111111111111 0.01015625 0.041666666666666664
0 0.906640625 0.54375 0.02578125 0.09027777777777778
