0 0.223046875 0.5479166666666667 0.03046875 0.1375
0 0.82265625 0.6888888888888889 0.053125 0.14444444444444443
0 0.30078125 0.7013888888888888 0.046875 0.18611111111111112
0 0.243359375 0.8659722222222223 0.04609375 0.20694444444444443
0 0.495703125 0.36666666666666664 0.01953125 0.09722222222222222
0 0.3703125 0.6041666666666666 0.028125 0.14722222222222223
0 0.2921875 0.5472222222222223 0.025 0.13333333333333333
0 0.69140625 0.4354166666666667 0.0234375 0.10138888888888889
0 0.307421875 0.4625 0.02109375 0.11666666666666667
0 0.339453125 0.5326388888888889 0.02421875 0.13472222222222222
0 0.61875 0.34375 0.01875 0.09861111111111111
0 0.35234375 0.4513888888888889 0.021875 0.11388888888888889
0 0.246484375 0.4111111111111111 0.02421875 0.10555555555555556
0 0.4296875 0.4395833333333333 0.01875 0.1125
0 0.41171875 0.5520833333333334 0.025 0.13194444444444445
0 0.161328125 0.5868055555555556 0.03828125 0.14305555555555555
0 0.646484375 0.45069444444444445 0.02734375 0.1125
0 0.2578125 0.6152777777777778 0.0328125 0.14166666666666666
0 0.902734375 0.7576388888888889 0.06171875 0.14305555555555555
0 0.41015625 0.3638888888888889 0.01875 0.09166666666666666
0 0.70703125 0.5652777777777778 0.0359375 0.125
0 0.712890625 0.6722222222222223 0.03359375 0.15
0 0.90078125 0.6465277777777778 0.053125 0.12361111111111112
0 0.278515625 0.4236111111111111 0.02265625 0.1
0 0.65234375 0.3145833333333333 0.0265625 0.07916666666666666
0 0.60234375 0.25625 0.01875 0.06805555555555555
0 0.778515625 0.6034722222222222 0.04609375 0.12916666666666668
0 0.384375 0.45208333333333334 0.015625 0.11527777777777778
0 0.316796875 0.3798611111111111 0.01796875 0.0875
0 0.347265625 0.35347222222222224 0.01953125 0.08472222222222223
0 0.830859375 0.5763888888888888 0.03359375 0.12222222222222222
0 0.257421875 0.5034722222222222 0.02421875 0.10972222222222222
0 0.478515625 0.29930555555555555 0.02109375 0.06805555555555555
0 0.08046875 0.3645833333333333 0.046875 0.06805555555555555
0 0.628515625 0.2847222222222222 0.01328125 0.06944444444444445
0 0.690625 0.9486111111111111 0.0515625 0.09444444444444444
0 0.291796875 0.3388888888888889 0.02265625 0.08055555555555556
0 0.793359375 0.5069444444444444 0.03515625 0.10277777777777777
0 0.408984375 0.2833333333333333 0.01484375 0.06666666666666667
0 0.36953125 0.3625 0.0171875 0.075
0 0.9875 0.8673611111111111 0.0203125 0.11805555555555555
1 0.66796875 0.7972222222222223 0.109375 0.2222222222222222
1 0.551171875 0.35138888888888886 0.05078125 0.09444444444444444
1 0.925390625 0.9368055555555556 0.13515625 0.12083333333333333
1 0.446875 0.2833333333333333 0.040625 0.08611111111111111
1 0.56484375 0.22361111111111112 0.0359375 0.08055555555555556
1 0.518359375 0.19652777777777777 0.02734375 0.06527777777777778
1 0.45703125 0.2298611111111111 0.0265625 0.05416666666666667
3 0.5640625 0.21875 0.034375 0.07361111111111111
