0 0.335546875 0.7152777777777778 0.08515625 0.2972222222222222
0 0.321484375 0.5833333333333334 0.08046875 0.25
0 0.35546875 0.3347222222222222 0.053125 0.15555555555555556
0 0.423046875 0.44583333333333336 0.05546875 0.175
0 0.441015625 0.32083333333333336 0.03671875 0.10555555555555556
0 0.516796875 0.33611111111111114 0.03828125 0.12777777777777777
0 0.5265625 0.42777777777777776 0.046875 0.14166666666666666
0 0.609375 0.33194444444444443 0.034375 0.10555555555555556
0 0.542578125 0.20902777777777778 0.02421875 0.07361111111111111
0 0.478515625 0.16111111111111112 0.03515625 0.06388888888888888
0 0.65390625 0.4527777777777778 0.0421875 0.14166666666666666
0 0.683203125 0.47708333333333336 0.04296875 0.1625
0 0.618359375 0.24722222222222223 0.02109375 0.08055555555555556
0 0.6796875 0.25 0.01875 0.06666666666666667
0 0.647265625 0.28402777777777777 0.02421875 0.0763888888888889
0 0.652734375 0.25 0.01484375 0.06111111111111111
