0 0.3453125 0.5986111111111111 0.053125 0.125
0 0.31328125 0.5673611111111111 0.0328125 0.12638888888888888
0 0.59296875 0.8368055555555556 0.075 0.1763888888888889
0 0.609765625 0.4722222222222222 0.02734375 0.1
0 0.4796875 0.43333333333333335 0.0296875 0.09166666666666666
0 0.694921875 0.4423611111111111 0.02109375 0.0763888888888889
0 0.791796875 0.47152777777777777 0.01796875 0.07361111111111111
0 0.756640625 0.4027777777777778 0.01015625 0.04722222222222222
0 0.74765625 0.38958333333333334 0.0109375 0.043055555555555555
0 0.82890625 0.4652777777777778 0.0203125 0.06111111111111111
0 0.806640625 0.4395833333333333 0.01328125 0.05416666666666667
