0 0.922265625 0.60625 0.02265625 0.0763888888888889
0 0.781640625 0.6194444444444445 0.02578125 0.11388888888888889
0 0.579296875 0.5451388888888888 0.02265625 0.09861111111111111
0 0.659765625 0.5451388888888888 0.02578125 0.08472222222222223
0 0.62109375 0.7548611111111111 0.0375 0.14583333333333334
0 0.681640625 0.7472222222222222 0.03515625 0.14444444444444443
0 0.799609375 0.7465277777777778 0.03515625 0.15138888888888888
0 0.484765625 0.9215277777777777 0.05703125 0.15694444444444444
0 0.57265625 0.9458333333333333 0.05625 0.10833333333333334
1 0.532421875 0.7118055555555556 0.10859375 0.1625
