0 0.675 0.7979166666666667 0.059375 0.1875
0 0.683984375 0.41875 0.02109375 0.06527777777777778
0 0.6203125 0.46458333333333335 0.0296875 0.09305555555555556
0 0.791796875 0.6291666666666667 0.03203125 0.1361111111111111
0 0.1 0.7111111111111111 0.09375 0.20555555555555555
0 0.560546875 0.4979166666666667 0.03359375 0.10416666666666667
0 0.81796875 0.5354166666666667 0.0265625 0.09583333333333334
0 0.790625 0.5409722222222222 0.0234375 0.10138888888888889
0 0.737890625 0.6125 0.03203125 0.14166666666666666
0 0.66796875 0.40902777777777777 0.0171875 0.05694444444444444
0 0.6046875 0.40694444444444444 0.03125 0.07222222222222222
1 0.441015625 0.5895833333333333 0.19453125 0.24305555555555555
1 0.715625 0.5326388888888889 0.084375 0.11805555555555555
1 0.727734375 0.41041666666666665 0.03984375 0.0625
3 0.776953125 0.41458333333333336 0.07890625 0.1486111111111111
1 0.298828125 0.8680555555555556 0.37421875 0.2638888888888889
0 0.494140625 0.45902777777777776 0.02734375 0.043055555555555555
0 0.539453125 0.4166666666666667 0.03515625 0.075
0 0.934375 0.8909722222222223 0.078125 0.10694444444444444
0 0.9171875 0.8326388888888889 0.05625 0.10416666666666667
0 0.852734375 0.5069444444444444 0.01796875 0.08888888888888889
0 0.794921875 0.4909722222222222 0.02421875 0.06805555555555555
0 0.728125 0.4152777777777778 0.0359375 0.075
0 0.70390625 0.4048611111111111 0.0171875 0.06527777777777778
0 0.626171875 0.5986111111111111 0.10078125 0.16666666666666666
