0 0.828125 0.51875 0.0171875 0.08194444444444444
0 0.64765625 0.4444444444444444 0.025 0.07777777777777778
0 0.49609375 0.5868055555555556 0.0578125 0.1375
0 0.451171875 0.54375 0.04453125 0.15138888888888888
0 0.235546875 0.675 0.06796875 0.21666666666666667
0 0.107421875 0.6395833333333333 0.07109375 0.14305555555555555
0 0.32109375 0.58125 0.0484375 0.1375
0 0.65234375 0.8597222222222223 0.0609375 0.22777777777777777
0 0.41171875 0.9083333333333333 0.125 0.18333333333333332
0 0.6859375 0.40625 0.0171875 0.06527777777777778
0 0.73125 0.40694444444444444 0.0171875 0.06388888888888888
