0 0.189453125 0.4909722222222222 0.03046875 0.1375
0 0.1828125 0.40902777777777777 0.0609375 0.09027777777777778
0 0.1453125 0.36736111111111114 0.05625 0.08472222222222223
0 0.19921875 0.3284722222222222 0.025 0.09027777777777778
0 0.098046875 0.29791666666666666 0.01640625 0.0625
0 0.14453125 0.2569444444444444 0.0140625 0.06666666666666667
0 0.216796875 0.24375 0.02109375 0.059722222222222225
1 0.27734375 0.24166666666666667 0.0703125 0.06666666666666667
1 0.305859375 0.35208333333333336 0.09453125 0.13472222222222222
1 0.6921875 0.44027777777777777 0.0984375 0.11666666666666667
