0 0.79296875 0.5201388888888889 0.046875 0.10972222222222222
0 0.042578125 0.6604166666666667 0.08515625 0.14027777777777778
0 0.74609375 0.4895833333333333 0.0265625 0.11805555555555555
0 0.62109375 0.4215277777777778 0.0203125 0.10138888888888889
0 0.432421875 0.48194444444444445 0.02421875 0.12222222222222222
0 0.578515625 0.7555555555555555 0.04296875 0.19722222222222222
0 0.46171875 0.8951388888888889 0.0453125 0.17916666666666667
0 0.323828125 0.49236111111111114 0.03359375 0.11805555555555555
0 0.25078125 0.48125 0.0328125 0.12638888888888888
0 0.2859375 0.5055555555555555 0.028125 0.1111111111111111
0 0.245703125 0.7111111111111111 0.05078125 0.14444444444444443
0 0.859765625 0.5444444444444444 0.05390625 0.10833333333333334
0 0.209375 0.47152777777777777 0.0265625 0.0875
0 0.391796875 0.61875 0.03515625 0.1597222222222222
0 0.378515625 0.2972222222222222 0.01796875 0.07222222222222222
0 0.359375 0.5020833333333333 0.028125 0.12638888888888888
0 0.69453125 0.5173611111111112 0.03125 0.12361111111111112
0 0.08125 0.36527777777777776 0.0484375 0.075
0 0.41484375 0.29583333333333334 0.0171875 0.08055555555555556
0 0.647265625 0.29444444444444445 0.02265625 0.06944444444444445
0 0.009765625 0.3388888888888889 0.01796875 0.09166666666666666
0 0.40078125 0.5347222222222222 0.0390625 0.1361111111111111
0 0.795703125 0.4597222222222222 0.04921875 0.08611111111111111
1 0.299609375 0.6465277777777778 0.14453125 0.19305555555555556
1 0.470703125 0.6590277777777778 0.08984375 0.2013888888888889
1 0.066015625 0.47847222222222224 0.13203125 0.12916666666666668
1 0.603515625 0.25555555555555554 0.04296875 0.06111111111111111
1 0.57265625 0.36527777777777776 0.0671875 0.11388888888888889
2 0.295703125 0.35555555555555557 0.11796875 0.15555555555555556
3 0.451953125 0.25625 0.04296875 0.11805555555555555
0 0.29140625 0.4375 0.025 0.05
0 0.737890625 0.4284722222222222 0.01640625 0.05416666666666667
0 0.591015625 0.3138888888888889 0.10078125 0.05
0 0.60703125 0.3548611111111111 0.0140625 0.0625
