0 0.740625 0.64375 0.0375 0.1375
0 0.808984375 0.625 0.04140625 0.12777777777777777
3 0.153125 0.5958333333333333 0.153125 0.35
0 0.0390625 0.6333333333333333 0.0375 0.11944444444444445
0 0.312109375 0.3527777777777778 0.04609375 0.06111111111111111
1 0.3734375 0.31180555555555556 0.0390625 0.07916666666666666
0 0.5578125 0.30833333333333335 0.01875 0.06388888888888888
0 0.5875 0.2826388888888889 0.0125 0.05138888888888889
2 0.503515625 0.3909722222222222 0.06171875 0.12361111111111112
0 0.346484375 0.49722222222222223 0.00078125 0.002777777777777778
0 0.263671875 0.3263888888888889 0.01796875 0.05277777777777778
