0 0.625390625 0.8923611111111112 0.04765625 0.2152777777777778
0 0.257421875 0.8701388888888889 0.03828125 0.15416666666666667
0 0.32109375 0.6486111111111111 0.0265625 0.09444444444444444
0 0.219921875 0.9048611111111111 0.03515625 0.16805555555555557
0 0.3625 0.5472222222222223 0.01875 0.06944444444444445
0 0.454296875 0.4861111111111111 0.01796875 0.075
0 0.50078125 0.5361111111111111 0.01875 0.08888888888888889
0 0.546875 0.5479166666666667 0.021875 0.09583333333333334
0 0.50546875 0.4798611111111111 0.0140625 0.05694444444444444
0 0.449609375 0.40694444444444444 0.01171875 0.03888888888888889
