0 0.6515625 0.45069444444444445 0.0265625 0.08472222222222223
0 0.667578125 0.6173611111111111 0.04140625 0.1486111111111111
0 0.265625 0.6263888888888889 0.071875 0.17222222222222222
0 0.292578125 0.8451388888888889 0.10234375 0.2569444444444444
0 0.769140625 0.6027777777777777 0.03046875 0.13333333333333333
0 0.775 0.5034722222222222 0.025 0.09305555555555556
0 0.67578125 0.8972222222222223 0.06875 0.2
0 0.46328125 0.9076388888888889 0.090625 0.18472222222222223
0 0.61875 0.5131944444444444 0.034375 0.10972222222222222
0 0.815234375 0.5006944444444444 0.02265625 0.08472222222222223
0 0.6109375 0.4375 0.0265625 0.07777777777777778
0 0.689453125 0.4409722222222222 0.02265625 0.07916666666666666
0 0.728125 0.5201388888888889 0.0265625 0.09583333333333334
0 0.800390625 0.44166666666666665 0.01484375 0.06666666666666667
0 0.752734375 0.3958333333333333 0.01484375 0.05
0 0.316015625 0.6770833333333334 0.09140625 0.19305555555555556
0 0.7328125 0.39375 0.0140625 0.04861111111111111
0 0.728125 0.4625 0.0203125 0.06666666666666667
0 0.837890625 0.4361111111111111 0.01328125 0.05555555555555555
0 0.8234375 0.4479166666666667 0.0140625 0.05138888888888889
0 0.859375 0.4597222222222222 0.015625 0.06111111111111111
