0 0.097265625 0.2701388888888889 0.01953125 0.0625
0 0.12890625 0.29097222222222224 0.0203125 0.07916666666666666
0 0.248046875 0.2326388888888889 0.03515625 0.0625
0 0.493359375 0.3770833333333333 0.05546875 0.09305555555555556
0 0.706640625 0.5388888888888889 0.05390625 0.15555555555555556
0 0.325390625 0.8256944444444444 0.08515625 0.25972222222222224
1 0.1984375 0.2965277777777778 0.0578125 0.0875
1 0.2234375 0.25555555555555554 0.040625 0.06388888888888888
1 0.26953125 0.3638888888888889 0.084375 0.11944444444444445
1 0.328125 0.3194444444444444 0.0859375 0.13055555555555556
1 0.465234375 0.5131944444444444 0.16015625 0.2375
1 0.815625 0.7125 0.175 0.275
