1 0.575390625 0.6451388888888889 0.11015625 0.19027777777777777
3 0.5765625 0.4791666666666667 0.0640625 0.1361111111111111
3 0.696875 0.4951388888888889 0.1 0.19583333333333333
1 0.659375 0.4013888888888889 0.0609375 0.07222222222222222
3 0.194921875 0.7326388888888888 0.36796875 0.5319444444444444
3 0.340234375 0.3458333333333333 0.08359375 0.24444444444444444
1 0.708203125 0.9368055555555556 0.14921875 0.12638888888888888
0 0.2609375 0.34930555555555554 0.015625 0.059722222222222225
0 0.274609375 0.32430555555555557 0.01640625 0.05694444444444444
0 0.766796875 0.3701388888888889 0.02734375 0.08194444444444444
0 0.81171875 0.36736111111111114 0.028125 0.09027777777777778
0 0.7328125 0.3993055555555556 0.0234375 0.04583333333333333
