0 0.830078125 0.5333333333333333 0.02109375 0.08888888888888889
0 0.806640625 0.5076388888888889 0.01953125 0.0763888888888889
0 0.73828125 0.7131944444444445 0.046875 0.1763888888888889
0 0.287890625 0.6076388888888888 0.07421875 0.17083333333333334
0 0.534765625 0.50625 0.03984375 0.10972222222222222
0 0.808203125 0.6597222222222222 0.03359375 0.14444444444444443
0 0.579296875 0.4597222222222222 0.03203125 0.08888888888888889
0 0.85078125 0.5048611111111111 0.01875 0.08194444444444444
0 0.785546875 0.5583333333333333 0.02578125 0.09444444444444444
0 0.768359375 0.6 0.02890625 0.10833333333333334
3 0.117578125 0.6895833333333333 0.23515625 0.43472222222222223
0 0.476171875 0.46597222222222223 0.03515625 0.07361111111111111
0 0.25234375 0.5854166666666667 0.05 0.10138888888888889
3 0.675 0.53125 0.1453125 0.24583333333333332
3 0.77578125 0.40555555555555556 0.090625 0.20277777777777778
0 0.555078125 0.4284722222222222 0.03984375 0.05694444444444444
0 0.937109375 0.8868055555555555 0.07578125 0.1125
0 0.923046875 0.8381944444444445 0.06640625 0.11527777777777778
0 0.82421875 0.4840277777777778 0.021875 0.08194444444444444
0 0.84296875 0.4340277777777778 0.0171875 0.05416666666666667
0 0.858984375 0.45 0.01640625 0.058333333333333334
