0 0.666015625 0.8263888888888888 0.06015625 0.2111111111111111
0 0.166796875 0.6708333333333333 0.08203125 0.15555555555555556
0 0.743359375 0.5159722222222223 0.02734375 0.10416666666666667
0 0.838671875 0.46111111111111114 0.01796875 0.06111111111111111
0 0.572265625 0.50625 0.03828125 0.10694444444444444
0 0.478125 0.5465277777777777 0.0546875 0.12361111111111112
0 0.72734375 0.4354166666666667 0.0171875 0.07083333333333333
0 0.76875 0.45416666666666666 0.01875 0.07777777777777778
0 0.8015625 0.46875 0.01875 0.07361111111111111
0 0.630078125 0.4395833333333333 0.02890625 0.09027777777777778
0 0.705078125 0.40902777777777777 0.01328125 0.05138888888888889
1 0.6890625 0.47291666666666665 0.06875 0.09583333333333334
