0 0.31484375 0.5736111111111111 0.0703125 0.125
0 0.495703125 0.6145833333333334 0.08046875 0.12638888888888888
0 0.4625 0.7861111111111111 0.0484375 0.18888888888888888
0 0.197265625 0.6444444444444445 0.08984375 0.1361111111111111
0 0.558203125 0.34375 0.01796875 0.09027777777777778
0 0.386328125 0.6576388888888889 0.07890625 0.14583333333333334
0 0.400390625 0.4625 0.04453125 0.09722222222222222
0 0.852734375 0.5347222222222222 0.05234375 0.1
0 0.579296875 0.24097222222222223 0.01640625 0.06805555555555555
0 0.591015625 0.3527777777777778 0.02265625 0.08888888888888889
0 0.2765625 0.40555555555555556 0.0328125 0.1
0 0.080078125 0.38263888888888886 0.04921875 0.0875
0 0.23828125 0.6 0.0625 0.11944444444444445
0 0.04921875 0.36736111111111114 0.0453125 0.08194444444444444
0 0.815234375 0.4354166666666667 0.03359375 0.09027777777777778
0 0.64140625 0.27569444444444446 0.025 0.07361111111111111
0 0.4875 0.32569444444444445 0.0234375 0.0763888888888889
0 0.32109375 0.325 0.021875 0.08611111111111111
0 0.009765625 0.3402777777777778 0.01796875 0.09722222222222222
0 0.76796875 0.45208333333333334 0.053125 0.09861111111111111
0 0.34765625 0.2965277777777778 0.021875 0.06805555555555555
0 0.42421875 0.5611111111111111 0.040625 0.08888888888888889
0 0.4125 0.5909722222222222 0.053125 0.10416666666666667
1 0.08984375 0.5590277777777778 0.1796875 0.1625
1 0.685546875 0.4722222222222222 0.13515625 0.10833333333333334
1 0.504296875 0.5194444444444445 0.16171875 0.1388888888888889
3 0.4078125 0.38472222222222224 0.1234375 0.14444444444444443
0 0.145703125 0.5986111111111111 0.07265625 0.13055555555555556
