0 0.27421875 0.6243055555555556 0.0453125 0.19583333333333333
0 0.18125 0.4798611111111111 0.0296875 0.12083333333333333
0 0.20703125 0.4409722222222222 0.0234375 0.11805555555555555
0 0.135546875 0.3645833333333333 0.02109375 0.09305555555555556
0 0.1046875 0.29375 0.0125 0.0625
0 0.414453125 0.8243055555555555 0.07578125 0.2763888888888889
3 0.6015625 0.33194444444444443 0.1421875 0.13055555555555556
3 0.308203125 0.2951388888888889 0.07578125 0.14027777777777778
1 0.146875 0.23055555555555557 0.028125 0.03888888888888889
1 0.2125 0.2777777777777778 0.0515625 0.06666666666666667
1 0.2078125 0.3333333333333333 0.05 0.08333333333333333
1 0.273828125 0.41944444444444445 0.08828125 0.11666666666666667
1 0.38203125 0.425 0.1015625 0.125
1 0.47421875 0.41597222222222224 0.1 0.11527777777777778
1 0.479296875 0.7013888888888888 0.21953125 0.32222222222222224
1 0.77734375 0.7819444444444444 0.1890625 0.275
0 0.774609375 0.45625 0.02890625 0.10972222222222222
