0 0.366015625 0.2708333333333333 0.03984375 0.11666666666666667
0 0.41015625 0.2673611111111111 0.04375 0.13194444444444445
0 0.4421875 0.2833333333333333 0.0234375 0.10277777777777777
0 0.449609375 0.3416666666666667 0.03984375 0.1388888888888889
0 0.375 0.3840277777777778 0.0546875 0.15694444444444444
0 0.537890625 0.5 0.04453125 0.175
0 0.569921875 0.3680555555555556 0.03828125 0.11388888888888889
0 0.64140625 0.3298611111111111 0.021875 0.09583333333333334
0 0.596875 0.26666666666666666 0.0265625 0.09444444444444444
0 0.6375 0.26875 0.0171875 0.0763888888888889
0 0.669140625 0.2652777777777778 0.02109375 0.075
0 0.587890625 0.21180555555555555 0.01640625 0.06527777777777778
0 0.6515625 0.21458333333333332 0.021875 0.0625
0 0.6140625 0.18680555555555556 0.0171875 0.05694444444444444
