1 0.21171875 0.25833333333333336 0.0546875 0.08333333333333333
1 0.540625 0.25833333333333336 0.0828125 0.05555555555555555
3 0.165234375 0.25972222222222224 0.05859375 0.125
3 0.296484375 0.22916666666666666 0.10390625 0.11666666666666667
1 0.423828125 0.25625 0.09453125 0.07916666666666666
0 0.1234375 0.3458333333333333 0.01875 0.09722222222222222
0 0.112890625 0.2965277777777778 0.01328125 0.05138888888888889
0 0.16328125 0.36319444444444443 0.0234375 0.09861111111111111
0 0.20703125 0.3541666666666667 0.0265625 0.09722222222222222
0 0.7265625 0.5909722222222222 0.03125 0.16805555555555557
0 0.7421875 0.47291666666666665 0.0390625 0.11527777777777778
0 0.714453125 0.4131944444444444 0.03828125 0.10416666666666667
