1 0.144140625 0.2833333333333333 0.04609375 0.08611111111111111
1 0.317578125 0.3229166666666667 0.07734375 0.10138888888888889
3 0.1484375 0.23055555555555557 0.04375 0.08611111111111111
3 0.215234375 0.28055555555555556 0.07890625 0.15
2 0.658203125 0.4826388888888889 0.10703125 0.23472222222222222
1 0.718359375 0.7958333333333333 0.30859375 0.39444444444444443
0 0.0859375 0.25763888888888886 0.0203125 0.05138888888888889
0 0.275 0.2423611111111111 0.0265625 0.05416666666666667
0 0.340625 0.2520833333333333 0.0375 0.0625
0 0.39453125 0.25555555555555554 0.0390625 0.06944444444444445
0 0.29375 0.6361111111111111 0.0609375 0.20555555555555555
