0 0.338671875 0.5222222222222223 0.02890625 0.14166666666666666
0 0.73671875 0.45208333333333334 0.0265625 0.10416666666666667
0 0.189453125 0.6277777777777778 0.04140625 0.16666666666666666
0 0.30859375 0.43680555555555556 0.0234375 0.10972222222222222
0 0.705859375 0.4791666666666667 0.02265625 0.11944444444444445
0 0.793359375 0.9340277777777778 0.07265625 0.13194444444444445
0 0.6359375 0.5180555555555556 0.034375 0.125
0 0.674609375 0.46597222222222223 0.02109375 0.10694444444444444
0 0.879296875 0.9368055555555556 0.06953125 0.12638888888888888
0 0.162109375 0.4215277777777778 0.05703125 0.09305555555555556
0 0.7609375 0.5451388888888888 0.028125 0.12083333333333333
0 0.728515625 0.6069444444444444 0.03515625 0.13333333333333333
0 0.805078125 0.6159722222222223 0.03515625 0.14583333333333334
0 0.25234375 0.3854166666666667 0.0234375 0.10416666666666667
0 0.9109375 0.6597222222222222 0.040625 0.14166666666666666
0 0.97265625 0.8083333333333333 0.0390625 0.16666666666666666
0 0.156640625 0.5868055555555556 0.03671875 0.15416666666666667
0 0.58671875 0.3576388888888889 0.021875 0.09583333333333334
0 0.394921875 0.3236111111111111 0.01953125 0.08611111111111111
0 0.86953125 0.4652777777777778 0.0546875 0.1
0 0.885546875 0.7659722222222223 0.05390625 0.15416666666666667
0 0.7828125 0.49375 0.0296875 0.10416666666666667
0 0.08125 0.3645833333333333 0.0546875 0.07083333333333333
0 0.649609375 0.4076388888888889 0.02421875 0.10416666666666667
0 0.672265625 0.3388888888888889 0.02265625 0.07222222222222222
0 0.81640625 0.5618055555555556 0.034375 0.12916666666666668
0 0.634765625 0.3388888888888889 0.01953125 0.08055555555555556
0 0.706640625 0.39444444444444443 0.02890625 0.08611111111111111
0 0.634765625 0.9354166666666667 0.05234375 0.11527777777777778
0 0.634375 0.28402777777777777 0.025 0.06527777777777778
1 0.55078125 0.6305555555555555 0.096875 0.19722222222222222
1 0.56015625 0.22847222222222222 0.0375 0.07083333333333333
1 0.588671875 0.2965277777777778 0.04140625 0.059722222222222225
3 0.446484375 0.3527777777777778 0.06328125 0.18333333333333332
1 0.68984375 0.7868055555555555 0.121875 0.2875
3 0.4625 0.17083333333333334 0.03125 0.08888888888888889
0 0.87578125 0.6625 0.040625 0.08888888888888889
