0 0.4671875 0.8756944444444444 0.0953125 0.2263888888888889
0 0.631640625 0.8840277777777777 0.08203125 0.23194444444444445
0 0.36875 0.5902777777777778 0.06875 0.175
0 0.783203125 0.49375 0.01953125 0.07361111111111111
0 0.621875 0.4798611111111111 0.034375 0.09861111111111111
0 0.543359375 0.5395833333333333 0.04296875 0.13472222222222222
0 0.105078125 0.8173611111111111 0.11640625 0.24583333333333332
0 0.830078125 0.5618055555555556 0.02578125 0.09861111111111111
0 0.448828125 0.5222222222222223 0.04609375 0.13055555555555556
0 0.768359375 0.7416666666666667 0.04609375 0.18055555555555555
0 0.712890625 0.7416666666666667 0.05234375 0.175
0 0.816796875 0.5055555555555555 0.01953125 0.07777777777777778
0 0.71328125 0.42986111111111114 0.01875 0.06527777777777778
0 0.564453125 0.49236111111111114 0.03203125 0.1125
0 0.778125 0.5722222222222222 0.0328125 0.11388888888888889
0 0.324609375 0.5541666666666667 0.06015625 0.14722222222222223
0 0.844140625 0.49166666666666664 0.01640625 0.06666666666666667
0 0.58828125 0.43333333333333335 0.04375 0.08611111111111111
0 0.657421875 0.6694444444444444 0.04296875 0.16111111111111112
0 0.619140625 0.7423611111111111 0.05234375 0.1625
0 0.72734375 0.41597222222222224 0.015625 0.059722222222222225
1 0.696875 0.5541666666666667 0.1015625 0.15
1 0.773046875 0.45902777777777776 0.04140625 0.07361111111111111
3 0.79140625 0.4048611111111111 0.0625 0.12638888888888888
0 0.092578125 0.7604166666666666 0.10859375 0.25416666666666665
0 0.934765625 0.8909722222222223 0.07578125 0.11527777777777778
0 0.915234375 0.8326388888888889 0.05859375 0.10972222222222222
0 0.7046875 0.41388888888888886 0.015625 0.06666666666666667
0 0.741796875 0.46319444444444446 0.04765625 0.0625
