0 0.67578125 0.8527777777777777 0.08125 0.23333333333333334
0 0.7 0.4395833333333333 0.01875 0.07361111111111111
0 0.85703125 0.50625 0.0203125 0.07916666666666666
0 0.6203125 0.4361111111111111 0.025 0.07777777777777778
0 0.816015625 0.5513888888888889 0.02578125 0.10277777777777777
0 0.082421875 0.8006944444444445 0.11796875 0.2513888888888889
0 0.730078125 0.6444444444444445 0.03984375 0.1388888888888889
0 0.769140625 0.54375 0.02578125 0.09583333333333334
0 0.83046875 0.47430555555555554 0.01875 0.06527777777777778
0 0.594921875 0.4597222222222222 0.03203125 0.09444444444444444
0 0.7859375 0.6034722222222222 0.0328125 0.12361111111111112
0 0.67578125 0.45069444444444445 0.025 0.07916666666666666
0 0.639453125 0.4895833333333333 0.02578125 0.09027777777777778
0 0.476953125 0.46805555555555556 0.03515625 0.07777777777777778
0 0.0765625 0.6881944444444444 0.1171875 0.18194444444444444
1 0.684765625 0.5659722222222222 0.10703125 0.13194444444444445
3 0.7578125 0.45902777777777776 0.0703125 0.15416666666666667
0 0.842578125 0.4673611111111111 0.01171875 0.04583333333333333
0 0.669140625 0.43125 0.01953125 0.07083333333333333
0 0.250390625 0.5916666666666667 0.08203125 0.1111111111111111
1 0.328125 0.8659722222222223 0.328125 0.26805555555555555
0 0.7 0.93125 0.071875 0.1375
0 0.939453125 0.8909722222222223 0.08359375 0.1125
0 0.926171875 0.8347222222222223 0.07421875 0.11388888888888889
0 0.5546875 0.42569444444444443 0.0390625 0.059722222222222225
3 0.799609375 0.39166666666666666 0.06953125 0.18055555555555555
0 0.644921875 0.4527777777777778 0.02578125 0.07777777777777778
