0 0.641796875 0.7631944444444444 0.02734375 0.13472222222222222
0 0.689453125 0.7965277777777777 0.03515625 0.14027777777777778
0 0.756640625 0.8618055555555556 0.03984375 0.17083333333333334
0 0.709375 0.6743055555555556 0.0375 0.13194444444444445
0 0.85234375 0.6569444444444444 0.0296875 0.11666666666666667
0 0.547265625 0.5055555555555555 0.02890625 0.06388888888888888
0 0.69765625 0.5395833333333333 0.015625 0.059722222222222225
0 0.7328125 0.5506944444444445 0.0171875 0.0763888888888889
1 0.390234375 0.6888888888888889 0.11484375 0.1388888888888889
1 0.4890625 0.8548611111111111 0.159375 0.20694444444444443
