0 0.7359375 0.4395833333333333 0.0421875 0.09861111111111111
0 0.276953125 0.65625 0.08203125 0.14305555555555555
0 0.657421875 0.3972222222222222 0.02734375 0.09166666666666666
0 0.321484375 0.32569444444444445 0.02265625 0.09027777777777778
0 0.532421875 0.3972222222222222 0.05078125 0.09444444444444444
0 0.065625 0.6722222222222223 0.0859375 0.11944444444444445
0 0.190625 0.6972222222222222 0.0953125 0.14444444444444443
0 0.56484375 0.22777777777777777 0.015625 0.06666666666666667
0 0.41171875 0.24513888888888888 0.0140625 0.07083333333333333
0 0.387109375 0.23055555555555557 0.01484375 0.06388888888888888
0 0.034375 0.8236111111111111 0.053125 0.1638888888888889
0 0.681640625 0.5083333333333333 0.06015625 0.10555555555555556
0 0.15078125 0.5166666666666667 0.0578125 0.1
0 0.697265625 0.4527777777777778 0.03515625 0.09444444444444444
0 0.3671875 0.2875 0.01875 0.08333333333333333
0 0.830859375 0.46597222222222223 0.05234375 0.09305555555555556
0 0.128125 0.63125 0.0640625 0.11805555555555555
0 0.589453125 0.2590277777777778 0.01953125 0.06805555555555555
0 0.058203125 0.5326388888888889 0.05703125 0.10694444444444444
0 0.629296875 0.475 0.05546875 0.09166666666666666
0 0.1140625 0.46597222222222223 0.0484375 0.09861111111111111
0 0.20390625 0.5201388888888889 0.0328125 0.11527777777777778
0 0.605078125 0.24305555555555555 0.01640625 0.06944444444444445
0 0.081640625 0.3659722222222222 0.06015625 0.07361111111111111
0 0.0421875 0.40694444444444444 0.0546875 0.07777777777777778
0 0.22421875 0.625 0.053125 0.09166666666666666
0 0.01015625 0.33819444444444446 0.0171875 0.08194444444444444
0 0.026953125 0.46458333333333335 0.03515625 0.09027777777777778
1 0.292578125 0.47847222222222224 0.09609375 0.1125
1 0.39453125 0.6027777777777777 0.0828125 0.175
1 0.44921875 0.19930555555555557 0.0265625 0.07361111111111111
3 0.51953125 0.19166666666666668 0.04375 0.10277777777777777
0 0.216796875 0.5791666666666667 0.07265625 0.08888888888888889
