0 0.7453125 0.50625 0.028125 0.10138888888888889
0 0.524609375 0.5069444444444444 0.04140625 0.11666666666666667
0 0.801953125 0.4597222222222222 0.02265625 0.08055555555555556
0 0.65078125 0.4534722222222222 0.0265625 0.0875
0 0.712109375 0.43125 0.02109375 0.0763888888888889
0 0.755078125 0.3923611111111111 0.01640625 0.05138888888888889
2 0.834375 0.5090277777777777 0.0625 0.1125
0 0.733203125 0.3784722222222222 0.01171875 0.05416666666666667
0 0.8421875 0.43125 0.0140625 0.04861111111111111
0 0.831640625 0.41805555555555557 0.01484375 0.05277777777777778
0 0.80703125 0.4152777777777778 0.01875 0.05277777777777778
