0 0.7453125 0.7159722222222222 0.0421875 0.17916666666666667
0 0.8234375 0.5201388888888889 0.0234375 0.08472222222222223
0 0.790234375 0.575 0.02734375 0.11388888888888889
0 0.1421875 0.6958333333333333 0.084375 0.2
0 0.621875 0.4875 0.0296875 0.09444444444444444
0 0.594140625 0.5347222222222222 0.03671875 0.11666666666666667
1 0.791796875 0.4486111111111111 0.01796875 0.058333333333333334
0 0.841015625 0.5069444444444444 0.02109375 0.07777777777777778
0 0.197265625 0.6277777777777778 0.06171875 0.15833333333333333
0 0.576171875 0.47291666666666665 0.02265625 0.09305555555555556
1 0.63515625 0.6361111111111111 0.14375 0.17777777777777778
3 0.709765625 0.4625 0.13046875 0.22777777777777777
3 0.41875 0.5444444444444444 0.3109375 0.41388888888888886
0 0.062109375 0.6944444444444444 0.07734375 0.16111111111111112
0 0.24296875 0.5881944444444445 0.0609375 0.10416666666666667
0 0.61875 0.4479166666666667 0.0265625 0.0763888888888889
0 0.934765625 0.8923611111111112 0.07734375 0.11527777777777778
0 0.91328125 0.8347222222222223 0.05 0.10555555555555556
0 0.90703125 0.54375 0.028125 0.09027777777777778
0 0.828515625 0.44930555555555557 0.01484375 0.05694444444444444
