0 0.258984375 0.8680555555555556 0.04296875 0.15
0 0.38984375 0.7347222222222223 0.0390625 0.17222222222222222
0 0.497265625 0.6402777777777777 0.03515625 0.14166666666666666
0 0.408984375 0.6506944444444445 0.02734375 0.13194444444444445
0 0.42265625 0.5902777777777778 0.028125 0.10833333333333334
0 0.32109375 0.6416666666666667 0.034375 0.09444444444444444
1 0.505859375 0.5888888888888889 0.07265625 0.125
0 0.6875 0.7354166666666667 0.0578125 0.13194444444444445
0 0.5421875 0.49930555555555556 0.0203125 0.06805555555555555
0 0.519140625 0.4527777777777778 0.01484375 0.05277777777777778
1 0.436328125 0.4340277777777778 0.03515625 0.07361111111111111
0 0.5984375 0.5590277777777778 0.01875 0.06527777777777778
0 0.47734375 0.4305555555555556 0.0140625 0.05555555555555555
0 0.49921875 0.4263888888888889 0.0140625 0.05
