0 0.59609375 0.8194444444444444 0.084375 0.225
0 0.76875 0.4909722222222222 0.0234375 0.0875
0 0.483203125 0.8125 0.08671875 0.225
0 0.719921875 0.41944444444444445 0.01953125 0.06666666666666667
0 0.81484375 0.48819444444444443 0.021875 0.08472222222222223
0 0.341015625 0.5930555555555556 0.07109375 0.16666666666666666
0 0.424609375 0.6048611111111111 0.06953125 0.17916666666666667
0 0.325 0.8326388888888889 0.109375 0.23472222222222222
0 0.720703125 0.6020833333333333 0.03203125 0.14583333333333334
0 0.557421875 0.49236111111111114 0.03984375 0.09861111111111111
0 0.744921875 0.5493055555555556 0.02734375 0.10972222222222222
0 0.537890625 0.4701388888888889 0.03203125 0.10972222222222222
0 0.683203125 0.4375 0.02890625 0.08055555555555556
0 0.7984375 0.5777777777777777 0.028125 0.11944444444444445
0 0.836328125 0.4479166666666667 0.01484375 0.0625
0 0.735546875 0.3902777777777778 0.01328125 0.05277777777777778
0 0.7875 0.44722222222222224 0.0171875 0.06666666666666667
0 0.859375 0.45902777777777776 0.015625 0.0625
0 0.69921875 0.3958333333333333 0.015625 0.05
0 0.81796875 0.4444444444444444 0.0203125 0.05277777777777778
