0 0.808984375 0.5034722222222222 0.02109375 0.08472222222222223
0 0.829296875 0.5458333333333333 0.02421875 0.09722222222222222
0 0.746484375 0.6159722222222223 0.03515625 0.13194444444444445
0 0.575 0.46319444444444446 0.03125 0.0875
0 0.79296875 0.6590277777777778 0.034375 0.14583333333333334
0 0.6421875 0.4340277777777778 0.025 0.0763888888888889
0 0.85703125 0.5173611111111112 0.0203125 0.0763888888888889
3 0.6828125 0.5222222222222223 0.1265625 0.20555555555555555
1 0.75234375 0.49236111111111114 0.0453125 0.10138888888888889
3 0.4828125 0.7131944444444445 0.3234375 0.42083333333333334
0 0.073828125 0.6708333333333333 0.07890625 0.11666666666666667
0 0.153515625 0.7368055555555556 0.07265625 0.17083333333333334
0 0.540625 0.9472222222222222 0.0953125 0.10555555555555556
0 0.93828125 0.8861111111111111 0.0765625 0.11388888888888889
0 0.921484375 0.8340277777777778 0.06328125 0.09861111111111111
0 0.693359375 0.39652777777777776 0.02109375 0.05138888888888889
0 0.734765625 0.38472222222222224 0.01484375 0.05555555555555555
0 0.74296875 0.38472222222222224 0.0140625 0.041666666666666664
0 0.915234375 0.5819444444444445 0.03359375 0.11388888888888889
