0 0.92109375 0.6 0.025 0.07777777777777778
0 0.789453125 0.5638888888888889 0.02265625 0.06388888888888888
0 0.771484375 0.6222222222222222 0.03046875 0.1111111111111111
0 0.71796875 0.6513888888888889 0.0328125 0.1111111111111111
0 0.704296875 0.7659722222222223 0.03046875 0.15694444444444444
0 0.766015625 0.7340277777777777 0.02734375 0.12361111111111112
0 0.756640625 0.8618055555555556 0.03671875 0.17083333333333334
1 0.52421875 0.5513888888888889 0.0859375 0.1111111111111111
1 0.636328125 0.6347222222222222 0.08359375 0.13333333333333333
1 0.509765625 0.8944444444444445 0.16796875 0.2111111111111111
