0 0.682421875 0.4736111111111111 0.03046875 0.16111111111111112
0 0.36640625 0.30625 0.046875 0.12916666666666668
0 0.52890625 0.21805555555555556 0.025 0.09166666666666666
0 0.543359375 0.25763888888888886 0.02890625 0.10138888888888889
0 0.530078125 0.35 0.04140625 0.12222222222222222
0 0.496484375 0.39375 0.04921875 0.14305555555555555
0 0.485546875 0.5277777777777778 0.07421875 0.18888888888888888
0 0.2828125 0.7930555555555555 0.1203125 0.2638888888888889
0 0.478515625 0.16041666666666668 0.03828125 0.06527777777777778
0 0.609765625 0.32569444444444445 0.02734375 0.1125
0 0.57421875 0.3659722222222222 0.0375 0.12083333333333333
0 0.643359375 0.25833333333333336 0.02109375 0.07777777777777778
0 0.57890625 0.21041666666666667 0.0203125 0.06805555555555555
0 0.651953125 0.45 0.03984375 0.14444444444444443
0 0.5984375 0.18333333333333332 0.015625 0.05277777777777778
