0 0.558984375 0.4909722222222222 0.04296875 0.10972222222222222
0 0.768359375 0.6159722222222223 0.03671875 0.12916666666666668
0 0.355859375 0.7423611111111111 0.07265625 0.18194444444444444
0 0.448828125 0.5479166666666667 0.05234375 0.13194444444444445
0 0.3703125 0.5590277777777778 0.0546875 0.12361111111111112
0 0.6109375 0.9194444444444444 0.0734375 0.16111111111111112
0 0.83125 0.5375 0.025 0.09444444444444444
0 0.688671875 0.6597222222222222 0.04140625 0.14722222222222223
0 0.245703125 0.6277777777777778 0.06640625 0.1361111111111111
0 0.020703125 0.7555555555555555 0.04140625 0.17222222222222222
0 0.322265625 0.6166666666666667 0.05390625 0.13055555555555556
0 0.6484375 0.4527777777777778 0.0234375 0.08055555555555556
0 0.84375 0.4652777777777778 0.01875 0.07222222222222222
0 0.4953125 0.5006944444444444 0.04375 0.10694444444444444
0 0.751171875 0.5625 0.02421875 0.10555555555555556
1 0.494921875 0.7291666666666666 0.18671875 0.21666666666666667
1 0.634375 0.5729166666666666 0.1046875 0.15138888888888888
3 0.716015625 0.45416666666666666 0.09140625 0.15833333333333333
3 0.782421875 0.4375 0.03046875 0.10555555555555556
0 0.91484375 0.5798611111111112 0.028125 0.10694444444444444
