0 0.683984375 0.6583333333333333 0.03359375 0.15833333333333333
0 0.441015625 0.5868055555555556 0.05390625 0.14305555555555555
0 0.150390625 0.7034722222222223 0.08984375 0.19583333333333333
0 0.696484375 0.44375 0.02109375 0.08472222222222223
0 0.76484375 0.5194444444444445 0.021875 0.10277777777777777
0 0.81015625 0.5173611111111112 0.025 0.09027777777777778
2 0.773046875 0.44305555555555554 0.06171875 0.08333333333333333
3 0.810546875 0.37569444444444444 0.05078125 0.12361111111111112
0 0.84296875 0.4798611111111111 0.015625 0.07916666666666666
0 0.715625 0.4 0.0125 0.06111111111111111
0 0.681640625 0.4201388888888889 0.01640625 0.0625
0 0.481640625 0.4395833333333333 0.03046875 0.09305555555555556
