0 0.80078125 0.5201388888888889 0.0234375 0.09305555555555556
0 0.286328125 0.6611111111111111 0.08359375 0.19722222222222222
0 0.783984375 0.7 0.04609375 0.16111111111111112
0 0.43984375 0.6284722222222222 0.06875 0.19305555555555556
0 0.8546875 0.45 0.015625 0.058333333333333334
0 0.825 0.5006944444444444 0.021875 0.08472222222222223
0 0.3953125 0.55 0.04375 0.14444444444444443
0 0.50234375 0.53125 0.040625 0.1375
0 0.477734375 0.4708333333333333 0.03671875 0.06111111111111111
0 0.226171875 0.6069444444444444 0.07265625 0.15833333333333333
0 0.06171875 0.8611111111111112 0.1234375 0.2777777777777778
3 0.65859375 0.5006944444444444 0.265625 0.45694444444444443
3 0.8046875 0.3993055555555556 0.0453125 0.11805555555555555
0 0.924609375 0.83125 0.07265625 0.09583333333333334
0 0.939453125 0.8805555555555555 0.08671875 0.11666666666666667
