0 0.529296875 0.7993055555555556 0.05390625 0.19583333333333333
0 0.63828125 0.8743055555555556 0.0421875 0.22361111111111112
0 0.422265625 0.6659722222222222 0.03515625 0.15416666666666667
0 0.258984375 0.8729166666666667 0.03984375 0.15694444444444444
0 0.21640625 0.9041666666666667 0.05 0.1527777777777778
0 0.321484375 0.64375 0.03203125 0.10972222222222222
0 0.36484375 0.54375 0.0265625 0.08472222222222223
0 0.541796875 0.55 0.02734375 0.1111111111111111
0 0.531640625 0.6743055555555556 0.04765625 0.13194444444444445
0 0.52421875 0.5055555555555555 0.01875 0.08888888888888889
