3 0.546484375 0.33541666666666664 0.20859375 0.1736111111111111
1 0.429296875 0.4527777777777778 0.11328125 0.17222222222222222
0 0.122265625 0.26666666666666666 0.01953125 0.06388888888888888
0 0.212109375 0.4486111111111111 0.03515625 0.12777777777777777
0 0.26015625 0.43125 0.034375 0.12916666666666668
0 0.266796875 0.24027777777777778 0.03515625 0.06388888888888888
0 0.331640625 0.24722222222222223 0.03046875 0.058333333333333334
0 0.36953125 0.25416666666666665 0.034375 0.06666666666666667
0 0.396875 0.25 0.0296875 0.06388888888888888
0 0.738671875 0.4826388888888889 0.03203125 0.12083333333333333
