0 0.333203125 0.13472222222222222 0.03984375 0.06944444444444445
0 0.382421875 0.34097222222222223 0.04921875 0.14583333333333334
0 0.40390625 0.6402777777777777 0.08125 0.25
0 0.566015625 0.4388888888888889 0.05234375 0.1638888888888889
0 0.65078125 0.45208333333333334 0.046875 0.15416666666666667
0 0.677734375 0.47430555555555554 0.04140625 0.18472222222222223
0 0.63046875 0.29305555555555557 0.0296875 0.1
0 0.665234375 0.2534722222222222 0.02109375 0.06805555555555555
0 0.5421875 0.23402777777777778 0.021875 0.08194444444444444
0 0.571484375 0.20069444444444445 0.02109375 0.0625
0 0.477734375 0.16180555555555556 0.03828125 0.07083333333333333
0 0.61953125 0.17847222222222223 0.0171875 0.05416666666666667
