0 0.218359375 0.6895833333333333 0.08515625 0.22083333333333333
0 0.43828125 0.8229166666666666 0.05625 0.23472222222222222
0 0.340625 0.6659722222222222 0.08125 0.19305555555555556
0 0.63046875 0.4930555555555556 0.03125 0.09444444444444444
0 0.48125 0.5583333333333333 0.0453125 0.15
0 0.42578125 0.5416666666666666 0.0515625 0.13333333333333333
0 0.5515625 0.5611111111111111 0.04375 0.1361111111111111
0 0.072265625 0.6694444444444444 0.10703125 0.18333333333333332
0 0.8359375 0.4875 0.021875 0.08333333333333333
0 0.589453125 0.4756944444444444 0.02890625 0.09027777777777778
0 0.363671875 0.5819444444444445 0.05703125 0.13333333333333333
0 0.55703125 0.475 0.0328125 0.09722222222222222
1 0.6328125 0.6347222222222222 0.146875 0.16944444444444445
3 0.713671875 0.45 0.12421875 0.2111111111111111
0 0.294921875 0.5868055555555556 0.05859375 0.15138888888888888
0 0.24453125 0.5909722222222222 0.06875 0.10416666666666667
0 0.485546875 0.47708333333333336 0.03359375 0.0763888888888889
0 0.935546875 0.8930555555555556 0.07734375 0.12222222222222222
0 0.912109375 0.8333333333333334 0.05078125 0.10555555555555556
0 0.579296875 0.4388888888888889 0.01953125 0.058333333333333334
0 0.548828125 0.41944444444444445 0.02734375 0.05277777777777778
0 0.581640625 0.4173611111111111 0.03359375 0.06527777777777778
