0 0.298046875 0.13125 0.03671875 0.07083333333333333
0 0.214453125 0.4576388888888889 0.08203125 0.20694444444444443
0 0.33203125 0.6527777777777778 0.0953125 0.25555555555555554
0 0.47578125 0.8736111111111111 0.1078125 0.25277777777777777
0 0.48515625 0.42083333333333334 0.05625 0.16666666666666666
0 0.551953125 0.4909722222222222 0.05078125 0.17916666666666667
0 0.637109375 0.4513888888888889 0.04765625 0.15555555555555556
0 0.03359375 0.5520833333333334 0.0671875 0.22361111111111112
0 0.66328125 0.2152777777777778 0.01875 0.05555555555555555
0 0.6875 0.22152777777777777 0.015625 0.05694444444444444
