0 0.78671875 0.5840277777777778 0.028125 0.11805555555555555
0 0.735546875 0.7236111111111111 0.04140625 0.16666666666666666
0 0.575 0.9131944444444444 0.0953125 0.1736111111111111
0 0.394140625 0.5493055555555556 0.04921875 0.12638888888888888
0 0.367578125 0.48055555555555557 0.03203125 0.10555555555555556
0 0.534375 0.5284722222222222 0.046875 0.10972222222222222
0 0.6015625 0.5090277777777777 0.03125 0.07361111111111111
0 0.590234375 0.46041666666666664 0.01953125 0.0763888888888889
0 0.653125 0.425 0.0125 0.07222222222222222
0 0.664453125 0.4395833333333333 0.01640625 0.07083333333333333
0 0.683984375 0.46805555555555556 0.01953125 0.08611111111111111
0 0.82734375 0.47708333333333336 0.0171875 0.07361111111111111
3 0.7390625 0.4708333333333333 0.09375 0.17777777777777778
