0 0.130078125 0.43819444444444444 0.05859375 0.10694444444444444
0 0.430859375 0.39305555555555555 0.04921875 0.08611111111111111
0 0.5625 0.5361111111111111 0.059375 0.12222222222222222
0 0.300390625 0.3298611111111111 0.01953125 0.0875
0 0.32109375 0.42291666666666666 0.05 0.09027777777777778
0 0.603515625 0.28541666666666665 0.01796875 0.0875
0 0.55078125 0.3125 0.0171875 0.08611111111111111
0 0.551171875 0.21458333333333332 0.01484375 0.05694444444444444
0 0.3234375 0.3020833333333333 0.0234375 0.08194444444444444
0 0.96484375 0.7013888888888888 0.046875 0.15833333333333333
0 0.080859375 0.36527777777777776 0.05234375 0.075
0 0.5875 0.21736111111111112 0.015625 0.05694444444444444
0 0.482421875 0.28680555555555554 0.01640625 0.06805555555555555
0 0.34609375 0.2972222222222222 0.0234375 0.06944444444444445
0 0.398828125 0.29791666666666666 0.01328125 0.059722222222222225
1 0.214453125 0.8770833333333333 0.20703125 0.24583333333333332
1 0.52578125 0.19791666666666666 0.028125 0.059722222222222225
3 0.44921875 0.25277777777777777 0.0453125 0.13333333333333333
