0 0.292578125 0.43472222222222223 0.07265625 0.20277777777777778
0 0.214453125 0.8534722222222222 0.12734375 0.29305555555555557
0 0.458203125 0.7159722222222222 0.08828125 0.2791666666666667
0 0.42578125 0.5701388888888889 0.06875 0.2263888888888889
0 0.579296875 0.4097222222222222 0.04453125 0.15833333333333333
0 0.4515625 0.27569444444444446 0.0328125 0.1125
0 0.3125 0.11805555555555555 0.0359375 0.06666666666666667
0 0.501171875 0.17291666666666666 0.03359375 0.06527777777777778
0 0.6265625 0.23125 0.0203125 0.07361111111111111
0 0.681640625 0.34375 0.03359375 0.10416666666666667
0 0.676171875 0.25416666666666665 0.01796875 0.075
0 0.607421875 0.18125 0.01640625 0.043055555555555555
0 0.6546875 0.21597222222222223 0.0203125 0.06527777777777778
0 0.633984375 0.16666666666666666 0.01484375 0.05
0 0.66953125 0.225 0.015625 0.06388888888888888
