0 0.612109375 0.8243055555555555 0.07890625 0.22083333333333333
0 0.793359375 0.5909722222222222 0.02890625 0.11527777777777778
0 0.476171875 0.46875 0.03671875 0.0625
0 0.7453125 0.6611111111111111 0.04375 0.15
0 0.441796875 0.9104166666666667 0.12578125 0.17916666666666667
0 0.833984375 0.5625 0.02421875 0.1
0 0.8546875 0.45069444444444445 0.0140625 0.0625
0 0.832421875 0.46597222222222223 0.01484375 0.059722222222222225
0 0.254296875 0.6006944444444444 0.07578125 0.10972222222222222
0 0.66640625 0.39791666666666664 0.01875 0.05138888888888889
3 0.640234375 0.5604166666666667 0.16953125 0.2763888888888889
3 0.761328125 0.41597222222222224 0.11640625 0.24861111111111112
0 0.555859375 0.4222222222222222 0.04140625 0.05277777777777778
0 0.93515625 0.8895833333333333 0.0796875 0.10138888888888889
0 0.926171875 0.8347222222222223 0.08359375 0.10833333333333334
0 0.844140625 0.475 0.01953125 0.06388888888888888
3 0.68828125 0.3902777777777778 0.046875 0.08611111111111111
