0 0.629296875 0.8180555555555555 0.08046875 0.2222222222222222
0 0.280859375 0.6076388888888888 0.07578125 0.1875
0 0.683203125 0.45069444444444445 0.02421875 0.08194444444444444
0 0.40546875 0.6111111111111112 0.0640625 0.18055555555555555
0 0.71484375 0.4125 0.0171875 0.06388888888888888
0 0.805078125 0.4756944444444444 0.02265625 0.07916666666666666
0 0.774609375 0.40902777777777777 0.01484375 0.05416666666666667
0 0.840625 0.45069444444444445 0.01875 0.059722222222222225
0 0.517578125 0.5472222222222223 0.04609375 0.12777777777777777
0 0.76640625 0.5097222222222222 0.025 0.1
0 0.7453125 0.39652777777777776 0.0140625 0.04861111111111111
