0 0.6640625 0.8194444444444444 0.0578125 0.2361111111111111
0 0.359375 0.7465277777777778 0.090625 0.22361111111111112
0 0.28515625 0.6256944444444444 0.0796875 0.17083333333333334
0 0.51171875 0.6138888888888889 0.0578125 0.16111111111111112
0 0.591796875 0.5416666666666666 0.04296875 0.13055555555555556
0 0.569921875 0.4840277777777778 0.03046875 0.09861111111111111
0 0.534765625 0.5298611111111111 0.03515625 0.10138888888888889
0 0.50390625 0.48125 0.0296875 0.11527777777777778
0 0.63671875 0.48055555555555557 0.021875 0.10277777777777777
0 0.71015625 0.47291666666666665 0.021875 0.08472222222222223
0 0.6703125 0.44513888888888886 0.021875 0.07916666666666666
0 0.791796875 0.49027777777777776 0.01796875 0.08333333333333333
0 0.7359375 0.45208333333333334 0.01875 0.07916666666666666
0 0.830078125 0.4736111111111111 0.01484375 0.07222222222222222
0 0.81015625 0.44166666666666665 0.0140625 0.06388888888888888
1 0.658984375 0.64375 0.13359375 0.1763888888888889
