0 0.633203125 0.7909722222222222 0.05546875 0.1763888888888889
0 0.544140625 0.7493055555555556 0.06015625 0.17083333333333334
0 0.21484375 0.6506944444444445 0.05625 0.1763888888888889
0 0.448828125 0.5375 0.04140625 0.11666666666666667
0 0.425390625 0.5104166666666666 0.02265625 0.09305555555555556
0 0.687890625 0.5618055555555556 0.02734375 0.12083333333333333
0 0.737890625 0.5395833333333333 0.02265625 0.1125
0 0.771875 0.5569444444444445 0.0265625 0.11944444444444445
0 0.817578125 0.5597222222222222 0.02421875 0.10555555555555556
0 0.67578125 0.42569444444444443 0.0171875 0.05694444444444444
1 0.785546875 0.43472222222222223 0.04765625 0.12222222222222222
0 0.846484375 0.4625 0.01640625 0.07777777777777778
0 0.82890625 0.4423611111111111 0.0203125 0.06527777777777778
