0 0.871484375 0.7694444444444445 0.07109375 0.2
0 0.0609375 0.2638888888888889 0.015625 0.058333333333333334
0 0.203125 0.23958333333333334 0.021875 0.05416666666666667
0 0.22734375 0.23958333333333334 0.0296875 0.04861111111111111
0 0.281640625 0.27152777777777776 0.03984375 0.05138888888888889
0 0.109765625 0.3333333333333333 0.02109375 0.08611111111111111
0 0.205859375 0.3229166666666667 0.04609375 0.07916666666666666
0 0.1578125 0.42291666666666666 0.034375 0.12361111111111112
3 0.27890625 0.23402777777777778 0.0890625 0.09305555555555556
3 0.4015625 0.2361111111111111 0.10625 0.10555555555555556
1 0.116796875 0.25763888888888886 0.03984375 0.07083333333333333
1 0.153515625 0.23819444444444443 0.03515625 0.04861111111111111
1 0.28671875 0.36041666666666666 0.090625 0.13472222222222222
1 0.53046875 0.5958333333333333 0.1875 0.2722222222222222
