0 0.2859375 0.43472222222222223 0.059375 0.10277777777777777
0 0.292578125 0.33819444444444446 0.02421875 0.09027777777777778
0 0.18828125 0.45208333333333334 0.0625 0.10138888888888889
0 0.4484375 0.33958333333333335 0.0328125 0.0875
0 0.253515625 0.35555555555555557 0.03515625 0.09166666666666666
0 0.63515625 0.2590277777777778 0.0171875 0.07083333333333333
0 0.602734375 0.24513888888888888 0.01796875 0.07083333333333333
0 0.09921875 0.43125 0.0546875 0.08472222222222223
0 0.52421875 0.37777777777777777 0.0359375 0.09444444444444444
0 0.142578125 0.37916666666666665 0.04765625 0.07777777777777778
0 0.48828125 0.2833333333333333 0.0296875 0.06666666666666667
0 0.948046875 0.48055555555555557 0.07109375 0.1111111111111111
0 0.564453125 0.19791666666666666 0.01640625 0.05694444444444444
0 0.35390625 0.2951388888888889 0.0203125 0.07361111111111111
0 0.4234375 0.2951388888888889 0.0203125 0.07361111111111111
0 0.384375 0.2875 0.021875 0.075
0 0.331640625 0.29583333333333334 0.02421875 0.075
0 0.316796875 0.29791666666666666 0.02421875 0.0763888888888889
1 0.4953125 0.35138888888888886 0.0609375 0.08055555555555556
1 0.70703125 0.4652777777777778 0.1375 0.12222222222222222
1 0.53515625 0.22777777777777777 0.03125 0.058333333333333334
1 0.56640625 0.28680555555555554 0.0421875 0.06805555555555555
1 0.4578125 0.28055555555555556 0.0328125 0.08888888888888889
0 0.0828125 0.39375 0.04375 0.0625
