0 0.27734375 0.68125 0.0875 0.2152777777777778
0 0.182421875 0.6486111111111111 0.09453125 0.18333333333333332
0 0.846875 0.48194444444444445 0.01875 0.075
0 0.660546875 0.8090277777777778 0.05234375 0.17916666666666667
0 0.814453125 0.64375 0.03203125 0.14027777777777778
0 0.76015625 0.70625 0.0421875 0.1597222222222222
0 0.81171875 0.5020833333333333 0.01875 0.0763888888888889
0 0.566015625 0.4395833333333333 0.03046875 0.09027777777777778
0 0.72109375 0.6451388888888889 0.0375 0.15138888888888888
0 0.7828125 0.6027777777777777 0.025 0.10277777777777777
0 0.79375 0.5451388888888888 0.021875 0.08472222222222223
0 0.66796875 0.42569444444444443 0.0203125 0.07083333333333333
0 0.67890625 0.6618055555555555 0.04375 0.14305555555555555
1 0.70546875 0.5451388888888888 0.0953125 0.12083333333333333
1 0.628125 0.48125 0.090625 0.10138888888888889
3 0.750390625 0.43194444444444446 0.09609375 0.18055555555555555
1 0.18984375 0.9229166666666667 0.3765625 0.15416666666666667
0 0.55 0.4222222222222222 0.034375 0.05277777777777778
0 0.935546875 0.8902777777777777 0.07421875 0.10833333333333334
0 0.913671875 0.8298611111111112 0.05390625 0.11527777777777778
0 0.67421875 0.49166666666666664 0.034375 0.08888888888888889
0 0.821484375 0.4777777777777778 0.01640625 0.06944444444444445
0 0.6046875 0.61875 0.1078125 0.1763888888888889
