0 0.809375 0.4930555555555556 0.01875 0.07777777777777778
0 0.7828125 0.7395833333333334 0.040625 0.17916666666666667
0 0.283203125 0.6097222222222223 0.08828125 0.1638888888888889
0 0.6671875 0.8513888888888889 0.078125 0.23333333333333334
0 0.8375 0.5145833333333333 0.021875 0.0875
0 0.785546875 0.5465277777777777 0.02578125 0.10694444444444444
0 0.728125 0.4097222222222222 0.015625 0.05277777777777778
0 0.389453125 0.65 0.06171875 0.18333333333333332
0 0.80703125 0.6173611111111111 0.0296875 0.11527777777777778
0 0.698828125 0.6854166666666667 0.03984375 0.14583333333333334
0 0.366015625 0.5229166666666667 0.06953125 0.12083333333333333
0 0.71171875 0.39652777777777776 0.015625 0.05416666666666667
0 0.35859375 0.4736111111111111 0.034375 0.09722222222222222
0 0.784765625 0.4895833333333333 0.01796875 0.06527777777777778
3 0.72578125 0.4979166666666667 0.0453125 0.12361111111111112
0 0.8515625 0.46458333333333335 0.0140625 0.059722222222222225
3 0.563671875 0.5729166666666666 0.29140625 0.41805555555555557
0 0.2390625 0.5923611111111111 0.0609375 0.09027777777777778
0 0.935546875 0.8881944444444444 0.08359375 0.11805555555555555
0 0.919921875 0.8409722222222222 0.06171875 0.10972222222222222
1 0.757421875 0.4701388888888889 0.04140625 0.0875
1 0.783203125 0.44166666666666665 0.03984375 0.06666666666666667
