0 0.92109375 0.60625 0.0171875 0.06527777777777778
0 0.70859375 0.5979166666666667 0.0296875 0.10138888888888889
0 0.632421875 0.5638888888888889 0.03046875 0.08888888888888889
0 0.501953125 0.5451388888888888 0.02734375 0.09027777777777778
0 0.534765625 0.6583333333333333 0.03671875 0.12777777777777777
0 0.683203125 0.6770833333333334 0.03203125 0.12916666666666668
0 0.6296875 0.74375 0.040625 0.15138888888888888
0 0.530859375 0.8159722222222222 0.04765625 0.15416666666666667
0 0.43125 0.7243055555555555 0.0421875 0.13472222222222222
0 0.791015625 0.8388888888888889 0.03671875 0.16111111111111112
0 0.7609375 0.9506944444444444 0.0453125 0.09861111111111111
