0 0.7671875 0.9034722222222222 0.0578125 0.19305555555555556
0 0.612890625 0.7854166666666667 0.05859375 0.19305555555555556
0 0.80078125 0.5979166666666667 0.0234375 0.11527777777777778
0 0.7453125 0.6666666666666666 0.0359375 0.1527777777777778
0 0.786328125 0.5236111111111111 0.01953125 0.08611111111111111
0 0.74765625 0.39444444444444443 0.015625 0.05555555555555555
0 0.852734375 0.55625 0.02421875 0.09583333333333334
0 0.69140625 0.6965277777777777 0.040625 0.15694444444444444
0 0.758203125 0.5743055555555555 0.02734375 0.09861111111111111
0 0.807421875 0.5319444444444444 0.01640625 0.05555555555555555
1 0.7453125 0.4777777777777778 0.053125 0.08333333333333333
1 0.6953125 0.43819444444444444 0.046875 0.07361111111111111
3 0.44296875 0.5923611111111111 0.4765625 0.5736111111111111
2 0.817578125 0.42986111111111114 0.05859375 0.12083333333333333
0 0.830859375 0.4965277777777778 0.01796875 0.0763888888888889
0 0.8625 0.4895833333333333 0.0125 0.05694444444444444
0 0.80078125 0.4722222222222222 0.015625 0.05277777777777778
