0 0.578515625 0.9256944444444445 0.07734375 0.1486111111111111
0 0.73828125 0.8868055555555555 0.075 0.2263888888888889
0 0.628515625 0.7861111111111111 0.07265625 0.19444444444444445
0 0.442578125 0.5444444444444444 0.05546875 0.11944444444444445
0 0.71796875 0.5458333333333333 0.034375 0.11944444444444445
0 0.73203125 0.6701388888888888 0.0421875 0.15694444444444444
0 0.7859375 0.51875 0.021875 0.10138888888888889
0 0.8265625 0.5243055555555556 0.0203125 0.09027777777777778
0 0.755078125 0.4527777777777778 0.02265625 0.06944444444444445
0 0.706640625 0.4083333333333333 0.02109375 0.05555555555555555
1 0.78984375 0.4465277777777778 0.0375 0.06805555555555555
1 0.49921875 0.7402777777777778 0.1875 0.21388888888888888
