0 0.478515625 0.15833333333333333 0.03671875 0.06111111111111111
0 0.466796875 0.3548611111111111 0.04296875 0.15416666666666667
0 0.378515625 0.38680555555555557 0.07265625 0.19305555555555556
0 0.65390625 0.45208333333333334 0.0453125 0.14305555555555555
0 0.680078125 0.4777777777777778 0.04296875 0.16111111111111112
0 0.677734375 0.2590277777777778 0.02421875 0.07361111111111111
0 0.646484375 0.24027777777777778 0.02578125 0.06666666666666667
0 0.53046875 0.26458333333333334 0.025 0.0875
0 0.6078125 0.17569444444444443 0.01875 0.04861111111111111
0 0.637109375 0.1840277777777778 0.01640625 0.05694444444444444
