0 0.667578125 0.8645833333333334 0.05859375 0.20416666666666666
0 0.525390625 0.8909722222222223 0.08203125 0.20416666666666666
0 0.0734375 0.6861111111111111 0.0859375 0.16666666666666666
0 0.61953125 0.6708333333333333 0.0578125 0.16666666666666666
0 0.596875 0.4909722222222222 0.03125 0.09305555555555556
0 0.763671875 0.7493055555555556 0.03359375 0.16527777777777777
0 0.563671875 0.46111111111111114 0.03671875 0.08888888888888889
0 0.41015625 0.8222222222222222 0.084375 0.18611111111111112
0 0.405859375 0.5430555555555555 0.05234375 0.125
0 0.430859375 0.6305555555555555 0.05234375 0.15
0 0.66640625 0.6736111111111112 0.0421875 0.14722222222222223
0 0.60546875 0.5722222222222222 0.0328125 0.1111111111111111
0 0.555859375 0.6284722222222222 0.04765625 0.14583333333333334
0 0.53359375 0.7416666666666667 0.0609375 0.1527777777777778
3 0.694921875 0.40625 0.14296875 0.1986111111111111
2 0.823046875 0.4236111111111111 0.05703125 0.10833333333333334
0 0.8234375 0.5111111111111111 0.0125 0.05555555555555555
0 0.84453125 0.5645833333333333 0.0171875 0.10694444444444444
0 0.830078125 0.5416666666666666 0.01796875 0.09722222222222222
0 0.812109375 0.55625 0.01796875 0.05694444444444444
0 0.8171875 0.6402777777777777 0.028125 0.11666666666666667
0 0.78359375 0.6590277777777778 0.025 0.11805555555555555
0 0.76640625 0.6277777777777778 0.0203125 0.1
0 0.747265625 0.5729166666666666 0.02265625 0.10416666666666667
0 0.732421875 0.5340277777777778 0.02109375 0.10138888888888889
0 0.769140625 0.49166666666666664 0.01640625 0.08333333333333333
0 0.703125 0.60625 0.0328125 0.14027777777777778
0 0.659375 0.5701388888888889 0.028125 0.11805555555555555
0 0.65 0.525 0.0265625 0.10277777777777777
0 0.688671875 0.5354166666666667 0.02578125 0.09305555555555556
