0 0.47890625 0.25972222222222224 0.0390625 0.13333333333333333
0 0.49140625 0.28958333333333336 0.04375 0.12916666666666668
0 0.2453125 0.44375 0.0796875 0.24861111111111112
0 0.4171875 0.5673611111111111 0.0953125 0.2625
0 0.495703125 0.7111111111111111 0.08828125 0.29444444444444445
0 0.230859375 0.8361111111111111 0.15703125 0.3277777777777778
0 0.273046875 0.9430555555555555 0.14765625 0.11388888888888889
0 0.592578125 0.38680555555555557 0.02734375 0.12638888888888888
0 0.56171875 0.34444444444444444 0.028125 0.11944444444444445
0 0.62734375 0.3347222222222222 0.025 0.11388888888888889
0 0.559375 0.25763888888888886 0.0234375 0.09861111111111111
0 0.575 0.20625 0.0171875 0.06527777777777778
0 0.608984375 0.19166666666666668 0.01640625 0.058333333333333334
0 0.683203125 0.2881944444444444 0.02265625 0.08472222222222223
0 0.642578125 0.2652777777777778 0.02109375 0.075
0 0.65859375 0.2513888888888889 0.015625 0.075
