0 0.82109375 0.7736111111111111 0.0765625 0.22777777777777777
0 0.39921875 0.68125 0.0625 0.22916666666666666
0 0.70390625 0.4777777777777778 0.040625 0.13333333333333333
0 0.75 0.4722222222222222 0.040625 0.125
0 0.1015625 0.28541666666666665 0.0265625 0.0763888888888889
0 0.241015625 0.23958333333333334 0.03046875 0.0625
0 0.30703125 0.25416666666666665 0.0328125 0.06944444444444445
0 0.4328125 0.2611111111111111 0.0375 0.06944444444444445
1 0.15859375 0.24305555555555555 0.0328125 0.05277777777777778
1 0.216796875 0.2875 0.06328125 0.09722222222222222
