1 0.57109375 0.7263888888888889 0.11875 0.15833333333333333
1 0.559375 0.55625 0.0703125 0.10972222222222222
1 0.130859375 0.9625 0.16171875 0.075
3 0.17421875 0.7340277777777777 0.2640625 0.2847222222222222
0 0.61328125 0.5805555555555556 0.021875 0.10277777777777777
0 0.6515625 0.5770833333333333 0.0234375 0.09861111111111111
0 0.746875 0.5840277777777778 0.0234375 0.09861111111111111
0 0.8140625 0.6229166666666667 0.028125 0.10694444444444444
0 0.844921875 0.5909722222222222 0.02578125 0.09027777777777778
0 0.75546875 0.6930555555555555 0.034375 0.12777777777777777
0 0.682421875 0.6451388888888889 0.02890625 0.11805555555555555
0 0.657421875 0.7090277777777778 0.04140625 0.1125
0 0.70546875 0.7652777777777777 0.0390625 0.14166666666666666
0 0.765234375 0.9034722222222222 0.04609375 0.17083333333333334
0 0.652734375 0.9090277777777778 0.05078125 0.16527777777777777
0 0.548828125 0.8659722222222223 0.04609375 0.16805555555555557
