0 0.921484375 0.6055555555555555 0.02421875 0.06388888888888888
0 0.913671875 0.7173611111111111 0.02421875 0.1125
0 0.8453125 0.6888888888888889 0.0296875 0.13333333333333333
0 0.80703125 0.5923611111111111 0.021875 0.10694444444444444
0 0.730078125 0.6027777777777777 0.02578125 0.09722222222222222
0 0.684765625 0.7618055555555555 0.03984375 0.15694444444444444
0 0.6296875 0.6847222222222222 0.0265625 0.13055555555555556
0 0.594140625 0.5638888888888889 0.01953125 0.10555555555555556
0 0.713671875 0.5631944444444444 0.02265625 0.09305555555555556
1 0.446484375 0.925 0.19765625 0.15
1 0.3515625 0.8097222222222222 0.1359375 0.16666666666666666
