0 0.565234375 0.7236111111111111 0.03984375 0.17777777777777778
0 0.45234375 0.7055555555555556 0.03125 0.17777777777777778
0 0.321484375 0.6402777777777777 0.03359375 0.09722222222222222
0 0.363671875 0.5451388888888888 0.02578125 0.08194444444444444
0 0.541796875 0.5569444444444445 0.02421875 0.10555555555555556
0 0.260546875 0.8652777777777778 0.03828125 0.14444444444444443
0 0.59765625 0.5701388888888889 0.0375 0.06527777777777778
0 0.5 0.45069444444444445 0.01875 0.0625
0 0.427734375 0.4270833333333333 0.01640625 0.05694444444444444
0 0.48984375 0.39791666666666664 0.0109375 0.03194444444444444
0 0.454296875 0.38125 0.01171875 0.034722222222222224
