3 0.238671875 0.26180555555555557 0.06484375 0.11527777777777778
1 0.445703125 0.6027777777777777 0.17109375 0.21944444444444444
1 0.28046875 0.3875 0.0859375 0.13333333333333333
1 0.150390625 0.25069444444444444 0.03828125 0.05416666666666667
1 0.4359375 0.2673611111111111 0.0890625 0.07361111111111111
0 0.158203125 0.6381944444444444 0.04609375 0.1763888888888889
0 0.20234375 0.5055555555555555 0.034375 0.16111111111111112
0 0.1640625 0.4041666666666667 0.028125 0.1111111111111111
0 0.1703125 0.32569444444444445 0.0265625 0.0875
0 0.337890625 0.2465277777777778 0.03515625 0.05416666666666667
0 0.73125 0.8020833333333334 0.0875 0.23194444444444445
0 0.7640625 0.5631944444444444 0.05 0.12083333333333333
0 0.111328125 0.29375 0.01640625 0.07083333333333333
0 0.106640625 0.25625 0.01953125 0.05694444444444444
