0 0.26015625 0.8659722222222223 0.0296875 0.13194444444444445
0 0.42109375 0.6270833333333333 0.034375 0.12638888888888888
0 0.4921875 0.5597222222222222 0.0234375 0.10555555555555556
0 0.545703125 0.5527777777777778 0.02421875 0.08888888888888889
0 0.321484375 0.6409722222222223 0.04296875 0.09027777777777778
1 0.4890625 0.5243055555555556 0.053125 0.09027777777777778
1 0.434375 0.4354166666666667 0.040625 0.07361111111111111
0 0.537109375 0.4756944444444444 0.01796875 0.059722222222222225
0 0.464453125 0.44375 0.01484375 0.05694444444444444
0 0.68359375 0.7409722222222223 0.0578125 0.1125
