0 0.435546875 0.6708333333333333 0.03359375 0.11388888888888889
0 0.18359375 0.7854166666666667 0.0640625 0.12916666666666668
0 0.469140625 0.8611111111111112 0.05703125 0.16111111111111112
0 0.728515625 0.8076388888888889 0.03671875 0.15416666666666667
0 0.805078125 0.9111111111111111 0.05234375 0.1638888888888889
0 0.7953125 0.6645833333333333 0.0328125 0.12916666666666668
0 0.91796875 0.6194444444444445 0.025 0.10277777777777777
0 0.725390625 0.5506944444444445 0.02734375 0.07361111111111111
0 0.7 0.6138888888888889 0.0296875 0.10833333333333334
1 0.549609375 0.6555555555555556 0.10546875 0.1388888888888889
1 0.55625 0.9152777777777777 0.1328125 0.16666666666666666
1 0.18828125 0.9104166666666667 0.25 0.17916666666666667
1 0.6609375 0.50625 0.0609375 0.08472222222222223
