0 0.556640625 0.8506944444444444 0.09140625 0.23472222222222222
0 0.158203125 0.7138888888888889 0.10078125 0.18611111111111112
0 0.752734375 0.6694444444444444 0.04140625 0.15555555555555556
0 0.4546875 0.7854166666666667 0.0875 0.2013888888888889
0 0.783984375 0.5625 0.02890625 0.1111111111111111
0 0.665625 0.41180555555555554 0.021875 0.06527777777777778
0 0.825 0.4895833333333333 0.021875 0.0763888888888889
0 0.729296875 0.41041666666666665 0.01640625 0.06527777777777778
0 0.71015625 0.4423611111111111 0.0171875 0.06805555555555555
0 0.7546875 0.40694444444444444 0.0140625 0.05
0 0.843359375 0.47638888888888886 0.01640625 0.06944444444444445
1 0.754296875 0.4791666666666667 0.05703125 0.08333333333333333
1 0.573046875 0.5152777777777777 0.10859375 0.11388888888888889
0 0.790234375 0.45069444444444445 0.01640625 0.059722222222222225
0 0.695703125 0.41458333333333336 0.01328125 0.05416666666666667
0 0.165625 0.6305555555555555 0.09375 0.12777777777777777
0 0.703125 0.5194444444444445 0.0703125 0.13333333333333333
