0 0.63984375 0.6388888888888888 0.0484375 0.1527777777777778
0 0.244921875 0.7236111111111111 0.11015625 0.20277777777777778
0 0.309765625 0.63125 0.06171875 0.15138888888888888
0 0.472265625 0.49166666666666664 0.03828125 0.10833333333333334
0 0.579296875 0.4756944444444444 0.03046875 0.10138888888888889
0 0.634375 0.49444444444444446 0.03125 0.10277777777777777
0 0.645703125 0.4340277777777778 0.02109375 0.06805555555555555
0 0.76484375 0.5618055555555556 0.03125 0.11805555555555555
0 0.669140625 0.4125 0.02421875 0.06111111111111111
0 0.80234375 0.45416666666666666 0.015625 0.07222222222222222
