1 0.43515625 0.4708333333333333 0.1515625 0.2111111111111111
1 0.212890625 0.28958333333333336 0.05859375 0.08472222222222223
1 0.065625 0.3076388888888889 0.0625 0.07361111111111111
3 0.13671875 0.2465277777777778 0.04375 0.09305555555555556
3 0.705078125 0.34930555555555554 0.13046875 0.12916666666666668
0 0.0796875 0.2520833333333333 0.0140625 0.04583333333333333
0 0.096484375 0.26319444444444445 0.01171875 0.059722222222222225
0 0.140625 0.29930555555555555 0.0203125 0.06805555555555555
0 0.175390625 0.3548611111111111 0.02265625 0.09305555555555556
0 0.22734375 0.4222222222222222 0.0296875 0.11944444444444445
0 0.24296875 0.36944444444444446 0.0265625 0.09166666666666666
0 0.276953125 0.6222222222222222 0.04765625 0.18888888888888888
