0 0.494921875 0.7993055555555556 0.08984375 0.1986111111111111
0 0.721484375 0.7416666666666667 0.05078125 0.175
0 0.613671875 0.44722222222222224 0.03203125 0.08888888888888889
0 0.61171875 0.7243055555555555 0.0609375 0.1736111111111111
0 0.840625 0.5319444444444444 0.021875 0.08611111111111111
0 0.815625 0.5576388888888889 0.0265625 0.09305555555555556
0 0.776171875 0.7145833333333333 0.03671875 0.15138888888888888
0 0.8140625 0.7395833333333334 0.040625 0.15138888888888888
0 0.78515625 0.5875 0.0265625 0.10555555555555556
0 0.705859375 0.6145833333333334 0.03359375 0.12361111111111112
0 0.853125 0.7965277777777777 0.046875 0.16805555555555557
0 0.861328125 0.4951388888888889 0.01640625 0.06527777777777778
0 0.62578125 0.9326388888888889 0.0765625 0.13472222222222222
0 0.722265625 0.3951388888888889 0.01484375 0.04861111111111111
1 0.659375 0.5486111111111112 0.090625 0.11388888888888889
1 0.746875 0.4756944444444444 0.0578125 0.08472222222222223
3 0.346484375 0.5729166666666666 0.25390625 0.3541666666666667
0 0.78984375 0.4847222222222222 0.015625 0.07777777777777778
0 0.75703125 0.6458333333333334 0.0296875 0.12222222222222222
