0 0.665234375 0.8555555555555555 0.07265625 0.2388888888888889
0 0.78515625 0.5194444444444445 0.025 0.09722222222222222
0 0.80625 0.5756944444444444 0.0296875 0.1125
0 0.680078125 0.45 0.02421875 0.08055555555555556
0 0.54140625 0.4736111111111111 0.0359375 0.1
0 0.856640625 0.5430555555555555 0.02734375 0.10277777777777777
0 0.846484375 0.4527777777777778 0.01484375 0.058333333333333334
0 0.6359375 0.45069444444444445 0.0265625 0.08472222222222223
0 0.509375 0.5354166666666667 0.046875 0.11805555555555555
0 0.815234375 0.48055555555555557 0.01796875 0.06944444444444445
0 0.486328125 0.5166666666666667 0.04609375 0.10833333333333334
0 0.75625 0.38263888888888886 0.015625 0.05416666666666667
0 0.486328125 0.4638888888888889 0.05234375 0.07777777777777778
1 0.711328125 0.5159722222222223 0.07265625 0.10972222222222222
3 0.633203125 0.5902777777777778 0.10859375 0.18611111111111112
1 0.756640625 0.4708333333333333 0.05078125 0.08333333333333333
3 0.219921875 0.7423611111111111 0.43984375 0.5152777777777777
0 0.937890625 0.8909722222222223 0.08203125 0.11527777777777778
0 0.923828125 0.8375 0.07109375 0.11944444444444445
0 0.5578125 0.42569444444444443 0.040625 0.059722222222222225
3 0.790625 0.4083333333333333 0.0515625 0.08888888888888889
