0 0.262109375 0.60625 0.07265625 0.13472222222222222
0 0.643359375 0.5375 0.06484375 0.12222222222222222
0 0.651171875 0.7381944444444445 0.06171875 0.1486111111111111
0 0.759765625 0.5305555555555556 0.06171875 0.10555555555555556
0 0.634765625 0.3 0.01953125 0.08611111111111111
0 0.512890625 0.39375 0.02890625 0.09861111111111111
0 0.594140625 0.3138888888888889 0.02578125 0.08611111111111111
0 0.058203125 0.5715277777777777 0.07890625 0.12083333333333333
0 0.30546875 0.32569444444444445 0.0203125 0.0875
0 0.54765625 0.30277777777777776 0.0265625 0.07777777777777778
0 0.112890625 0.38055555555555554 0.06015625 0.08888888888888889
0 0.587109375 0.23194444444444445 0.01640625 0.06388888888888888
0 0.7375 0.3659722222222222 0.0328125 0.09027777777777778
0 0.080859375 0.3680555555555556 0.05390625 0.08333333333333333
0 0.423828125 0.2951388888888889 0.01640625 0.07361111111111111
0 0.5640625 0.21388888888888888 0.015625 0.058333333333333334
0 0.814453125 0.43472222222222223 0.03984375 0.08611111111111111
0 0.84765625 0.5576388888888889 0.0609375 0.09861111111111111
0 0.384765625 0.29444444444444445 0.01796875 0.06666666666666667
0 0.332421875 0.2965277777777778 0.01796875 0.07083333333333333
0 0.0046875 0.40625 0.0109375 0.06805555555555555
1 0.45703125 0.2833333333333333 0.034375 0.08888888888888889
1 0.541015625 0.2 0.02890625 0.058333333333333334
1 0.8703125 0.5069444444444444 0.1328125 0.10277777777777777
