0 0.40859375 0.6993055555555555 0.078125 0.17916666666666667
0 0.6609375 0.46041666666666664 0.0234375 0.08472222222222223
0 0.293359375 0.6465277777777778 0.07421875 0.16527777777777777
0 0.508984375 0.6173611111111111 0.05703125 0.17083333333333334
0 0.70703125 0.5034722222222222 0.028125 0.09861111111111111
0 0.767578125 0.5854166666666667 0.03203125 0.12083333333333333
0 0.8265625 0.5270833333333333 0.021875 0.07916666666666666
0 0.690625 0.4638888888888889 0.0203125 0.07777777777777778
0 0.821875 0.6 0.028125 0.13055555555555556
0 0.572265625 0.5451388888888888 0.03359375 0.11805555555555555
0 0.42578125 0.5354166666666667 0.0546875 0.12638888888888888
0 0.844921875 0.47638888888888886 0.01171875 0.06111111111111111
0 0.695703125 0.6263888888888889 0.04296875 0.15555555555555556
0 0.214453125 0.6284722222222222 0.06953125 0.14305555555555555
0 0.618359375 0.46319444444444446 0.02578125 0.08194444444444444
0 0.62890625 0.5298611111111111 0.0359375 0.1125
0 0.67734375 0.4361111111111111 0.015625 0.07222222222222222
0 0.571875 0.4791666666666667 0.040625 0.10555555555555556
0 0.7109375 0.39305555555555555 0.0140625 0.05555555555555555
1 0.759375 0.46319444444444446 0.0390625 0.07083333333333333
3 0.75625 0.3875 0.0484375 0.09722222222222222
0 0.787890625 0.5034722222222222 0.01953125 0.07083333333333333
3 0.814453125 0.3715277777777778 0.05859375 0.10416666666666667
0 0.8296875 0.4756944444444444 0.0140625 0.05416666666666667
0 0.857421875 0.4666666666666667 0.01328125 0.06111111111111111
0 0.798046875 0.47291666666666665 0.01484375 0.0625
1 0.79765625 0.43819444444444444 0.0359375 0.059722222222222225
