0 0.466796875 0.8979166666666667 0.06796875 0.20416666666666666
0 0.257421875 0.8729166666666667 0.03671875 0.15138888888888888
0 0.216015625 0.9041666666666667 0.04453125 0.16944444444444445
0 0.44609375 0.6263888888888889 0.0265625 0.11944444444444445
0 0.557421875 0.7131944444444445 0.04140625 0.17083333333333334
0 0.6328125 0.6395833333333333 0.0359375 0.13472222222222222
0 0.53359375 0.5680555555555555 0.0265625 0.13055555555555556
0 0.424609375 0.5673611111111111 0.02890625 0.11527777777777778
0 0.3234375 0.64375 0.0375 0.10694444444444444
0 0.364453125 0.5458333333333333 0.02109375 0.08055555555555556
