0 0.57421875 0.28194444444444444 0.028125 0.1
0 0.26640625 0.3729166666666667 0.0484375 0.17916666666666667
0 0.629296875 0.2951388888888889 0.02734375 0.09305555555555556
0 0.67421875 0.26319444444444445 0.021875 0.07083333333333333
0 0.60625 0.19166666666666668 0.0171875 0.05277777777777778
0 0.466015625 0.5326388888888889 0.07109375 0.20972222222222223
0 0.514453125 0.6673611111111111 0.08046875 0.2569444444444444
0 0.61015625 0.6597222222222222 0.0671875 0.22777777777777777
0 0.59296875 0.44930555555555557 0.046875 0.15416666666666667
0 0.214453125 0.8701388888888889 0.16484375 0.2569444444444444
0 0.630859375 0.17083333333333334 0.01328125 0.044444444444444446
