0 0.5875 0.5451388888888888 0.0375 0.12083333333333333
0 0.751953125 0.6055555555555555 0.02890625 0.11666666666666667
0 0.809375 0.49930555555555556 0.0203125 0.07916666666666666
0 0.548046875 0.7576388888888889 0.07109375 0.19583333333333333
0 0.791796875 0.64375 0.03359375 0.13194444444444445
0 0.652734375 0.7430555555555556 0.05859375 0.18055555555555555
0 0.567578125 0.48819444444444443 0.03359375 0.10138888888888889
0 0.84140625 0.5298611111111111 0.0234375 0.0875
0 0.6359375 0.4097222222222222 0.0234375 0.06666666666666667
0 0.791796875 0.5458333333333333 0.02421875 0.07777777777777778
0 0.645703125 0.4479166666666667 0.02421875 0.08194444444444444
1 0.783203125 0.4513888888888889 0.03984375 0.06666666666666667
3 0.712890625 0.4756944444444444 0.11640625 0.1736111111111111
3 0.1875 0.6076388888888888 0.375 0.5486111111111112
0 0.669140625 0.6159722222222223 0.04140625 0.12361111111111112
1 0.81171875 0.42083333333333334 0.021875 0.05277777777777778
