0 0.083203125 0.7263888888888889 0.11015625 0.225
0 0.659375 0.7958333333333333 0.0640625 0.2111111111111111
0 0.798046875 0.5736111111111111 0.02890625 0.11388888888888889
0 0.518359375 0.8472222222222222 0.10390625 0.2
0 0.83046875 0.5423611111111111 0.021875 0.09305555555555556
0 0.56328125 0.47847222222222224 0.040625 0.10972222222222222
0 0.84296875 0.91875 0.0859375 0.1625
0 0.81484375 0.5034722222222222 0.01875 0.07083333333333333
0 0.628515625 0.4486111111111111 0.02265625 0.08055555555555556
0 0.7421875 0.41180555555555554 0.015625 0.05416666666666667
0 0.70625 0.4097222222222222 0.015625 0.058333333333333334
1 0.652734375 0.6027777777777777 0.13828125 0.16944444444444445
1 0.66640625 0.4534722222222222 0.0796875 0.11527777777777778
3 0.78984375 0.38125 0.0578125 0.1125
0 0.551953125 0.4222222222222222 0.04609375 0.08055555555555556
0 0.728515625 0.39861111111111114 0.01640625 0.05277777777777778
0 0.51171875 0.9368055555555556 0.0859375 0.12638888888888888
1 0.76953125 0.46041666666666664 0.0484375 0.07916666666666666
0 0.93828125 0.8944444444444445 0.075 0.1111111111111111
0 0.91953125 0.8340277777777778 0.065625 0.11527777777777778
0 0.726171875 0.48680555555555555 0.05546875 0.09583333333333334
