0 0.320703125 0.13958333333333334 0.04453125 0.0625
0 0.278125 0.10069444444444445 0.0375 0.06805555555555555
0 0.29140625 0.8229166666666666 0.115625 0.3125
0 0.583203125 0.30625 0.04140625 0.11805555555555555
0 0.637890625 0.28958333333333336 0.03359375 0.10138888888888889
0 0.65234375 0.45416666666666666 0.0453125 0.14166666666666666
0 0.6828125 0.47638888888888886 0.0390625 0.16111111111111112
0 0.669140625 0.2298611111111111 0.01953125 0.0625
0 0.6109375 0.17916666666666667 0.015625 0.05277777777777778
0 0.6265625 0.18680555555555556 0.0140625 0.05694444444444444
0 0.643359375 0.17222222222222222 0.01328125 0.041666666666666664
