0 0.50703125 0.7347222222222223 0.1125 0.17777777777777778
0 0.68515625 0.7777777777777778 0.028125 0.14722222222222223
0 0.794140625 0.79375 0.02890625 0.14305555555555555
0 0.823828125 0.6979166666666666 0.02890625 0.12361111111111112
1 0.63984375 0.6409722222222223 0.084375 0.12916666666666668
0 0.519140625 0.5861111111111111 0.02421875 0.09166666666666666
0 0.7640625 0.6715277777777777 0.0234375 0.11527777777777778
0 0.728515625 0.6465277777777778 0.01640625 0.10972222222222222
0 0.9234375 0.6 0.0265625 0.06666666666666667
0 0.832421875 0.5993055555555555 0.02734375 0.07916666666666666
0 0.787109375 0.5826388888888889 0.02421875 0.09861111111111111
0 0.72421875 0.5576388888888889 0.0203125 0.07916666666666666
0 0.570703125 0.5506944444444445 0.02734375 0.09861111111111111
3 0.1359375 0.8944444444444445 0.271875 0.2111111111111111
