0 0.759765625 0.6722222222222223 0.04453125 0.15555555555555556
0 0.259765625 0.49375 0.02265625 0.12361111111111112
0 0.344921875 0.6881944444444444 0.03984375 0.17083333333333334
0 0.173046875 0.89375 0.05546875 0.17916666666666667
0 0.205078125 0.7270833333333333 0.03671875 0.17916666666666667
0 0.026953125 0.41944444444444445 0.04765625 0.09722222222222222
0 0.28203125 0.6298611111111111 0.034375 0.1625
0 0.567578125 0.4375 0.02109375 0.11388888888888889
0 0.513671875 0.37083333333333335 0.02265625 0.1
0 0.06328125 0.8763888888888889 0.059375 0.19166666666666668
0 0.556640625 0.2701388888888889 0.01484375 0.07083333333333333
0 0.324609375 0.5590277777777778 0.03046875 0.1375
0 0.876953125 0.7430555555555556 0.05390625 0.15833333333333333
0 0.61953125 0.37083333333333335 0.025 0.08611111111111111
0 0.173046875 0.6291666666666667 0.03046875 0.1388888888888889
0 0.23828125 0.9340277777777778 0.05625 0.12361111111111112
0 0.151171875 0.7430555555555556 0.04453125 0.17777777777777778
0 0.298046875 0.4083333333333333 0.02578125 0.1
0 0.254296875 0.42291666666666666 0.02578125 0.10416666666666667
0 0.862109375 0.5041666666666667 0.05546875 0.09722222222222222
0 0.739453125 0.575 0.03671875 0.12222222222222222
0 0.831640625 0.6430555555555556 0.04140625 0.1388888888888889
0 0.570703125 0.3368055555555556 0.02578125 0.07916666666666666
0 0.355078125 0.4666666666666667 0.02890625 0.11944444444444445
0 0.878125 0.64375 0.0375 0.12361111111111112
0 0.317578125 0.43680555555555556 0.02421875 0.10694444444444444
0 0.824609375 0.7701388888888889 0.05078125 0.15138888888888888
0 0.63359375 0.4479166666666667 0.034375 0.09305555555555556
0 0.658203125 0.43680555555555556 0.03046875 0.09027777777777778
0 0.971484375 0.8118055555555556 0.03359375 0.12916666666666668
0 0.06484375 0.37777777777777777 0.046875 0.075
0 0.008984375 0.3375 0.01796875 0.08888888888888889
0 0.815234375 0.4638888888888889 0.04609375 0.09166666666666666
0 0.337109375 0.3923611111111111 0.02421875 0.09027777777777778
0 0.721875 0.5069444444444444 0.0359375 0.11388888888888889
0 0.8 0.45 0.046875 0.09166666666666666
0 0.26015625 0.36666666666666664 0.0234375 0.08888888888888889
0 0.752734375 0.46458333333333335 0.04609375 0.09305555555555556
0 0.776171875 0.5479166666666667 0.03671875 0.11805555555555555
0 0.698046875 0.4375 0.03515625 0.09722222222222222
1 0.65234375 0.5506944444444445 0.0890625 0.14305555555555555
1 0.4171875 0.5048611111111111 0.0671875 0.18472222222222223
1 0.370703125 0.31527777777777777 0.04296875 0.09166666666666666
1 0.458203125 0.29791666666666666 0.03828125 0.10694444444444444
1 0.52578125 0.2569444444444444 0.03125 0.06111111111111111
1 0.51328125 0.19722222222222222 0.0296875 0.08055555555555556
1 0.56640625 0.7416666666666667 0.1203125 0.24722222222222223
1 0.409765625 0.21388888888888888 0.03359375 0.05
1 0.330078125 0.17222222222222222 0.03984375 0.06111111111111111
2 0.609765625 0.26944444444444443 0.07109375 0.11944444444444445
3 0.900390625 0.9006944444444445 0.16015625 0.1986111111111111
0 0.361328125 0.41597222222222224 0.02265625 0.09583333333333334
0 0.08671875 0.9486111111111111 0.059375 0.10277777777777777
