0 0.798046875 0.6173611111111111 0.02578125 0.1375
0 0.2421875 0.7118055555555556 0.084375 0.1875
0 0.384375 0.5777777777777777 0.05625 0.13055555555555556
0 0.49921875 0.5625 0.0484375 0.14722222222222223
0 0.46953125 0.4895833333333333 0.0328125 0.10416666666666667
0 0.6515625 0.46458333333333335 0.0234375 0.10416666666666667
0 0.746484375 0.44722222222222224 0.02265625 0.08055555555555556
0 0.685546875 0.4236111111111111 0.02265625 0.08333333333333333
0 0.817578125 0.4875 0.02421875 0.08055555555555556
0 0.84765625 0.4986111111111111 0.01875 0.08611111111111111
