0 0.158984375 0.5444444444444444 0.08359375 0.13055555555555556
0 0.249609375 0.42569444444444443 0.03359375 0.12361111111111112
0 0.243359375 0.3701388888888889 0.03046875 0.08194444444444444
0 0.15859375 0.3236111111111111 0.025 0.09166666666666666
0 0.08203125 0.26666666666666666 0.0203125 0.05555555555555555
0 0.10390625 0.2520833333333333 0.015625 0.05694444444444444
0 0.112109375 0.27361111111111114 0.01484375 0.06666666666666667
0 0.20078125 0.22708333333333333 0.0171875 0.04583333333333333
0 0.25078125 0.25416666666666665 0.0265625 0.05555555555555555
0 0.4359375 0.2743055555555556 0.0375 0.05694444444444444
