0 0.798828125 0.5006944444444444 0.02421875 0.09305555555555556
0 0.54296875 0.5055555555555555 0.0390625 0.10833333333333334
0 0.618359375 0.41458333333333336 0.02890625 0.0763888888888889
0 0.839453125 0.6409722222222223 0.03203125 0.1375
0 0.689453125 0.4125 0.01796875 0.058333333333333334
0 0.8390625 0.4722222222222222 0.0171875 0.06666666666666667
0 0.400390625 0.5201388888888889 0.05078125 0.09861111111111111
0 0.73203125 0.4125 0.015625 0.058333333333333334
0 0.821875 0.46458333333333335 0.015625 0.0625
0 0.859765625 0.4791666666666667 0.01640625 0.06666666666666667
0 0.565625 0.4777777777777778 0.0328125 0.09722222222222222
0 0.1328125 0.7083333333333334 0.08125 0.23055555555555557
1 0.642578125 0.5604166666666667 0.12890625 0.1736111111111111
1 0.73828125 0.5034722222222222 0.05625 0.10138888888888889
3 0.3484375 0.7770833333333333 0.4390625 0.41805555555555557
3 0.806640625 0.3784722222222222 0.04921875 0.09027777777777778
1 0.788671875 0.43680555555555556 0.03671875 0.06805555555555555
0 0.662890625 0.42777777777777776 0.01640625 0.03888888888888889
0 0.6375 0.42291666666666666 0.0203125 0.04583333333333333
0 0.937890625 0.8972222222222223 0.07734375 0.10277777777777777
0 0.9265625 0.8361111111111111 0.075 0.1111111111111111
0 0.759375 0.43819444444444444 0.040625 0.0625
