0 0.680859375 0.3423611111111111 0.02734375 0.09305555555555556
0 0.853125 0.49236111111111114 0.06875 0.10138888888888889
0 0.1125 0.49027777777777776 0.071875 0.10555555555555556
0 0.065234375 0.5902777777777778 0.08046875 0.13333333333333333
0 0.41953125 0.38125 0.0390625 0.0875
0 0.602734375 0.5472222222222223 0.07265625 0.11944444444444445
0 0.337109375 0.5444444444444444 0.06328125 0.11388888888888889
0 0.634765625 0.35347222222222224 0.02109375 0.09583333333333334
0 0.941015625 0.6756944444444445 0.05859375 0.1763888888888889
0 0.19921875 0.5166666666666667 0.065625 0.1111111111111111
0 0.30546875 0.44722222222222224 0.0515625 0.09722222222222222
0 0.5640625 0.30069444444444443 0.01875 0.08194444444444444
0 0.012890625 0.49166666666666664 0.02578125 0.1111111111111111
0 0.61171875 0.3527777777777778 0.0265625 0.09166666666666666
0 0.735546875 0.4798611111111111 0.05234375 0.09027777777777778
0 0.540234375 0.33055555555555555 0.02265625 0.08333333333333333
0 0.31640625 0.2972222222222222 0.021875 0.075
0 0.604296875 0.21875 0.01640625 0.05694444444444444
0 0.35546875 0.5055555555555555 0.0484375 0.12222222222222222
0 0.36328125 0.30069444444444443 0.0234375 0.0763888888888889
0 0.6359375 0.2833333333333333 0.0203125 0.06111111111111111
0 0.33828125 0.28680555555555554 0.0234375 0.07916666666666666
0 0.81328125 0.42569444444444443 0.034375 0.09305555555555556
0 0.415625 0.28680555555555554 0.015625 0.07361111111111111
0 0.253125 0.4215277777777778 0.0390625 0.09305555555555556
0 0.57421875 0.18888888888888888 0.015625 0.044444444444444446
0 0.221875 0.4791666666666667 0.0515625 0.08055555555555556
1 0.400390625 0.25416666666666665 0.02890625 0.06666666666666667
1 0.518359375 0.2 0.02890625 0.07222222222222222
1 0.446484375 0.27152777777777776 0.03515625 0.07361111111111111
3 0.5125 0.18819444444444444 0.034375 0.08194444444444444
0 0.241796875 0.45208333333333334 0.04609375 0.08194444444444444
0 0.643359375 0.5298611111111111 0.04453125 0.11805555555555555
0 0.775390625 0.4583333333333333 0.02578125 0.08055555555555556
