0 0.326953125 0.7236111111111111 0.04296875 0.17222222222222222
0 0.255859375 0.8715277777777778 0.04453125 0.1597222222222222
0 0.5765625 0.5493055555555556 0.01875 0.07361111111111111
0 0.600390625 0.55625 0.01953125 0.0763888888888889
1 0.419140625 0.5090277777777777 0.05234375 0.10972222222222222
0 0.364453125 0.5472222222222223 0.02109375 0.075
0 0.318359375 0.6416666666666667 0.01953125 0.08333333333333333
0 0.5109375 0.4354166666666667 0.015625 0.05416666666666667
0 0.483203125 0.43194444444444446 0.01328125 0.05555555555555555
0 0.496484375 0.4222222222222222 0.01171875 0.044444444444444446
0 0.455859375 0.41388888888888886 0.01484375 0.04722222222222222
