1 0.520703125 0.5347222222222222 0.07109375 0.08888888888888889
1 0.351171875 0.6826388888888889 0.13359375 0.12916666666666668
1 0.265625 0.9375 0.2 0.125
3 0.128125 0.7826388888888889 0.1703125 0.2013888888888889
0 0.444140625 0.6611111111111111 0.04609375 0.125
0 0.594921875 0.6298611111111111 0.03515625 0.10416666666666667
0 0.5234375 0.7840277777777778 0.0390625 0.1625
0 0.509765625 0.9472222222222222 0.05390625 0.10555555555555556
0 0.727734375 0.8548611111111111 0.04453125 0.17083333333333334
0 0.68359375 0.6111111111111112 0.028125 0.10555555555555556
0 0.7734375 0.6298611111111111 0.0296875 0.12361111111111112
