0 0.47109375 0.49722222222222223 0.0390625 0.075
0 0.158203125 0.7583333333333333 0.11171875 0.1388888888888889
0 0.581640625 0.5388888888888889 0.04296875 0.08611111111111111
0 0.527734375 0.81875 0.05703125 0.20694444444444443
0 0.790625 0.7375 0.0328125 0.17222222222222222
0 0.735546875 0.5354166666666667 0.02421875 0.10138888888888889
0 0.66796875 0.43472222222222223 0.01875 0.06944444444444445
0 0.723046875 0.42777777777777776 0.01484375 0.07777777777777778
0 0.793359375 0.5402777777777777 0.03203125 0.1111111111111111
0 0.775390625 0.4486111111111111 0.01953125 0.075
0 0.79609375 0.46805555555555556 0.0140625 0.05555555555555555
