0 0.259375 0.40902777777777777 0.075 0.18472222222222223
0 0.275 0.7715277777777778 0.1171875 0.30694444444444446
0 0.558984375 0.5416666666666666 0.06640625 0.20277777777777778
0 0.479296875 0.30833333333333335 0.03828125 0.125
0 0.455078125 0.27291666666666664 0.04140625 0.11805555555555555
0 0.57578125 0.32013888888888886 0.0359375 0.11805555555555555
0 0.630078125 0.3263888888888889 0.03515625 0.10555555555555556
0 0.6796875 0.3458333333333333 0.0359375 0.10555555555555556
0 0.636328125 0.2513888888888889 0.02421875 0.08333333333333333
0 0.59140625 0.21458333333333332 0.0265625 0.0763888888888889
0 0.6296875 0.17222222222222222 0.0140625 0.05
0 0.6140625 0.16597222222222222 0.01875 0.04583333333333333
0 0.6734375 0.21041666666666667 0.01875 0.05416666666666667
