0 0.144140625 0.6430555555555556 0.04296875 0.15555555555555556
0 0.370703125 0.4131944444444444 0.02265625 0.11527777777777778
0 0.509375 0.4666666666666667 0.028125 0.12222222222222222
0 0.33828125 0.4326388888888889 0.025 0.09027777777777778
0 0.33671875 0.8243055555555555 0.0546875 0.18194444444444444
0 0.926953125 0.7576388888888889 0.05234375 0.16527777777777777
0 0.8921875 0.6298611111111111 0.05 0.12916666666666668
0 0.355859375 0.3090277777777778 0.01640625 0.0875
0 0.8203125 0.6291666666666667 0.0390625 0.1388888888888889
0 0.664453125 0.46875 0.02890625 0.11527777777777778
0 0.762890625 0.6354166666666666 0.03671875 0.15138888888888888
0 0.547265625 0.3020833333333333 0.02265625 0.08194444444444444
0 0.646484375 0.37916666666666665 0.02734375 0.09166666666666666
0 0.68515625 0.35 0.0234375 0.08888888888888889
0 0.715234375 0.4527777777777778 0.03359375 0.11388888888888889
0 0.125 0.4673611111111111 0.0359375 0.10972222222222222
0 0.0796875 0.36527777777777776 0.0484375 0.07222222222222222
0 0.383203125 0.28055555555555556 0.01640625 0.07222222222222222
0 0.696875 0.46319444444444446 0.034375 0.10972222222222222
0 0.81328125 0.43680555555555556 0.03125 0.09027777777777778
0 0.597265625 0.3104166666666667 0.02109375 0.07361111111111111
0 0.009375 0.3388888888888889 0.0171875 0.08333333333333333
0 0.35546875 0.22430555555555556 0.0171875 0.05416666666666667
0 0.7125 0.39375 0.0296875 0.09861111111111111
1 0.6265625 0.6722222222222223 0.1 0.19166666666666668
1 0.5953125 0.39375 0.0609375 0.10694444444444444
1 0.309375 0.5618055555555556 0.1578125 0.17083333333333334
1 0.917578125 0.9479166666666666 0.12578125 0.10416666666666667
1 0.44765625 0.24166666666666667 0.0375 0.06111111111111111
1 0.458984375 0.18541666666666667 0.02578125 0.07083333333333333
2 0.5265625 0.225 0.0421875 0.1111111111111111
3 0.5265625 0.225 0.0421875 0.1111111111111111
3 0.43515625 0.3798611111111111 0.0703125 0.1986111111111111
0 0.336328125 0.3680555555555556 0.02421875 0.04722222222222222
