0 0.508203125 0.2638888888888889 0.03515625 0.10555555555555556
0 0.2265625 0.20833333333333334 0.040625 0.1111111111111111
0 0.350390625 0.3993055555555556 0.06328125 0.1736111111111111
0 0.589453125 0.31527777777777777 0.03203125 0.11388888888888889
0 0.64609375 0.32430555555555557 0.0296875 0.09583333333333334
0 0.537890625 0.47847222222222224 0.05078125 0.18472222222222223
0 0.652734375 0.45208333333333334 0.04453125 0.1486111111111111
0 0.68203125 0.47638888888888886 0.046875 0.1527777777777778
0 0.479296875 0.16111111111111112 0.03828125 0.06388888888888888
0 0.63359375 0.18333333333333332 0.0125 0.04722222222222222
0 0.650390625 0.18333333333333332 0.01484375 0.05277777777777778
