0 0.40390625 0.6375 0.0640625 0.16666666666666666
0 0.28203125 0.5868055555555556 0.0578125 0.14583333333333334
0 0.694921875 0.4534722222222222 0.03671875 0.07361111111111111
0 0.647265625 0.9041666666666667 0.09140625 0.18888888888888888
0 0.74140625 0.6944444444444444 0.0359375 0.15833333333333333
0 0.725 0.5777777777777777 0.021875 0.125
0 0.75859375 0.60625 0.021875 0.10416666666666667
0 0.830078125 0.5479166666666667 0.01796875 0.10416666666666667
1 0.776171875 0.5173611111111112 0.05546875 0.09305555555555556
3 0.79453125 0.39444444444444443 0.06875 0.13333333333333333
0 0.84375 0.5159722222222223 0.015625 0.0875
