0 0.51484375 0.21458333333333332 0.025 0.0763888888888889
0 0.558984375 0.21597222222222223 0.02265625 0.08472222222222223
0 0.581640625 0.2361111111111111 0.02265625 0.08055555555555556
0 0.608203125 0.39375 0.03203125 0.13194444444444445
0 0.634765625 0.3055555555555556 0.02109375 0.08333333333333333
0 0.29921875 0.5229166666666667 0.078125 0.24027777777777778
0 0.393359375 0.7319444444444444 0.09453125 0.2638888888888889
0 0.15546875 0.5604166666666667 0.0921875 0.2513888888888889
0 0.673046875 0.27361111111111114 0.02109375 0.08055555555555556
0 0.626953125 0.24097222222222223 0.02109375 0.0763888888888889
0 0.65546875 0.23680555555555555 0.015625 0.06805555555555555
0 0.647265625 0.20069444444444445 0.01640625 0.05138888888888889
