0 0.541015625 0.2361111111111111 0.03203125 0.08611111111111111
0 0.4984375 0.275 0.0265625 0.1
0 0.478125 0.24583333333333332 0.03125 0.09722222222222222
0 0.47890625 0.1597222222222222 0.0359375 0.06944444444444445
0 0.340234375 0.35555555555555557 0.05546875 0.1638888888888889
0 0.6515625 0.44305555555555554 0.0421875 0.14722222222222223
0 0.680859375 0.4777777777777778 0.04921875 0.15555555555555556
0 0.034765625 0.675 0.06953125 0.26944444444444443
0 0.6578125 0.25625 0.0140625 0.09305555555555556
0 0.529296875 0.21944444444444444 0.02265625 0.08333333333333333
0 0.58828125 0.18819444444444444 0.0171875 0.05694444444444444
0 0.633203125 0.1736111111111111 0.01640625 0.044444444444444446
0 0.669921875 0.22708333333333333 0.01640625 0.05694444444444444
