1 0.14765625 0.2361111111111111 0.0390625 0.06388888888888888
1 0.180078125 0.26805555555555555 0.04609375 0.075
1 0.266015625 0.3597222222222222 0.07890625 0.1111111111111111
1 0.495703125 0.5743055555555555 0.16171875 0.20694444444444443
1 0.66015625 0.4534722222222222 0.10625 0.17916666666666667
1 0.733203125 0.6166666666666667 0.14765625 0.20833333333333334
0 0.113671875 0.28055555555555556 0.01640625 0.06666666666666667
0 0.228515625 0.2388888888888889 0.02421875 0.058333333333333334
0 0.126171875 0.3013888888888889 0.02109375 0.07222222222222222
0 0.16640625 0.3020833333333333 0.0203125 0.07083333333333333
0 0.150390625 0.34791666666666665 0.02265625 0.08472222222222223
0 0.18125 0.3402777777777778 0.025 0.08888888888888889
0 0.1671875 0.45625 0.0390625 0.14027777777777778
0 0.224609375 0.4027777777777778 0.03515625 0.11944444444444445
0 0.40546875 0.25763888888888886 0.0421875 0.06527777777777778
0 0.294921875 0.6291666666666667 0.06015625 0.18888888888888888
0 0.473046875 0.7368055555555556 0.08671875 0.2569444444444444
0 0.657421875 0.36666666666666664 0.05390625 0.06944444444444445
0 0.743359375 0.5 0.03984375 0.08611111111111111
0 0.826953125 0.6347222222222222 0.06171875 0.16944444444444445
