0 0.40078125 0.9319444444444445 0.0609375 0.13055555555555556
0 0.422265625 0.8458333333333333 0.05234375 0.19444444444444445
0 0.259375 0.8666666666666667 0.0390625 0.1388888888888889
0 0.57734375 0.7152777777777778 0.028125 0.13333333333333333
0 0.41015625 0.6284722222222222 0.021875 0.13472222222222222
0 0.323046875 0.6416666666666667 0.02890625 0.08333333333333333
0 0.365625 0.5486111111111112 0.01875 0.058333333333333334
0 0.551953125 0.6298611111111111 0.03203125 0.12361111111111112
0 0.462109375 0.47152777777777777 0.01640625 0.07083333333333333
0 0.424609375 0.5430555555555555 0.01953125 0.09444444444444444
0 0.51015625 0.4638888888888889 0.0171875 0.06666666666666667
0 0.458984375 0.4166666666666667 0.01328125 0.04722222222222222
