1 0.44453125 0.6527777777777778 0.1859375 0.25277777777777777
1 0.640234375 0.5743055555555555 0.16328125 0.24305555555555555
1 0.29140625 0.2972222222222222 0.0609375 0.07222222222222222
1 0.240625 0.2625 0.0453125 0.05555555555555555
0 0.369921875 0.30486111111111114 0.04453125 0.06527777777777778
0 0.16328125 0.2881944444444444 0.0359375 0.0625
0 0.088671875 0.2972222222222222 0.01796875 0.06944444444444445
0 0.089453125 0.25277777777777777 0.01484375 0.058333333333333334
0 0.184375 0.39444444444444443 0.0203125 0.1
0 0.321875 0.7458333333333333 0.0671875 0.23055555555555557
0 0.7375 0.5180555555555556 0.034375 0.14444444444444443
0 0.69375 0.50625 0.028125 0.10972222222222222
