0 0.6125 0.4756944444444444 0.0328125 0.09583333333333334
0 0.673828125 0.7659722222222223 0.05078125 0.1875
0 0.820703125 0.5263888888888889 0.01953125 0.08055555555555556
0 0.801953125 0.47708333333333336 0.01953125 0.0763888888888889
0 0.4625 0.5604166666666667 0.0578125 0.12916666666666668
0 0.173828125 0.8652777777777778 0.12734375 0.20555555555555555
0 0.3140625 0.6458333333333334 0.090625 0.15555555555555556
0 0.840234375 0.49375 0.01953125 0.07916666666666666
0 0.39921875 0.5576388888888889 0.0484375 0.12083333333333333
0 0.603515625 0.4097222222222222 0.02421875 0.06944444444444445
1 0.745703125 0.48819444444444443 0.06015625 0.08472222222222223
1 0.719140625 0.43472222222222223 0.04921875 0.06944444444444445
0 0.75859375 0.42569444444444443 0.0140625 0.04861111111111111
1 0.784375 0.43472222222222223 0.03125 0.06111111111111111
0 0.6921875 0.5270833333333333 0.075 0.12361111111111112
