0 0.31484375 0.40902777777777777 0.0890625 0.20694444444444443
0 0.42734375 0.6354166666666666 0.1140625 0.29583333333333334
0 0.586328125 0.34791666666666665 0.03828125 0.1125
0 0.630859375 0.39652777777777776 0.03671875 0.13194444444444445
0 0.540234375 0.1763888888888889 0.03046875 0.04722222222222222
0 0.66875 0.26458333333333334 0.0234375 0.06527777777777778
0 0.64609375 0.2222222222222222 0.0203125 0.06944444444444445
0 0.659375 0.20416666666666666 0.015625 0.05555555555555555
0 0.621875 0.18541666666666667 0.0171875 0.05416666666666667
0 0.679296875 0.20347222222222222 0.01484375 0.05694444444444444
