0 0.920703125 0.6034722222222222 0.02421875 0.07916666666666666
0 0.9078125 0.7159722222222222 0.040625 0.12361111111111112
0 0.746484375 0.6319444444444444 0.03046875 0.12222222222222222
0 0.690625 0.6034722222222222 0.0265625 0.09583333333333334
0 0.539453125 0.5291666666666667 0.02421875 0.08333333333333333
0 0.619140625 0.6847222222222222 0.03203125 0.11944444444444445
0 0.701953125 0.7465277777777778 0.03671875 0.13472222222222222
0 0.651171875 0.8340277777777778 0.03984375 0.16527777777777777
0 0.791015625 0.9263888888888889 0.04921875 0.14722222222222223
0 0.29296875 0.7284722222222222 0.0609375 0.13194444444444445
0 0.458203125 0.9118055555555555 0.06640625 0.1625
1 0.50546875 0.7430555555555556 0.140625 0.17777777777777778
1 0.599609375 0.5534722222222223 0.07421875 0.10972222222222222
