0 0.09609375 0.3 0.025 0.07222222222222222
0 0.121484375 0.3173611111111111 0.02421875 0.0763888888888889
0 0.15 0.3888888888888889 0.03125 0.10555555555555556
0 0.274609375 0.6743055555555556 0.06640625 0.2152777777777778
0 0.4625 0.7951388888888888 0.1 0.2513888888888889
0 0.3953125 0.2520833333333333 0.0390625 0.04861111111111111
0 0.41796875 0.2625 0.0390625 0.058333333333333334
0 0.511328125 0.26319444444444445 0.04140625 0.05416666666666667
2 0.174609375 0.2861111111111111 0.08359375 0.1527777777777778
1 0.488671875 0.36180555555555555 0.11484375 0.10416666666666667
1 0.54296875 0.5680555555555555 0.1953125 0.26944444444444443
