1 0.322265625 0.24444444444444444 0.07734375 0.06388888888888888
1 0.33515625 0.4930555555555556 0.1296875 0.18611111111111112
1 0.390625 0.4236111111111111 0.1078125 0.1388888888888889
1 0.16015625 0.28680555555555554 0.05 0.08194444444444444
0 0.117578125 0.30625 0.01796875 0.07083333333333333
0 0.084375 0.26458333333333334 0.015625 0.05694444444444444
0 0.234375 0.2423611111111111 0.0234375 0.06527777777777778
0 0.265234375 0.24166666666666667 0.02421875 0.06388888888888888
0 0.267578125 0.5465277777777777 0.04296875 0.1597222222222222
0 0.125390625 0.2423611111111111 0.01796875 0.059722222222222225
0 0.31328125 0.6722222222222223 0.05625 0.2111111111111111
0 0.685546875 0.375 0.04296875 0.07777777777777778
0 0.723046875 0.4284722222222222 0.03515625 0.10972222222222222
