0 0.46171875 0.29097222222222224 0.040625 0.11527777777777778
0 0.51484375 0.2361111111111111 0.0296875 0.09444444444444444
0 0.479296875 0.16111111111111112 0.03828125 0.06388888888888888
0 0.57265625 0.22291666666666668 0.0296875 0.08194444444444444
0 0.596875 0.3145833333333333 0.0375 0.10972222222222222
0 0.419921875 0.7833333333333333 0.09609375 0.30833333333333335
0 0.65625 0.2861111111111111 0.025 0.07777777777777778
0 0.630859375 0.22291666666666668 0.02578125 0.06805555555555555
0 0.653125 0.4548611111111111 0.0484375 0.1597222222222222
0 0.68125 0.4756944444444444 0.040625 0.1597222222222222
0 0.6515625 0.25 0.0203125 0.08055555555555556
0 0.6859375 0.23680555555555555 0.0171875 0.059722222222222225
0 0.602734375 0.1951388888888889 0.02265625 0.0625
0 0.632421875 0.1840277777777778 0.01640625 0.05138888888888889
0 0.6484375 0.17916666666666667 0.015625 0.05277777777777778
0 0.66328125 0.175 0.0125 0.044444444444444446
