0 0.919921875 0.6048611111111111 0.02265625 0.08472222222222223
0 0.79921875 0.7430555555555556 0.0359375 0.1527777777777778
0 0.71796875 0.7041666666666667 0.0453125 0.13333333333333333
0 0.57109375 0.6597222222222222 0.03125 0.11388888888888889
0 0.643359375 0.7409722222222223 0.03671875 0.13472222222222222
0 0.642578125 0.8652777777777778 0.04765625 0.17777777777777778
0 0.734765625 0.9173611111111111 0.05390625 0.1625
0 0.28203125 0.9201388888888888 0.08125 0.1597222222222222
0 0.179296875 0.7819444444444444 0.06796875 0.13333333333333333
1 0.417578125 0.65625 0.11796875 0.15694444444444444
