1 0.9453125 0.3215277777777778 0.0640625 0.0875
1 0.533203125 0.5513888888888889 0.08203125 0.13333333333333333
3 0.19609375 0.7291666666666666 0.171875 0.4305555555555556
0 0.1984375 0.4895833333333333 0.0234375 0.0763888888888889
0 0.146875 0.5284722222222222 0.028125 0.0875
0 0.228125 0.44166666666666665 0.021875 0.08611111111111111
0 0.24140625 0.37222222222222223 0.0171875 0.06388888888888888
1 0.3421875 0.28402777777777777 0.03125 0.04861111111111111
0 0.899609375 0.44375 0.02890625 0.1125
0 0.596484375 0.40625 0.01953125 0.08194444444444444
0 0.58671875 0.26666666666666666 0.015625 0.05555555555555555
0 0.56015625 0.2673611111111111 0.015625 0.05694444444444444
3 0.819140625 0.3597222222222222 0.20390625 0.24166666666666667
2 0.691015625 0.33541666666666664 0.09140625 0.15416666666666667
