0 0.6125 0.8298611111111112 0.0609375 0.2125
0 0.452734375 0.8680555555555556 0.10234375 0.20277777777777778
0 0.121484375 0.7416666666666667 0.10390625 0.2222222222222222
0 0.4609375 0.5194444444444445 0.0234375 0.1388888888888889
0 0.4859375 0.5416666666666666 0.040625 0.11666666666666667
0 0.55078125 0.48333333333333334 0.0359375 0.11666666666666667
1 0.74140625 0.4638888888888889 0.090625 0.15
0 0.787109375 0.5305555555555556 0.02265625 0.09166666666666666
0 0.804296875 0.48819444444444443 0.01171875 0.08194444444444444
0 0.82890625 0.5145833333333333 0.021875 0.10138888888888889
