0 0.190234375 0.6451388888888889 0.03828125 0.1625
0 0.35390625 0.5368055555555555 0.0390625 0.12916666666666668
0 0.3 0.8791666666666667 0.0421875 0.2
0 0.434375 0.5506944444444445 0.0296875 0.1375
0 0.215625 0.8791666666666667 0.04375 0.2111111111111111
0 0.38671875 0.44027777777777777 0.021875 0.11388888888888889
0 0.36484375 0.3819444444444444 0.0203125 0.10277777777777777
0 0.30078125 0.5333333333333333 0.025 0.125
0 0.31640625 0.36527777777777776 0.0171875 0.09722222222222222
0 0.266796875 0.6159722222222223 0.03515625 0.15694444444444444
0 0.73125 0.6611111111111111 0.0421875 0.1361111111111111
0 0.3015625 0.6479166666666667 0.0375 0.15694444444444444
0 0.657421875 0.3375 0.02109375 0.08611111111111111
0 0.603125 0.2847222222222222 0.015625 0.07222222222222222
0 0.075 0.3798611111111111 0.059375 0.09027777777777778
0 0.696875 0.39791666666666664 0.0265625 0.09861111111111111
0 0.5609375 0.28194444444444444 0.01875 0.08055555555555556
0 0.3 0.4375 0.0296875 0.1111111111111111
0 0.728515625 0.4479166666666667 0.03203125 0.0875
0 0.35546875 0.32430555555555557 0.015625 0.08194444444444444
0 0.72265625 0.38263888888888886 0.0296875 0.0875
0 0.2625 0.50625 0.025 0.12361111111111112
0 0.400390625 0.3638888888888889 0.01796875 0.09444444444444444
0 0.6515625 0.43472222222222223 0.0484375 0.09166666666666666
0 0.333203125 0.30972222222222223 0.01953125 0.075
0 0.38515625 0.30972222222222223 0.0140625 0.08055555555555556
0 0.805859375 0.5208333333333334 0.04140625 0.09722222222222222
0 0.886328125 0.6597222222222222 0.05234375 0.14166666666666666
0 0.628515625 0.36527777777777776 0.02109375 0.08611111111111111
0 0.411328125 0.3388888888888889 0.01640625 0.09722222222222222
0 0.01015625 0.3388888888888889 0.0171875 0.08611111111111111
0 0.62890625 0.2972222222222222 0.01875 0.06944444444444445
0 0.26171875 0.35555555555555557 0.034375 0.08611111111111111
0 0.57421875 0.22708333333333333 0.0140625 0.059722222222222225
0 0.778125 0.5465277777777777 0.040625 0.10138888888888889
0 0.3078125 0.32569444444444445 0.01875 0.08472222222222223
1 0.6359375 0.7041666666666667 0.1046875 0.18888888888888888
1 0.5671875 0.43333333333333335 0.059375 0.12222222222222222
1 0.4796875 0.3138888888888889 0.071875 0.08888888888888889
1 0.70546875 0.5506944444444445 0.1046875 0.14305555555555555
1 0.542578125 0.22361111111111112 0.02578125 0.06388888888888888
2 0.901953125 0.8708333333333333 0.19609375 0.25833333333333336
