0 0.699609375 0.42291666666666666 0.01953125 0.06805555555555555
0 0.70703125 0.8402777777777778 0.0546875 0.21944444444444444
0 0.191015625 0.6993055555555555 0.08515625 0.15694444444444444
0 0.425 0.7701388888888889 0.0703125 0.18194444444444444
0 0.6578125 0.6576388888888889 0.04375 0.1486111111111111
0 0.7671875 0.6458333333333334 0.0328125 0.1361111111111111
0 0.73203125 0.4041666666666667 0.0171875 0.06388888888888888
0 0.575 0.4652777777777778 0.034375 0.09722222222222222
0 0.651171875 0.44930555555555557 0.02890625 0.08472222222222223
0 0.72265625 0.5861111111111111 0.0328125 0.11666666666666667
0 0.021875 0.7534722222222222 0.04375 0.1736111111111111
0 0.83203125 0.6131944444444445 0.0296875 0.12083333333333333
0 0.8125 0.65625 0.028125 0.13472222222222222
0 0.8078125 0.5868055555555556 0.0234375 0.10138888888888889
0 0.852734375 0.5180555555555556 0.01796875 0.075
0 0.754296875 0.38125 0.01328125 0.04861111111111111
1 0.6671875 0.5451388888888888 0.090625 0.11527777777777778
2 0.798046875 0.4666666666666667 0.09140625 0.125
