0 0.3421875 0.8597222222222223 0.0390625 0.23055555555555557
0 0.410546875 0.6708333333333333 0.03203125 0.15555555555555556
0 0.32109375 0.6409722222222223 0.0328125 0.09583333333333334
0 0.365625 0.5472222222222223 0.01875 0.07222222222222222
0 0.25859375 0.875 0.04375 0.1527777777777778
0 0.21875 0.9125 0.040625 0.1638888888888889
0 0.483203125 0.5243055555555556 0.02109375 0.09583333333333334
0 0.5203125 0.5173611111111112 0.021875 0.08194444444444444
0 0.44765625 0.4270833333333333 0.0125 0.05694444444444444
0 0.487890625 0.42291666666666666 0.01328125 0.05138888888888889
