0 0.00859375 0.5277777777777778 0.0171875 0.05277777777777778
0 0.132421875 0.4736111111111111 0.02734375 0.058333333333333334
0 0.18515625 0.46041666666666664 0.0265625 0.05416666666666667
0 0.21171875 0.46041666666666664 0.025 0.05416666666666667
0 0.298828125 0.4326388888888889 0.01171875 0.03194444444444444
0 0.26796875 0.42777777777777776 0.015625 0.030555555555555555
1 0.359765625 0.36319444444444443 0.02109375 0.034722222222222224
1 0.334375 0.3402777777777778 0.025 0.03611111111111111
1 0.31015625 0.3229166666666667 0.015625 0.02361111111111111
0 0.930859375 0.5784722222222223 0.03359375 0.10972222222222222
3 0.55625 0.4270833333333333 0.0515625 0.10694444444444444
0 0.619921875 0.32569444444444445 0.01171875 0.0375
0 0.603125 0.325 0.00625 0.030555555555555555
0 0.530078125 0.9493055555555555 0.06796875 0.10138888888888889
1 0.442578125 0.2986111111111111 0.02578125 0.025
1 0.407421875 0.29583333333333334 0.02265625 0.019444444444444445
2 0.403125 0.275 0.0203125 0.022222222222222223
0 0.52890625 0.2986111111111111 0.00625 0.022222222222222223
0 0.535546875 0.2986111111111111 0.00546875 0.022222222222222223
0 0.54453125 0.2972222222222222 0.00625 0.019444444444444445
