0 0.541015625 0.8416666666666667 0.04453125 0.20555555555555555
0 0.601953125 0.8256944444444444 0.05546875 0.2125
0 0.3484375 0.8888888888888888 0.046875 0.2222222222222222
0 0.259765625 0.8645833333333334 0.03671875 0.14305555555555555
0 0.5515625 0.6263888888888889 0.0328125 0.13333333333333333
0 0.598828125 0.5548611111111111 0.01796875 0.07083333333333333
0 0.5765625 0.5527777777777778 0.0265625 0.06944444444444445
0 0.321875 0.6409722222222223 0.040625 0.09583333333333334
0 0.365234375 0.5472222222222223 0.02890625 0.08333333333333333
0 0.41328125 0.5076388888888889 0.0265625 0.0763888888888889
0 0.5078125 0.47708333333333336 0.01875 0.06805555555555555
0 0.465234375 0.4736111111111111 0.01953125 0.06111111111111111
1 0.434375 0.43333333333333335 0.046875 0.06666666666666667
