0 0.922265625 0.6027777777777777 0.02265625 0.07777777777777778
0 0.915234375 0.7236111111111111 0.02734375 0.11944444444444445
0 0.799609375 0.6645833333333333 0.02890625 0.11805555555555555
0 0.84765625 0.8013888888888889 0.0328125 0.15
0 0.732421875 0.6604166666666667 0.02265625 0.10416666666666667
0 0.75078125 0.5798611111111112 0.0265625 0.08472222222222223
0 0.693359375 0.5909722222222222 0.02421875 0.09583333333333334
0 0.66796875 0.6 0.0203125 0.06666666666666667
0 0.6671875 0.6868055555555556 0.028125 0.13194444444444445
0 0.625390625 0.5368055555555555 0.01953125 0.07916666666666666
0 0.69609375 0.7847222222222222 0.0296875 0.15
0 0.625390625 0.7618055555555555 0.03515625 0.12361111111111112
0 0.60625 0.8527777777777777 0.040625 0.16111111111111112
0 0.4546875 0.9131944444444444 0.0515625 0.16527777777777777
0 0.666015625 0.9090277777777778 0.03984375 0.1763888888888889
0 0.786328125 0.9340277777777778 0.04609375 0.13194444444444445
0 0.7484375 0.8125 0.0390625 0.15555555555555556
1 0.583984375 0.7104166666666667 0.11640625 0.1486111111111111
1 0.390234375 0.7222222222222222 0.15859375 0.18888888888888888
