0 0.36640625 0.32013888888888886 0.0453125 0.13194444444444445
0 0.169921875 0.5111111111111111 0.11015625 0.26666666666666666
0 0.232421875 0.5611111111111111 0.10703125 0.25555555555555554
0 0.474609375 0.7298611111111111 0.07578125 0.25972222222222224
0 0.587109375 0.4111111111111111 0.05390625 0.17777777777777778
0 0.633203125 0.38333333333333336 0.04921875 0.14444444444444443
0 0.655859375 0.23819444444444443 0.02421875 0.0763888888888889
0 0.60234375 0.21805555555555556 0.015625 0.07222222222222222
0 0.559375 0.21458333333333332 0.0203125 0.07916666666666666
0 0.582421875 0.20069444444444445 0.01640625 0.07361111111111111
