0 0.52578125 0.8166666666666667 0.0578125 0.2111111111111111
0 0.410546875 0.6784722222222223 0.03203125 0.1486111111111111
0 0.521484375 0.5256944444444445 0.02734375 0.10138888888888889
0 0.576953125 0.5534722222222223 0.02734375 0.07916666666666666
0 0.60078125 0.5555555555555556 0.0203125 0.075
1 0.4375 0.43680555555555556 0.034375 0.06805555555555555
0 0.518359375 0.4409722222222222 0.01640625 0.05694444444444444
0 0.498828125 0.4201388888888889 0.01328125 0.04861111111111111
0 0.32109375 0.64375 0.0328125 0.10694444444444444
0 0.255078125 0.8680555555555556 0.03828125 0.1527777777777778
