0 0.87890625 0.825 0.05 0.19722222222222222
0 0.282421875 0.5333333333333333 0.03046875 0.1388888888888889
0 0.852734375 0.5319444444444444 0.06640625 0.10833333333333334
0 0.775 0.48055555555555557 0.05625 0.10555555555555556
0 0.197265625 0.7111111111111111 0.03515625 0.16944444444444445
0 0.263671875 0.6888888888888889 0.04140625 0.18333333333333332
0 0.508203125 0.5048611111111111 0.02734375 0.13194444444444445
0 0.652734375 0.46319444444444446 0.02578125 0.1125
0 0.2453125 0.5111111111111111 0.025 0.1361111111111111
0 0.18515625 0.8701388888888889 0.0453125 0.2152777777777778
0 0.551171875 0.8097222222222222 0.04140625 0.18888888888888888
0 0.187109375 0.5763888888888888 0.03046875 0.14166666666666666
0 0.333203125 0.39652777777777776 0.02421875 0.10694444444444444
0 0.3140625 0.3680555555555556 0.028125 0.09166666666666666
0 0.629296875 0.3145833333333333 0.02109375 0.08472222222222223
0 0.10625 0.39166666666666666 0.059375 0.08333333333333333
0 0.157421875 0.3951388888888889 0.04453125 0.0875
0 0.52734375 0.30972222222222223 0.03125 0.07222222222222222
0 0.6578125 0.2965277777777778 0.025 0.0763888888888889
0 0.61015625 0.2861111111111111 0.021875 0.08333333333333333
0 0.866015625 0.9458333333333333 0.05390625 0.10833333333333334
0 0.573046875 0.3145833333333333 0.03046875 0.07916666666666666
0 0.900390625 0.49236111111111114 0.05546875 0.09027777777777778
0 0.534375 0.22916666666666666 0.0125 0.058333333333333334
0 0.425390625 0.2298611111111111 0.01640625 0.059722222222222225
0 0.558203125 0.3229166666666667 0.03515625 0.07361111111111111
0 0.8140625 0.43472222222222223 0.0359375 0.08333333333333333
0 0.5640625 0.22777777777777777 0.015625 0.05555555555555555
1 0.433203125 0.35 0.04765625 0.10277777777777777
1 0.5890625 0.475 0.0640625 0.14444444444444443
1 0.737109375 0.88125 0.16015625 0.2375
2 0.383203125 0.2881944444444444 0.05546875 0.12361111111111112
3 0.39375 0.5368055555555555 0.121875 0.3263888888888889
3 0.3828125 0.28680555555555554 0.05625 0.1486111111111111
0 0.34609375 0.27152777777777776 0.015625 0.05694444444444444
