0 0.921875 0.6055555555555555 0.01875 0.075
0 0.8578125 0.6361111111111111 0.028125 0.10833333333333334
0 0.7796875 0.5736111111111111 0.01875 0.08888888888888889
0 0.741796875 0.5791666666666667 0.02109375 0.09444444444444444
0 0.695703125 0.5805555555555556 0.01796875 0.10277777777777777
0 0.647265625 0.6055555555555555 0.02109375 0.10277777777777777
0 0.512890625 0.6166666666666667 0.02578125 0.10833333333333334
0 0.71953125 0.6375 0.0234375 0.1
0 0.73359375 0.7104166666666667 0.03125 0.13472222222222222
0 0.822265625 0.71875 0.03046875 0.1375
0 0.855859375 0.8055555555555556 0.03359375 0.15833333333333333
0 0.753515625 0.9229166666666667 0.04609375 0.15416666666666667
0 0.68203125 0.8395833333333333 0.0328125 0.1763888888888889
0 0.617578125 0.8291666666666667 0.03359375 0.15555555555555556
0 0.584375 0.7604166666666666 0.034375 0.14583333333333334
1 0.391796875 0.7541666666666667 0.13984375 0.16111111111111112
1 0.4171875 0.9569444444444445 0.1828125 0.08611111111111111
1 0.601953125 0.5638888888888889 0.07421875 0.13055555555555556
