0 0.481640625 0.1597222222222222 0.03984375 0.07222222222222222
0 0.560546875 0.45902777777777776 0.04921875 0.1625
0 0.603125 0.4111111111111111 0.040625 0.1361111111111111
0 0.654296875 0.45416666666666666 0.04453125 0.15
0 0.6796875 0.47430555555555554 0.04375 0.15694444444444444
0 0.64765625 0.2659722222222222 0.0265625 0.09027777777777778
0 0.662109375 0.23819444444444443 0.01484375 0.06805555555555555
0 0.67734375 0.22569444444444445 0.0171875 0.059722222222222225
0 0.66640625 0.16805555555555557 0.009375 0.03333333333333333
0 0.659375 0.15138888888888888 0.00625 0.027777777777777776
