0 0.6359375 0.8798611111111111 0.0625 0.19027777777777777
0 0.2609375 0.6131944444444445 0.078125 0.14305555555555555
0 0.8 0.6194444444444445 0.03125 0.12777777777777777
0 0.64296875 0.45208333333333334 0.0265625 0.0875
0 0.735546875 0.6027777777777777 0.03359375 0.12777777777777777
0 0.832421875 0.45902777777777776 0.01796875 0.0625
1 0.596484375 0.6159722222222223 0.13046875 0.16527777777777777
2 0.5078125 0.5236111111111111 0.1734375 0.18333333333333332
3 0.7125 0.4597222222222222 0.1109375 0.175
0 0.610546875 0.46875 0.02109375 0.08194444444444444
1 0.280078125 0.8875 0.35234375 0.225
3 0.77578125 0.4423611111111111 0.03125 0.12916666666666668
0 0.913671875 0.5784722222222223 0.02578125 0.10416666666666667
