0 0.423828125 0.2722222222222222 0.03671875 0.10277777777777777
0 0.3625 0.7888888888888889 0.103125 0.31666666666666665
0 0.56015625 0.42430555555555555 0.040625 0.1625
0 0.5546875 0.2763888888888889 0.0296875 0.08888888888888889
0 0.644140625 0.30972222222222223 0.02265625 0.08333333333333333
0 0.524609375 0.21875 0.02578125 0.08472222222222223
0 0.55390625 0.21805555555555556 0.0203125 0.04722222222222222
0 0.6625 0.26319444444444445 0.021875 0.06527777777777778
0 0.644140625 0.21041666666666667 0.02109375 0.05694444444444444
0 0.610546875 0.17152777777777778 0.01640625 0.05138888888888889
0 0.68515625 0.2423611111111111 0.0140625 0.059722222222222225
