0 0.441796875 0.5909722222222222 0.07421875 0.13194444444444445
0 0.246484375 0.5645833333333333 0.07578125 0.12638888888888888
0 0.525390625 0.9076388888888889 0.05859375 0.15694444444444444
0 0.291796875 0.34305555555555556 0.02734375 0.09166666666666666
0 0.747265625 0.5381944444444444 0.06328125 0.12083333333333333
0 0.54765625 0.40555555555555556 0.034375 0.09722222222222222
0 0.5640625 0.28958333333333336 0.01875 0.08194444444444444
0 0.9015625 0.5347222222222222 0.06875 0.10277777777777777
0 0.58046875 0.21875 0.015625 0.05694444444444444
0 0.08046875 0.3659722222222222 0.0515625 0.07361111111111111
0 0.6078125 0.29583333333333334 0.0171875 0.08055555555555556
0 0.6328125 0.2708333333333333 0.0203125 0.075
0 0.743359375 0.36527777777777776 0.03203125 0.08611111111111111
0 0.4234375 0.2951388888888889 0.0171875 0.0763888888888889
0 0.384375 0.29444444444444445 0.021875 0.06666666666666667
0 0.721875 0.3645833333333333 0.03125 0.08472222222222223
0 0.55859375 0.19791666666666666 0.01875 0.05416666666666667
0 0.33125 0.2972222222222222 0.0203125 0.07222222222222222
0 0.008984375 0.3923611111111111 0.01953125 0.08194444444444444
0 0.698046875 0.2881944444444444 0.02578125 0.0763888888888889
1 0.456640625 0.28125 0.03359375 0.09305555555555556
1 0.540234375 0.18472222222222223 0.03046875 0.058333333333333334
1 0.9484375 0.5048611111111111 0.096875 0.11805555555555555
3 0.455859375 0.27152777777777776 0.03359375 0.10138888888888889
