0 0.47890625 0.25277777777777777 0.028125 0.09722222222222222
0 0.4875 0.3138888888888889 0.0453125 0.14722222222222223
0 0.5234375 0.25763888888888886 0.025 0.09583333333333334
0 0.60234375 0.3298611111111111 0.0328125 0.11527777777777778
0 0.6109375 0.2604166666666667 0.0234375 0.07916666666666666
0 0.637109375 0.2791666666666667 0.02578125 0.09444444444444444
0 0.669140625 0.30694444444444446 0.02890625 0.08888888888888889
0 0.653515625 0.45069444444444445 0.03984375 0.15416666666666667
0 0.68203125 0.46597222222222223 0.0453125 0.1736111111111111
0 0.69765625 0.8347222222222223 0.128125 0.28888888888888886
0 0.384375 0.7840277777777778 0.10625 0.3013888888888889
0 0.383984375 0.3659722222222222 0.05546875 0.16527777777777777
0 0.4796875 0.15902777777777777 0.0390625 0.07361111111111111
0 0.60625 0.19236111111111112 0.021875 0.06527777777777778
0 0.303515625 0.3486111111111111 0.05390625 0.1638888888888889
0 0.623046875 0.17708333333333334 0.01484375 0.05138888888888889
