0 0.59453125 0.5173611111111112 0.0546875 0.1125
0 0.301953125 0.3277777777777778 0.01796875 0.08888888888888889
0 0.432421875 0.29791666666666666 0.01328125 0.08472222222222223
0 0.582421875 0.31319444444444444 0.01484375 0.08194444444444444
0 0.63359375 0.2861111111111111 0.01875 0.08055555555555556
0 0.29453125 0.475 0.0578125 0.10833333333333334
0 0.369140625 0.3111111111111111 0.01796875 0.07777777777777778
0 0.669140625 0.30069444444444443 0.02265625 0.07916666666666666
0 0.5953125 0.2590277777777778 0.0171875 0.06527777777777778
0 0.3390625 0.2972222222222222 0.0203125 0.075
0 0.55625 0.25763888888888886 0.015625 0.07083333333333333
0 0.566015625 0.22847222222222222 0.01171875 0.059722222222222225
1 0.51171875 0.18958333333333333 0.03125 0.05416666666666667
1 0.409375 0.22708333333333333 0.0328125 0.05138888888888889
1 0.4625 0.2798611111111111 0.034375 0.0875
1 0.799609375 0.5465277777777777 0.13046875 0.12916666666666668
0 0.04296875 0.53125 0.0859375 0.14027777777777778
1 0.042578125 0.5298611111111111 0.08515625 0.14027777777777778
