0 0.278125 0.36180555555555555 0.053125 0.19027777777777777
0 0.21640625 0.5847222222222223 0.0921875 0.28055555555555556
0 0.405078125 0.39166666666666666 0.05546875 0.1638888888888889
0 0.480859375 0.28888888888888886 0.02890625 0.10833333333333334
0 0.540234375 0.4263888888888889 0.04609375 0.16666666666666666
0 0.633203125 0.37083333333333335 0.03828125 0.11944444444444445
0 0.617578125 0.2965277777777778 0.03046875 0.09583333333333334
0 0.56015625 0.2125 0.0203125 0.06944444444444445
0 0.671484375 0.2652777777777778 0.02265625 0.075
0 0.6515625 0.24444444444444444 0.021875 0.07222222222222222
0 0.621875 0.18472222222222223 0.0171875 0.05
