0 0.4203125 0.7256944444444444 0.09375 0.2791666666666667
0 0.572265625 0.44166666666666665 0.03828125 0.1527777777777778
0 0.60078125 0.3597222222222222 0.0296875 0.11388888888888889
0 0.671875 0.3611111111111111 0.0296875 0.11944444444444445
0 0.6578125 0.27708333333333335 0.025 0.0763888888888889
0 0.609765625 0.19583333333333333 0.01796875 0.06388888888888888
0 0.5953125 0.17777777777777778 0.015625 0.05277777777777778
0 0.578125 0.17291666666666666 0.0171875 0.05416666666666667
0 0.6640625 0.19722222222222222 0.0171875 0.04722222222222222
0 0.6265625 0.18819444444444444 0.015625 0.04861111111111111
0 0.68984375 0.21666666666666667 0.015625 0.058333333333333334
0 0.648046875 0.18819444444444444 0.01484375 0.05138888888888889
