0 0.248046875 0.6395833333333333 0.07890625 0.14305555555555555
0 0.502734375 0.8354166666666667 0.06796875 0.2125
0 0.587890625 0.6826388888888889 0.05078125 0.1736111111111111
0 0.5796875 0.5208333333333334 0.0328125 0.09444444444444444
0 0.80625 0.5875 0.0296875 0.125
0 0.50859375 0.4930555555555556 0.04375 0.11388888888888889
0 0.846484375 0.48819444444444443 0.01640625 0.07083333333333333
0 0.5515625 0.46458333333333335 0.0296875 0.09305555555555556
0 0.816015625 0.5145833333333333 0.01640625 0.07083333333333333
1 0.754296875 0.47638888888888886 0.05546875 0.08888888888888889
1 0.70390625 0.4479166666666667 0.053125 0.0763888888888889
0 0.814453125 0.4597222222222222 0.01328125 0.058333333333333334
0 0.28671875 0.5736111111111111 0.0390625 0.10555555555555556
0 0.83046875 0.4930555555555556 0.0171875 0.06388888888888888
