1 0.308984375 0.48680555555555555 0.14140625 0.21805555555555556
1 0.755859375 0.7805555555555556 0.25390625 0.3638888888888889
3 0.32265625 0.23680555555555555 0.0984375 0.1125
3 0.58984375 0.35138888888888886 0.175 0.18333333333333332
0 0.19921875 0.2423611111111111 0.01875 0.04583333333333333
0 0.2203125 0.23402777777777778 0.0171875 0.05138888888888889
0 0.237109375 0.23472222222222222 0.01796875 0.058333333333333334
0 0.2125 0.6243055555555556 0.0625 0.22083333333333333
0 0.28984375 0.6111111111111112 0.05 0.19166666666666668
0 0.361328125 0.80625 0.08671875 0.25972222222222224
