0 0.651171875 0.6229166666666667 0.04296875 0.14583333333333334
0 0.73984375 0.65625 0.0328125 0.1625
0 0.812890625 0.6527777777777778 0.03515625 0.1527777777777778
0 0.626953125 0.4597222222222222 0.03046875 0.07222222222222222
0 0.69375 0.45069444444444445 0.0234375 0.07916666666666666
0 0.773828125 0.45555555555555555 0.01953125 0.075
0 0.816015625 0.4986111111111111 0.01953125 0.08055555555555556
0 0.853515625 0.4979166666666667 0.01640625 0.07916666666666666
0 0.1921875 0.6833333333333333 0.1 0.19444444444444445
0 0.716015625 0.4 0.01328125 0.058333333333333334
0 0.747265625 0.4013888888888889 0.01484375 0.06111111111111111
0 0.791015625 0.43819444444444444 0.01328125 0.06805555555555555
0 0.8328125 0.43333333333333335 0.0140625 0.04722222222222222
0 0.615625 0.4284722222222222 0.0171875 0.06805555555555555
0 0.47578125 0.44513888888888886 0.028125 0.10138888888888889
