0 0.244921875 0.9375 0.07890625 0.125
0 0.34375 0.9263888888888889 0.0703125 0.14722222222222223
0 0.48984375 0.8881944444444444 0.0484375 0.1736111111111111
0 0.446484375 0.8236111111111111 0.03828125 0.16111111111111112
0 0.501171875 0.7263888888888889 0.04453125 0.12777777777777777
0 0.34921875 0.6694444444444444 0.053125 0.10277777777777777
0 0.470703125 0.5680555555555555 0.03359375 0.08611111111111111
0 0.521875 0.6402777777777777 0.034375 0.09722222222222222
0 0.575390625 0.6881944444444444 0.03046875 0.10972222222222222
0 0.58984375 0.6201388888888889 0.028125 0.0875
0 0.53671875 0.5493055555555556 0.025 0.08194444444444444
0 0.596484375 0.5416666666666666 0.01953125 0.07777777777777778
0 0.724609375 0.6402777777777777 0.03203125 0.1111111111111111
