0 0.20625 0.5201388888888889 0.0375 0.12638888888888888
0 0.135546875 0.6993055555555555 0.04765625 0.16527777777777777
0 0.465625 0.8534722222222222 0.0625 0.19583333333333333
0 0.6671875 0.31527777777777777 0.0203125 0.08055555555555556
0 0.2 0.7006944444444444 0.040625 0.17083333333333334
0 0.497265625 0.3958333333333333 0.02578125 0.10277777777777777
0 0.6265625 0.3388888888888889 0.021875 0.08333333333333333
0 0.411328125 0.3145833333333333 0.01796875 0.0875
0 0.80078125 0.5159722222222223 0.03125 0.10694444444444444
0 0.45 0.6423611111111112 0.046875 0.14583333333333334
0 0.41640625 0.5625 0.040625 0.15
0 0.0125 0.49236111111111114 0.025 0.09027777777777778
0 0.033203125 0.3701388888888889 0.03984375 0.08472222222222223
0 0.270703125 0.5361111111111111 0.03359375 0.14722222222222223
0 0.398046875 0.5326388888888889 0.03359375 0.11527777777777778
0 0.73984375 0.4513888888888889 0.025 0.1
0 0.703125 0.5638888888888889 0.028125 0.11666666666666667
0 0.33828125 0.28402777777777777 0.0203125 0.06527777777777778
0 0.933984375 0.7131944444444445 0.04296875 0.15694444444444444
0 0.251953125 0.95 0.04453125 0.08888888888888889
0 0.503125 0.33819444444444446 0.0234375 0.0763888888888889
0 0.45 0.7694444444444445 0.05625 0.1527777777777778
1 0.700390625 0.9375 0.17265625 0.125
1 0.314453125 0.35 0.06640625 0.08333333333333333
1 0.38046875 0.2826388888888889 0.0359375 0.0875
1 0.692578125 0.44583333333333336 0.08359375 0.13055555555555556
2 0.692578125 0.44583333333333336 0.08359375 0.13055555555555556
3 0.6109375 0.4791666666666667 0.0953125 0.2
3 0.455078125 0.2833333333333333 0.04609375 0.125
3 0.812890625 0.7604166666666666 0.21953125 0.3763888888888889
3 0.54921875 0.25972222222222224 0.0734375 0.1527777777777778
0 0.28125 0.4375 0.025 0.08055555555555556
0 0.39921875 0.48055555555555557 0.0515625 0.08888888888888889
1 0.298828125 0.7180555555555556 0.14453125 0.30833333333333335
