0 0.72265625 0.4326388888888889 0.0203125 0.07083333333333333
0 0.75234375 0.5361111111111111 0.03125 0.11388888888888889
0 0.7125 0.6159722222222223 0.0375 0.1375
0 0.79296875 0.4236111111111111 0.015625 0.058333333333333334
0 0.612109375 0.44513888888888886 0.03203125 0.09027777777777778
0 0.618359375 0.6180555555555556 0.04453125 0.15
0 0.69921875 0.40555555555555556 0.015625 0.058333333333333334
0 0.681640625 0.43819444444444444 0.01953125 0.06805555555555555
0 0.66328125 0.4638888888888889 0.025 0.08055555555555556
0 0.670703125 0.5375 0.03359375 0.1111111111111111
0 0.747265625 0.39444444444444443 0.01484375 0.05
0 0.816015625 0.42430555555555555 0.01328125 0.05138888888888889
0 0.845703125 0.42430555555555555 0.01328125 0.04583333333333333
0 0.0125 0.8118055555555556 0.025 0.17916666666666667
2 0.834375 0.5090277777777777 0.0640625 0.10972222222222222
0 0.773828125 0.375 0.01484375 0.041666666666666664
0 0.75078125 0.4986111111111111 0.0265625 0.09166666666666666
