0 0.666015625 0.7256944444444444 0.04921875 0.17083333333333334
0 0.733984375 0.7104166666666667 0.03359375 0.1763888888888889
0 0.801953125 0.6451388888888889 0.02890625 0.15138888888888888
0 0.747265625 0.5951388888888889 0.02734375 0.10972222222222222
0 0.625 0.5138888888888888 0.028125 0.08611111111111111
0 0.55234375 0.4909722222222222 0.03125 0.10972222222222222
0 0.598828125 0.47638888888888886 0.02109375 0.09166666666666666
0 0.68359375 0.44930555555555557 0.021875 0.0875
0 0.716015625 0.41388888888888886 0.01328125 0.06111111111111111
0 0.73828125 0.4479166666666667 0.0203125 0.0763888888888889
0 0.783984375 0.5430555555555555 0.01953125 0.09166666666666666
0 0.81171875 0.5236111111111111 0.0140625 0.07777777777777778
0 0.82265625 0.5625 0.015625 0.08888888888888889
0 0.8375 0.51875 0.0171875 0.08194444444444444
1 0.63828125 0.6180555555555556 0.1125 0.1361111111111111
3 0.23203125 0.5430555555555555 0.4640625 0.625
1 0.774609375 0.5 0.04296875 0.09166666666666666
3 0.796484375 0.38680555555555557 0.07578125 0.12083333333333333
