0 0.425 0.8090277777777778 0.0953125 0.22916666666666666
0 0.65859375 0.43125 0.025 0.07916666666666666
0 0.71953125 0.49375 0.0234375 0.09027777777777778
0 0.564453125 0.475 0.03828125 0.09722222222222222
0 0.622265625 0.4756944444444444 0.03359375 0.10416666666666667
0 0.691796875 0.5048611111111111 0.02578125 0.09027777777777778
0 0.64453125 0.6729166666666667 0.0421875 0.1763888888888889
0 0.71171875 0.40555555555555556 0.015625 0.058333333333333334
0 0.766796875 0.5618055555555556 0.02890625 0.11527777777777778
0 0.791796875 0.49166666666666664 0.02109375 0.07777777777777778
0 0.7765625 0.4888888888888889 0.0234375 0.07777777777777778
0 0.68828125 0.5895833333333333 0.03125 0.12916666666666668
0 0.721484375 0.6631944444444444 0.04296875 0.15694444444444444
0 0.75390625 0.49236111111111114 0.0234375 0.07916666666666666
0 0.724609375 0.7902777777777777 0.05546875 0.2
0 0.738671875 0.4027777777777778 0.01640625 0.05
0 0.800390625 0.4479166666666667 0.01484375 0.05694444444444444
2 0.83671875 0.5069444444444444 0.0578125 0.11666666666666667
3 0.266796875 0.5798611111111112 0.52890625 0.6875
0 0.724609375 0.4041666666666667 0.01484375 0.04722222222222222
0 0.774609375 0.4048611111111111 0.01328125 0.04861111111111111
0 0.759765625 0.39652777777777776 0.01171875 0.05694444444444444
0 0.80390625 0.41388888888888886 0.0140625 0.05555555555555555
0 0.78671875 0.44166666666666665 0.0140625 0.058333333333333334
