0 0.5703125 0.8902777777777777 0.078125 0.1527777777777778
0 0.390625 0.8458333333333333 0.0640625 0.21944444444444444
0 0.4390625 0.6576388888888889 0.0375 0.14027777777777778
0 0.568359375 0.7034722222222223 0.04453125 0.1625
0 0.537109375 0.5659722222222222 0.03203125 0.11805555555555555
0 0.578125 0.5486111111111112 0.021875 0.07222222222222222
0 0.302734375 0.9409722222222222 0.07109375 0.11805555555555555
0 0.258203125 0.8576388888888888 0.03515625 0.13194444444444445
0 0.3203125 0.6354166666666666 0.0328125 0.09027777777777778
0 0.363671875 0.55 0.02734375 0.06944444444444445
0 0.43359375 0.5152777777777777 0.025 0.08888888888888889
0 0.4890625 0.4361111111111111 0.015625 0.058333333333333334
0 0.517578125 0.44305555555555554 0.01796875 0.06111111111111111
1 0.465234375 0.38819444444444445 0.01953125 0.03194444444444444
