0 0.182421875 0.4388888888888889 0.03359375 0.1388888888888889
0 0.117578125 0.2611111111111111 0.01796875 0.06111111111111111
0 0.0859375 0.29305555555555557 0.0234375 0.06666666666666667
0 0.1078125 0.30486111111111114 0.0375 0.08194444444444444
1 0.151171875 0.26805555555555555 0.04140625 0.06666666666666667
1 0.194921875 0.23819444444444443 0.04765625 0.07361111111111111
1 0.32734375 0.36736111111111114 0.115625 0.10694444444444444
1 0.401953125 0.7361111111111112 0.24140625 0.3861111111111111
1 0.6078125 0.7569444444444444 0.2546875 0.38333333333333336
1 0.716796875 0.39305555555555555 0.11328125 0.1388888888888889
3 0.305078125 0.24791666666666667 0.11015625 0.1125
3 0.397265625 0.23819444444444443 0.10234375 0.11527777777777778
3 0.55546875 0.2590277777777778 0.1046875 0.12638888888888888
