0 0.876953125 0.7756944444444445 0.06796875 0.20694444444444443
0 0.1203125 0.25833333333333336 0.0171875 0.06388888888888888
0 0.1078125 0.3236111111111111 0.0234375 0.08611111111111111
0 0.1484375 0.43194444444444446 0.0265625 0.13055555555555556
0 0.3296875 0.25763888888888886 0.0421875 0.06805555555555555
0 0.1640625 0.23819444444444443 0.0203125 0.05138888888888889
0 0.20390625 0.2375 0.034375 0.05277777777777778
0 0.467578125 0.3590277777777778 0.05234375 0.10138888888888889
0 0.507421875 0.3680555555555556 0.05859375 0.09166666666666666
0 0.526953125 0.39444444444444443 0.05703125 0.09444444444444444
