0 0.416796875 0.42430555555555555 0.04296875 0.08472222222222223
0 0.4734375 0.3527777777777778 0.028125 0.07777777777777778
0 0.184375 0.4909722222222222 0.0203125 0.09305555555555556
0 0.029296875 0.7194444444444444 0.03984375 0.1388888888888889
0 0.52109375 0.48194444444444445 0.0359375 0.08333333333333333
1 0.558203125 0.5305555555555556 0.11484375 0.125
1 0.705859375 0.6034722222222222 0.09609375 0.1597222222222222
0 0.7671875 0.3680555555555556 0.0328125 0.08611111111111111
0 0.830078125 0.44930555555555557 0.04765625 0.11527777777777778
0 0.884765625 0.4791666666666667 0.03203125 0.10277777777777777
0 0.955078125 0.5666666666666667 0.03984375 0.13055555555555556
2 0.8 0.8798611111111111 0.2359375 0.22083333333333333
1 0.373828125 0.2763888888888889 0.02890625 0.05
3 0.341015625 0.25277777777777777 0.02734375 0.07777777777777778
