0 0.5421875 0.6013888888888889 0.0765625 0.12222222222222222
0 0.67421875 0.5701388888888889 0.06875 0.12083333333333333
0 0.6515625 0.3548611111111111 0.0234375 0.0875
0 0.88671875 0.5451388888888888 0.0625 0.10416666666666667
0 0.602734375 0.4083333333333333 0.03046875 0.1
0 0.26171875 0.38263888888888886 0.028125 0.09861111111111111
0 0.791015625 0.5708333333333333 0.05859375 0.11666666666666667
0 0.32265625 0.29930555555555555 0.0203125 0.07916666666666666
0 0.558203125 0.4652777777777778 0.04140625 0.10555555555555556
0 0.61875 0.29930555555555555 0.015625 0.07916666666666666
0 0.57421875 0.31180555555555556 0.0171875 0.0625
0 0.546875 0.3055555555555556 0.0171875 0.075
0 0.967578125 0.71875 0.05703125 0.13194444444444445
0 0.57265625 0.5583333333333333 0.0609375 0.10833333333333334
0 0.406640625 0.34930555555555554 0.03671875 0.0763888888888889
0 0.58203125 0.24375 0.0140625 0.059722222222222225
0 0.511328125 0.30625 0.03515625 0.06805555555555555
0 0.5328125 0.24513888888888888 0.0171875 0.05694444444444444
0 0.080859375 0.36736111111111114 0.05234375 0.07916666666666666
0 0.8125 0.42916666666666664 0.028125 0.08333333333333333
0 0.4109375 0.2701388888888889 0.0140625 0.07083333333333333
1 0.369921875 0.5298611111111111 0.13515625 0.1375
1 0.065625 0.5340277777777778 0.13125 0.15138888888888888
1 0.04375 0.7402777777777778 0.0875 0.16944444444444445
1 0.355078125 0.4111111111111111 0.11484375 0.11666666666666667
1 0.065234375 0.9486111111111111 0.08515625 0.09444444444444444
3 0.452734375 0.2659722222222222 0.04609375 0.11805555555555555
0 0.678515625 0.5208333333333334 0.06328125 0.09722222222222222
0 0.30078125 0.37083333333333335 0.03125 0.06388888888888888
1 0.082421875 0.45694444444444443 0.16015625 0.11666666666666667
