1 0.2 0.32916666666666666 0.071875 0.10833333333333334
1 0.16328125 0.21458333333333332 0.034375 0.05416666666666667
1 0.30078125 0.2520833333333333 0.0734375 0.06527777777777778
0 0.101171875 0.3347222222222222 0.03828125 0.075
0 0.136328125 0.3402777777777778 0.01953125 0.08333333333333333
0 0.133203125 0.29930555555555555 0.01484375 0.06527777777777778
0 0.100390625 0.24722222222222223 0.01328125 0.05555555555555555
0 0.203515625 0.24583333333333332 0.01328125 0.05
0 0.21484375 0.23541666666666666 0.0125 0.05138888888888889
0 0.23828125 0.2326388888888889 0.0203125 0.05138888888888889
0 0.398046875 0.2638888888888889 0.03359375 0.058333333333333334
0 0.51015625 0.2611111111111111 0.0296875 0.05
0 0.39375 0.7854166666666667 0.08125 0.22083333333333333
0 0.2453125 0.4798611111111111 0.0375 0.1486111111111111
0 0.851171875 0.7958333333333333 0.07265625 0.225
