0 0.44140625 0.76875 0.04375 0.20694444444444443
0 0.5453125 0.8263888888888888 0.0421875 0.21666666666666667
0 0.622265625 0.8506944444444444 0.04296875 0.22083333333333333
0 0.261328125 0.8583333333333333 0.03359375 0.1388888888888889
0 0.32109375 0.6409722222222223 0.0296875 0.09861111111111111
0 0.3625 0.5527777777777778 0.021875 0.08333333333333333
1 0.453125 0.53125 0.05625 0.10416666666666667
0 0.525 0.49583333333333335 0.021875 0.08055555555555556
0 0.571484375 0.5486111111111112 0.02109375 0.075
0 0.4578125 0.45902777777777776 0.0171875 0.04583333333333333
1 0.459375 0.40694444444444444 0.03125 0.04722222222222222
0 0.495703125 0.4041666666666667 0.01015625 0.03888888888888889
