0 0.760546875 0.50625 0.02109375 0.09305555555555556
0 0.80703125 0.5083333333333333 0.0234375 0.08333333333333333
0 0.665625 0.42916666666666664 0.025 0.06111111111111111
0 0.625 0.45208333333333334 0.01875 0.07916666666666666
0 0.56875 0.45625 0.0265625 0.09027777777777778
0 0.39453125 0.5430555555555555 0.0484375 0.11666666666666667
0 0.225 0.6819444444444445 0.084375 0.17777777777777778
0 0.0609375 0.7611111111111111 0.0984375 0.18888888888888888
0 0.096484375 0.6506944444444445 0.07421875 0.15138888888888888
0 0.425390625 0.4708333333333333 0.04765625 0.09166666666666666
0 0.83125 0.44305555555555554 0.0125 0.05
0 0.763671875 0.39652777777777776 0.01640625 0.05416666666666667
0 0.86015625 0.4340277777777778 0.0140625 0.05694444444444444
3 0.796875 0.4027777777777778 0.0515625 0.09166666666666666
