0 0.08828125 0.2590277777777778 0.015625 0.05694444444444444
0 0.111328125 0.2881944444444444 0.01796875 0.06805555555555555
0 0.130859375 0.33402777777777776 0.02265625 0.0875
0 0.11328125 0.36527777777777776 0.0234375 0.09166666666666666
0 0.3578125 0.2638888888888889 0.034375 0.06388888888888888
0 0.38359375 0.25277777777777777 0.0296875 0.05555555555555555
0 0.416796875 0.85 0.08984375 0.25277777777777777
0 0.747265625 0.48680555555555555 0.02734375 0.13194444444444445
0 0.88671875 0.7548611111111111 0.0671875 0.1986111111111111
1 0.11796875 0.24166666666666667 0.0296875 0.058333333333333334
1 0.17890625 0.22083333333333333 0.034375 0.041666666666666664
1 0.177734375 0.26319444444444445 0.04296875 0.0625
1 0.241796875 0.37083333333333335 0.07890625 0.10833333333333334
1 0.385546875 0.5694444444444444 0.16953125 0.25
1 0.442578125 0.4826388888888889 0.12578125 0.1625
