0 0.25859375 0.8673611111111111 0.040625 0.1486111111111111
0 0.415234375 0.6486111111111111 0.03671875 0.15833333333333333
0 0.3203125 0.6423611111111112 0.0296875 0.09027777777777778
0 0.362109375 0.5541666666666667 0.02265625 0.07222222222222222
0 0.44453125 0.5465277777777777 0.025 0.09861111111111111
0 0.577734375 0.55 0.02734375 0.07222222222222222
0 0.444921875 0.4798611111111111 0.01640625 0.06805555555555555
0 0.512890625 0.44513888888888886 0.01484375 0.04861111111111111
0 0.473046875 0.45 0.01796875 0.058333333333333334
0 0.45859375 0.46111111111111114 0.015625 0.058333333333333334
