0 0.7859375 0.47638888888888886 0.0234375 0.08333333333333333
0 0.65703125 0.42291666666666666 0.0234375 0.0763888888888889
0 0.68828125 0.42430555555555555 0.021875 0.0763888888888889
0 0.19375 0.7895833333333333 0.1078125 0.2625
0 0.155859375 0.6375 0.08359375 0.19722222222222222
0 0.594921875 0.5409722222222222 0.03671875 0.1375
0 0.64921875 0.6555555555555556 0.04375 0.1638888888888889
0 0.43046875 0.5208333333333334 0.0515625 0.13055555555555556
0 0.246875 0.6472222222222223 0.0796875 0.1638888888888889
0 0.589453125 0.4388888888888889 0.02578125 0.08333333333333333
0 0.61953125 0.5020833333333333 0.03125 0.10694444444444444
0 0.744921875 0.4076388888888889 0.01328125 0.043055555555555555
0 0.73125 0.5083333333333333 0.0296875 0.10555555555555556
0 0.037890625 0.7861111111111111 0.07578125 0.23333333333333334
0 0.5234375 0.5 0.0359375 0.10833333333333334
0 0.625 0.4354166666666667 0.0234375 0.07361111111111111
2 0.8375 0.50625 0.06875 0.12361111111111112
1 0.741796875 0.4777777777777778 0.05546875 0.08611111111111111
0 0.74375 0.38263888888888886 0.0125 0.04583333333333333
0 0.79921875 0.4152777777777778 0.0140625 0.04722222222222222
