0 0.375390625 0.3111111111111111 0.04921875 0.13055555555555556
0 0.373046875 0.4173611111111111 0.06171875 0.2013888888888889
0 0.27734375 0.4111111111111111 0.0703125 0.18611111111111112
0 0.10625 0.5361111111111111 0.1 0.24444444444444444
0 0.049609375 0.7319444444444444 0.09921875 0.30277777777777776
0 0.180859375 0.8784722222222222 0.14296875 0.24305555555555555
0 0.501171875 0.4840277777777778 0.05546875 0.18472222222222223
0 0.5484375 0.36666666666666664 0.046875 0.15
0 0.483984375 0.3125 0.03984375 0.1361111111111111
0 0.514453125 0.23541666666666666 0.02421875 0.09027777777777778
0 0.546875 0.25625 0.03125 0.09027777777777778
0 0.4796875 0.16041666666666668 0.0375 0.07361111111111111
0 0.61171875 0.2847222222222222 0.03125 0.09166666666666666
0 0.61796875 0.3729166666666667 0.040625 0.14027777777777778
0 0.65625 0.46041666666666664 0.0546875 0.16805555555555557
0 0.682421875 0.48055555555555557 0.04140625 0.17222222222222222
0 0.679296875 0.24791666666666667 0.01953125 0.07361111111111111
0 0.49296875 0.24930555555555556 0.028125 0.0763888888888889
0 0.655859375 0.20625 0.01953125 0.059722222222222225
