0 0.190625 0.44027777777777777 0.0765625 0.20555555555555555
0 0.296484375 0.4125 0.06640625 0.19166666666666668
0 0.5796875 0.48055555555555557 0.0546875 0.17222222222222222
0 0.370703125 0.6819444444444445 0.09453125 0.2611111111111111
0 0.377734375 0.8541666666666666 0.11484375 0.2916666666666667
0 0.604296875 0.34930555555555554 0.03671875 0.11805555555555555
0 0.50078125 0.2520833333333333 0.0328125 0.09027777777777778
0 0.53828125 0.2652777777777778 0.028125 0.1
0 0.66640625 0.30486111111111114 0.025 0.09027777777777778
0 0.637890625 0.27847222222222223 0.02578125 0.07916666666666666
0 0.56015625 0.20694444444444443 0.021875 0.07222222222222222
0 0.61484375 0.2125 0.0171875 0.06388888888888888
0 0.597265625 0.20069444444444445 0.01953125 0.06805555555555555
0 0.67734375 0.22291666666666668 0.0171875 0.05416666666666667
0 0.647265625 0.19375 0.01484375 0.05138888888888889
0 0.6328125 0.20069444444444445 0.0171875 0.05416666666666667
0 0.620703125 0.18194444444444444 0.01640625 0.05277777777777778
