0 0.79375 0.5493055555555556 0.0671875 0.11805555555555555
0 0.479296875 0.6131944444444445 0.08671875 0.13194444444444445
0 0.207421875 0.6416666666666667 0.08203125 0.12777777777777777
0 0.5671875 0.29930555555555555 0.015625 0.07916666666666666
0 0.701171875 0.5229166666666667 0.06171875 0.11805555555555555
0 0.67421875 0.3145833333333333 0.0265625 0.08194444444444444
0 0.596875 0.45416666666666666 0.065625 0.10555555555555556
0 0.54296875 0.34930555555555554 0.025 0.08472222222222223
0 0.612109375 0.2881944444444444 0.01796875 0.0763888888888889
0 0.0828125 0.44027777777777777 0.0640625 0.1
0 0.414453125 0.425 0.05234375 0.1
0 0.520703125 0.4201388888888889 0.05078125 0.09861111111111111
0 0.760546875 0.4236111111111111 0.04921875 0.09722222222222222
0 0.4953125 0.3145833333333333 0.0265625 0.07916666666666666
0 0.473828125 0.3770833333333333 0.03515625 0.09027777777777778
0 0.08828125 0.36666666666666664 0.05 0.075
0 0.292578125 0.3388888888888889 0.02421875 0.07777777777777778
0 0.633203125 0.26875 0.01640625 0.07083333333333333
0 0.333984375 0.2986111111111111 0.02109375 0.07222222222222222
0 0.42421875 0.28680555555555554 0.0171875 0.0763888888888889
0 0.173046875 0.41041666666666665 0.05234375 0.07916666666666666
0 0.58046875 0.23194444444444445 0.0140625 0.06666666666666667
0 0.353515625 0.2972222222222222 0.01796875 0.07222222222222222
0 0.384375 0.29583333333333334 0.021875 0.06666666666666667
0 0.323828125 0.3659722222222222 0.02890625 0.07916666666666666
0 0.69609375 0.38263888888888886 0.034375 0.09305555555555556
0 0.033203125 0.41944444444444445 0.04765625 0.075
0 0.5421875 0.2826388888888889 0.015625 0.06527777777777778
0 0.4484375 0.5201388888888889 0.0671875 0.10972222222222222
0 0.7921875 0.49166666666666664 0.0671875 0.09722222222222222
0 0.894921875 0.5291666666666667 0.04921875 0.09722222222222222
0 0.526953125 0.19027777777777777 0.01484375 0.05277777777777778
0 0.40234375 0.2951388888888889 0.0203125 0.06527777777777778
0 0.815625 0.47638888888888886 0.0703125 0.08888888888888889
1 0.2625 0.4263888888888889 0.1390625 0.1111111111111111
1 0.45703125 0.28194444444444444 0.0359375 0.08611111111111111
1 0.0296875 0.5041666666666667 0.059375 0.09444444444444444
1 0.45859375 0.17083333333333334 0.021875 0.058333333333333334
1 0.50859375 0.17222222222222222 0.0265625 0.06111111111111111
3 0.15 0.88125 0.146875 0.21805555555555556
