0 0.70234375 0.5652777777777778 0.0921875 0.21388888888888888
0 0.361328125 0.4597222222222222 0.10546875 0.15555555555555556
3 0.362109375 0.24027777777777778 0.08984375 0.09166666666666666
3 0.228125 0.2743055555555556 0.0796875 0.14305555555555555
0 0.126953125 0.29791666666666666 0.02421875 0.0763888888888889
0 0.151171875 0.3013888888888889 0.01953125 0.06944444444444445
0 0.149609375 0.3597222222222222 0.02578125 0.09444444444444444
0 0.297265625 0.5256944444444445 0.04765625 0.1625
0 0.614453125 0.47291666666666665 0.03359375 0.13472222222222222
0 0.7125 0.4305555555555556 0.0390625 0.10833333333333334
