0 0.815234375 0.48125 0.01953125 0.07361111111111111
0 0.77734375 0.6006944444444444 0.0328125 0.13472222222222222
0 0.680078125 0.46597222222222223 0.02109375 0.08472222222222223
0 0.83203125 0.4597222222222222 0.0140625 0.06666666666666667
0 0.7203125 0.4076388888888889 0.0171875 0.05416666666666667
0 0.69765625 0.4076388888888889 0.015625 0.059722222222222225
0 0.7375 0.40347222222222223 0.0171875 0.05416666666666667
0 0.648046875 0.43333333333333335 0.01796875 0.07222222222222222
0 0.67265625 0.4222222222222222 0.01875 0.06111111111111111
0 0.85078125 0.4798611111111111 0.0171875 0.07083333333333333
1 0.658203125 0.5729166666666666 0.11015625 0.14027777777777778
1 0.734765625 0.4861111111111111 0.07109375 0.09166666666666666
0 0.912890625 0.5770833333333333 0.02578125 0.10694444444444444
2 0.2875 0.6979166666666666 0.575 0.6041666666666666
1 0.6078125 0.4979166666666667 0.08125 0.1125
3 0.77578125 0.4152777777777778 0.0484375 0.11666666666666667
0 0.575 0.4284722222222222 0.0234375 0.0625
