0 0.528515625 0.26875 0.01328125 0.04027777777777778
0 0.5484375 0.2673611111111111 0.0140625 0.04861111111111111
0 0.57109375 0.2604166666666667 0.0125 0.04583333333333333
2 0.48515625 0.3284722222222222 0.05 0.10138888888888889
3 0.09140625 0.7368055555555556 0.1828125 0.49583333333333335
0 0.14921875 0.46805555555555556 0.025 0.07222222222222222
0 0.250390625 0.3541666666666667 0.02109375 0.058333333333333334
1 0.29140625 0.41388888888888886 0.0453125 0.07777777777777778
1 0.365625 0.3548611111111111 0.0421875 0.08472222222222223
0 0.66171875 0.4791666666666667 0.0296875 0.10555555555555556
0 0.7203125 0.49722222222222223 0.0328125 0.10555555555555556
0 0.762109375 0.6527777777777778 0.04296875 0.14444444444444443
