0 0.151171875 0.9375 0.07578125 0.125
0 0.448828125 0.7048611111111112 0.04609375 0.13472222222222222
0 0.553515625 0.9041666666666667 0.05078125 0.19166666666666668
0 0.676953125 0.8270833333333333 0.03671875 0.1597222222222222
0 0.637109375 0.7861111111111111 0.02890625 0.14722222222222223
0 0.63125 0.7131944444444445 0.03125 0.12916666666666668
0 0.74453125 0.7770833333333333 0.034375 0.15416666666666667
0 0.771875 0.6618055555555555 0.028125 0.12361111111111112
0 0.8453125 0.6576388888888889 0.040625 0.12638888888888888
0 0.791796875 0.55625 0.02265625 0.09027777777777778
0 0.694921875 0.5659722222222222 0.01796875 0.09305555555555556
0 0.634375 0.5868055555555556 0.028125 0.09027777777777778
1 0.3859375 0.9076388888888889 0.2078125 0.18472222222222223
3 0.55390625 0.5243055555555556 0.0984375 0.14583333333333334
