0 0.1828125 0.6347222222222222 0.08125 0.18888888888888888
0 0.491796875 0.4888888888888889 0.04140625 0.1111111111111111
0 0.65 0.6048611111111111 0.0421875 0.1375
0 0.799609375 0.5361111111111111 0.02265625 0.08888888888888889
0 0.75703125 0.4652777777777778 0.0203125 0.08055555555555556
0 0.759375 0.6125 0.0328125 0.1361111111111111
0 0.821875 0.5854166666666667 0.025 0.11805555555555555
0 0.82421875 0.5034722222222222 0.0203125 0.0763888888888889
0 0.726171875 0.39166666666666666 0.01640625 0.06111111111111111
0 0.70859375 0.40208333333333335 0.015625 0.059722222222222225
0 0.85 0.48680555555555555 0.0203125 0.07083333333333333
0 0.799609375 0.4638888888888889 0.03203125 0.06111111111111111
3 0.60390625 0.46319444444444446 0.1484375 0.21805555555555556
0 0.25625 0.9125 0.1015625 0.175
0 0.481640625 0.9395833333333333 0.09921875 0.12083333333333333
1 0.767578125 0.3993055555555556 0.03203125 0.043055555555555555
2 0.809765625 0.44513888888888886 0.07265625 0.09027777777777778
0 0.76875 0.5402777777777777 0.025 0.075
