0 0.65859375 0.4215277777777778 0.0234375 0.0763888888888889
0 0.635546875 0.41875 0.02578125 0.07916666666666666
0 0.512890625 0.7166666666666667 0.07421875 0.20277777777777778
0 0.475 0.5229166666666667 0.0515625 0.11527777777777778
0 0.671484375 0.7534722222222222 0.05546875 0.1986111111111111
0 0.784375 0.5013888888888889 0.0203125 0.08611111111111111
0 0.56953125 0.6145833333333334 0.0546875 0.15694444444444444
0 0.767578125 0.4888888888888889 0.02265625 0.08055555555555556
0 0.790234375 0.6555555555555556 0.04140625 0.1527777777777778
0 0.730859375 0.5631944444444444 0.03359375 0.12361111111111112
0 0.6390625 0.5868055555555556 0.0359375 0.1375
0 0.6890625 0.5201388888888889 0.028125 0.09861111111111111
0 0.67421875 0.6131944444444445 0.0375 0.11805555555555555
0 0.740234375 0.5076388888888889 0.02734375 0.0875
0 0.647265625 0.6819444444444445 0.05390625 0.18888888888888888
2 0.837109375 0.5104166666666666 0.06328125 0.12916666666666668
0 0.369921875 0.9298611111111111 0.09921875 0.14027777777777778
3 0.745703125 0.38263888888888886 0.11171875 0.19583333333333333
3 0.79375 0.41388888888888886 0.0765625 0.16111111111111112
0 0.729296875 0.48125 0.02109375 0.08472222222222223
