0 0.70078125 0.6791666666666667 0.04375 0.17222222222222222
0 0.33828125 0.6527777777777778 0.0859375 0.18888888888888888
0 0.47578125 0.5513888888888889 0.0453125 0.13333333333333333
0 0.553125 0.5541666666666667 0.05 0.125
0 0.649609375 0.44166666666666665 0.02578125 0.06388888888888888
0 0.708203125 0.4479166666666667 0.01796875 0.06527777777777778
0 0.690625 0.42083333333333334 0.015625 0.05555555555555555
0 0.784375 0.49236111111111114 0.01875 0.08472222222222223
0 0.816015625 0.47847222222222224 0.01953125 0.0763888888888889
0 0.34765625 0.49722222222222223 0.0546875 0.11944444444444445
