0 0.687890625 0.4618055555555556 0.03203125 0.12638888888888888
0 0.46328125 0.2611111111111111 0.0296875 0.12222222222222222
0 0.496875 0.30277777777777776 0.03125 0.12222222222222222
0 0.130859375 0.5375 0.08984375 0.25
0 0.60078125 0.4625 0.0390625 0.1638888888888889
0 0.578125 0.3576388888888889 0.0359375 0.1375
0 0.641015625 0.3347222222222222 0.02265625 0.10277777777777777
0 0.615234375 0.27361111111111114 0.02890625 0.08611111111111111
0 0.538671875 0.23472222222222222 0.02578125 0.09166666666666666
0 0.562890625 0.23819444444444443 0.02265625 0.07916666666666666
0 0.582421875 0.25555555555555554 0.02421875 0.08611111111111111
0 0.51484375 0.24305555555555555 0.0203125 0.09722222222222222
0 0.654296875 0.2833333333333333 0.01796875 0.08055555555555556
0 0.671484375 0.2625 0.01484375 0.07222222222222222
0 0.58828125 0.18680555555555556 0.01875 0.059722222222222225
0 0.617578125 0.1986111111111111 0.01953125 0.06111111111111111
