0 0.339453125 0.6458333333333334 0.08359375 0.1638888888888889
0 0.669140625 0.43333333333333335 0.02421875 0.08333333333333333
0 0.650390625 0.5458333333333333 0.03359375 0.11944444444444445
0 0.1671875 0.74375 0.090625 0.1625
0 0.70703125 0.4215277777777778 0.01875 0.0625
0 0.689453125 0.65625 0.03984375 0.15694444444444444
0 0.764453125 0.6388888888888888 0.03515625 0.14444444444444443
0 0.558984375 0.5055555555555555 0.04140625 0.11666666666666667
0 0.840625 0.5076388888888889 0.01875 0.0763888888888889
0 0.815234375 0.6284722222222222 0.03203125 0.1375
0 0.4328125 0.5090277777777777 0.0484375 0.10972222222222222
0 0.684765625 0.5076388888888889 0.02578125 0.10138888888888889
0 0.753125 0.5319444444444444 0.0265625 0.09444444444444444
0 0.711328125 0.5590277777777778 0.02890625 0.10694444444444444
0 0.72265625 0.39652777777777776 0.015625 0.05416666666666667
0 0.863671875 0.675 0.03359375 0.15
0 0.004296875 0.8527777777777777 0.00859375 0.1111111111111111
0 0.794921875 0.5743055555555555 0.02421875 0.10138888888888889
1 0.729296875 0.4951388888888889 0.04921875 0.07916666666666666
1 0.775 0.4444444444444444 0.0375 0.06111111111111111
0 0.77109375 0.5104166666666666 0.0171875 0.07916666666666666
