0 0.3609375 0.3527777777777778 0.0515625 0.14722222222222223
0 0.29453125 0.7152777777777778 0.1171875 0.3194444444444444
0 0.0703125 0.5965277777777778 0.125 0.28194444444444444
0 0.4828125 0.5576388888888889 0.08125 0.2375
0 0.56328125 0.6270833333333333 0.065625 0.2375
0 0.55546875 0.375 0.040625 0.15555555555555556
0 0.4921875 0.25763888888888886 0.03125 0.09305555555555556
0 0.5671875 0.25763888888888886 0.0265625 0.0875
0 0.596875 0.31666666666666665 0.0328125 0.09722222222222222
0 0.640625 0.34791666666666665 0.028125 0.09861111111111111
0 0.678125 0.2625 0.0203125 0.07222222222222222
0 0.61953125 0.20347222222222222 0.0171875 0.0625
0 0.584765625 0.20416666666666666 0.01796875 0.05555555555555555
