0 0.055078125 0.7131944444444445 0.10546875 0.2013888888888889
0 0.415234375 0.6159722222222223 0.07265625 0.15694444444444444
0 0.54140625 0.5347222222222222 0.040625 0.1111111111111111
0 0.66484375 0.4361111111111111 0.0234375 0.08888888888888889
0 0.5140625 0.6833333333333333 0.1171875 0.19722222222222222
0 0.8015625 0.6027777777777777 0.03125 0.13055555555555556
0 0.3078125 0.6305555555555555 0.075 0.175
0 0.8375 0.4444444444444444 0.0171875 0.058333333333333334
0 0.5828125 0.49236111111111114 0.0359375 0.10416666666666667
0 0.241796875 0.5972222222222222 0.07890625 0.15
0 0.501171875 0.5034722222222222 0.03984375 0.11527777777777778
0 0.459375 0.51875 0.040625 0.1125
1 0.640234375 0.6340277777777777 0.14140625 0.18472222222222223
3 0.7296875 0.44722222222222224 0.1140625 0.18888888888888888
0 0.31640625 0.5388888888888889 0.0640625 0.125
0 0.803125 0.5465277777777777 0.0296875 0.07916666666666666
0 0.941796875 0.8916666666666667 0.09296875 0.11944444444444445
0 0.913671875 0.8347222222222223 0.04921875 0.09722222222222222
0 0.55546875 0.41944444444444445 0.0421875 0.05277777777777778
0 0.534765625 0.46875 0.03203125 0.08194444444444444
0 0.26328125 0.90625 0.28125 0.1875
