0 0.484765625 0.22430555555555556 0.02421875 0.0875
0 0.206640625 0.13125 0.02890625 0.0625
0 0.519140625 0.25763888888888886 0.02890625 0.09305555555555556
0 0.5421875 0.3402777777777778 0.040625 0.12222222222222222
0 0.591015625 0.35694444444444445 0.03671875 0.12222222222222222
0 0.578125 0.5583333333333333 0.0640625 0.20833333333333334
0 0.609375 0.2604166666666667 0.0234375 0.09027777777777778
0 0.575390625 0.22083333333333333 0.02109375 0.075
0 0.6296875 0.24166666666666667 0.0171875 0.06388888888888888
0 0.618359375 0.1986111111111111 0.01328125 0.05277777777777778
0 0.614453125 0.18611111111111112 0.01484375 0.05277777777777778
