0 0.518359375 0.7631944444444444 0.03984375 0.16527777777777777
0 0.381640625 0.8777777777777778 0.03984375 0.24166666666666667
0 0.53046875 0.65 0.03125 0.11388888888888889
0 0.658203125 0.74375 0.03203125 0.1597222222222222
0 0.48125 0.6034722222222222 0.0296875 0.12638888888888888
0 0.423828125 0.56875 0.02890625 0.10972222222222222
0 0.32109375 0.6402777777777777 0.025 0.09444444444444444
0 0.3640625 0.5465277777777777 0.0171875 0.07361111111111111
0 0.528515625 0.5763888888888888 0.02578125 0.08333333333333333
0 0.257421875 0.8645833333333334 0.04140625 0.15694444444444444
