0 0.290625 0.47847222222222224 0.0640625 0.1125
0 0.528125 0.8534722222222222 0.05625 0.21805555555555556
0 0.237109375 0.46319444444444446 0.04765625 0.10694444444444444
0 0.41015625 0.4534722222222222 0.0265625 0.12916666666666668
0 0.666015625 0.31319444444444444 0.02265625 0.07916666666666666
0 0.1359375 0.5319444444444444 0.0671875 0.10555555555555556
0 0.166015625 0.37916666666666665 0.05546875 0.08888888888888889
0 0.331640625 0.28402777777777777 0.01796875 0.07361111111111111
0 0.8953125 0.4798611111111111 0.0640625 0.10416666666666667
0 0.47734375 0.7298611111111111 0.0484375 0.1736111111111111
0 0.58046875 0.28194444444444444 0.01875 0.07222222222222222
0 0.16796875 0.46319444444444446 0.059375 0.09583333333333334
0 0.367578125 0.30833333333333335 0.02265625 0.08888888888888889
0 0.840234375 0.5875 0.03359375 0.13055555555555556
0 0.042578125 0.49375 0.06328125 0.10138888888888889
0 0.36015625 0.4673611111111111 0.028125 0.11527777777777778
0 0.716015625 0.44722222222222224 0.02890625 0.1
0 0.012109375 0.46319444444444446 0.02421875 0.10416666666666667
0 0.18203125 0.6166666666666667 0.0671875 0.12777777777777777
0 0.296875 0.34444444444444444 0.0328125 0.09444444444444444
0 0.356640625 0.5340277777777778 0.03046875 0.12638888888888888
0 0.656640625 0.42569444444444443 0.02734375 0.1125
0 0.143359375 0.6708333333333333 0.08828125 0.12777777777777777
0 0.615234375 0.33611111111111114 0.02109375 0.08333333333333333
0 0.081640625 0.38263888888888886 0.05234375 0.08194444444444444
0 0.112890625 0.4638888888888889 0.06171875 0.09166666666666666
0 0.34609375 0.25763888888888886 0.01875 0.0625
0 0.041015625 0.6277777777777778 0.06796875 0.11666666666666667
0 0.012890625 0.7020833333333333 0.02578125 0.10694444444444444
0 0.369921875 0.24097222222222223 0.01796875 0.059722222222222225
0 0.08828125 0.6576388888888889 0.0640625 0.12638888888888888
0 0.838671875 0.4638888888888889 0.04453125 0.08611111111111111
0 0.407421875 0.38263888888888886 0.02734375 0.09027777777777778
1 0.494921875 0.43819444444444444 0.08828125 0.12916666666666668
1 0.355078125 0.7416666666666667 0.10859375 0.3055555555555556
1 0.53359375 0.6291666666666667 0.0984375 0.20555555555555555
1 0.972265625 0.4791666666666667 0.04765625 0.11388888888888889
0 0.089453125 0.5868055555555556 0.07421875 0.10694444444444444
0 0.12734375 0.4305555555555556 0.0390625 0.07222222222222222
