0 0.41796875 0.3875 0.0296875 0.06944444444444445
0 0.3953125 0.38819444444444445 0.015625 0.07083333333333333
0 0.27109375 0.3326388888888889 0.0140625 0.05416666666666667
0 0.25234375 0.3388888888888889 0.0109375 0.05277777777777778
0 0.0421875 0.74375 0.046875 0.15694444444444444
1 0.71953125 0.8347222222222223 0.1421875 0.225
3 0.5203125 0.35 0.0859375 0.23333333333333334
0 0.834375 0.3402777777777778 0.03125 0.07777777777777778
1 0.89140625 0.37222222222222223 0.0875 0.09166666666666666
3 0.3421875 0.2465277777777778 0.0484375 0.11527777777777778
