0 0.587109375 0.7444444444444445 0.03828125 0.175
0 0.4125 0.6465277777777778 0.0296875 0.14305555555555555
0 0.320703125 0.6458333333333334 0.03203125 0.10555555555555556
0 0.259375 0.8673611111111111 0.034375 0.15138888888888888
1 0.467578125 0.46875 0.04296875 0.07916666666666666
0 0.363671875 0.55 0.02265625 0.07222222222222222
0 0.509765625 0.4388888888888889 0.01640625 0.05277777777777778
0 0.573046875 0.5458333333333333 0.01640625 0.08055555555555556
1 0.46328125 0.38472222222222224 0.021875 0.03888888888888889
0 0.462890625 0.41805555555555557 0.01171875 0.027777777777777776
