0 0.608203125 0.4791666666666667 0.03984375 0.10833333333333334
0 0.08046875 0.28125 0.015625 0.059722222222222225
0 0.104296875 0.2875 0.02265625 0.075
0 0.207421875 0.2298611111111111 0.01953125 0.05138888888888889
0 0.222265625 0.2326388888888889 0.01640625 0.043055555555555555
0 0.298046875 0.24861111111111112 0.03046875 0.06388888888888888
0 0.344921875 0.2548611111111111 0.03828125 0.059722222222222225
1 0.190625 0.2673611111111111 0.0515625 0.06805555555555555
1 0.235546875 0.2722222222222222 0.05859375 0.06944444444444445
1 0.2078125 0.3236111111111111 0.071875 0.10277777777777777
1 0.30390625 0.39861111111111114 0.1015625 0.13333333333333333
1 0.3859375 0.37569444444444444 0.09375 0.12083333333333333
1 0.684375 0.4486111111111111 0.1171875 0.125
1 0.672265625 0.5986111111111111 0.19140625 0.21388888888888888
1 0.740234375 0.8236111111111111 0.24453125 0.3527777777777778
