0 0.91171875 0.6013888888888889 0.028125 0.08333333333333333
0 0.616015625 0.5604166666666667 0.02421875 0.0875
0 0.669140625 0.6805555555555556 0.03828125 0.13333333333333333
0 0.721484375 0.8145833333333333 0.03828125 0.17083333333333334
0 0.634375 0.8958333333333334 0.0421875 0.19166666666666668
0 0.806640625 0.8131944444444444 0.04453125 0.16527777777777777
0 0.833203125 0.5923611111111111 0.02421875 0.09027777777777778
0 0.737109375 0.6270833333333333 0.03203125 0.10694444444444444
0 0.665625 0.5548611111111111 0.021875 0.08194444444444444
1 0.5203125 0.5138888888888888 0.065625 0.09166666666666666
2 0.28125 0.8597222222222223 0.221875 0.2722222222222222
1 0.5015625 0.8722222222222222 0.190625 0.25
