0 0.591796875 0.6736111111111112 0.06328125 0.17777777777777778
0 0.673046875 0.4222222222222222 0.02109375 0.07222222222222222
0 0.705859375 0.5333333333333333 0.02734375 0.1
0 0.73671875 0.40625 0.015625 0.05694444444444444
0 0.70703125 0.8145833333333333 0.046875 0.1736111111111111
0 0.816015625 0.5631944444444444 0.02890625 0.10972222222222222
0 0.6734375 0.65 0.0421875 0.16111111111111112
0 0.598046875 0.44027777777777777 0.03046875 0.09722222222222222
0 0.695703125 0.46597222222222223 0.02109375 0.0763888888888889
0 0.7671875 0.5763888888888888 0.0296875 0.11388888888888889
0 0.712109375 0.40694444444444444 0.01484375 0.058333333333333334
0 0.738671875 0.5458333333333333 0.02421875 0.1
0 0.837890625 0.5027777777777778 0.01640625 0.07222222222222222
0 0.718359375 0.6659722222222222 0.04765625 0.1625
0 0.822265625 0.4930555555555556 0.01796875 0.06388888888888888
0 0.855078125 0.46597222222222223 0.01484375 0.059722222222222225
0 0.83828125 0.8430555555555556 0.0953125 0.19722222222222222
1 0.331640625 0.7118055555555556 0.24921875 0.27361111111111114
0 0.31796875 0.5701388888888889 0.053125 0.09305555555555556
1 0.76328125 0.4534722222222222 0.0515625 0.07916666666666666
0 0.769921875 0.5111111111111111 0.02734375 0.08333333333333333
0 0.81171875 0.5215277777777778 0.0203125 0.0875
