0 0.412890625 0.8520833333333333 0.05078125 0.2152777777777778
0 0.462890625 0.725 0.03203125 0.17777777777777778
0 0.5703125 0.7125 0.0421875 0.175
0 0.552734375 0.5861111111111111 0.03515625 0.11666666666666667
0 0.578515625 0.5555555555555556 0.02109375 0.07222222222222222
0 0.598046875 0.5611111111111111 0.02265625 0.075
0 0.43671875 0.5416666666666666 0.0234375 0.11388888888888889
0 0.26015625 0.8701388888888889 0.0390625 0.1486111111111111
0 0.319921875 0.6444444444444445 0.03515625 0.09722222222222222
0 0.364453125 0.55 0.02109375 0.06944444444444445
1 0.4359375 0.4395833333333333 0.0390625 0.06805555555555555
0 0.46484375 0.4215277777777778 0.0171875 0.05138888888888889
