0 0.4359375 0.8444444444444444 0.0546875 0.24722222222222223
0 0.590625 0.8666666666666667 0.053125 0.22777777777777777
0 0.553515625 0.6895833333333333 0.02734375 0.16527777777777777
0 0.43046875 0.66875 0.025 0.15694444444444444
0 0.37890625 0.6402777777777777 0.0265625 0.15555555555555556
0 0.320703125 0.65 0.03203125 0.12222222222222222
0 0.255859375 0.8756944444444444 0.03515625 0.14583333333333334
0 0.215625 0.8909722222222223 0.040625 0.14027777777777778
0 0.538671875 0.5298611111111111 0.01953125 0.09305555555555556
0 0.364453125 0.5409722222222222 0.02109375 0.07361111111111111
