0 0.472265625 0.8534722222222222 0.08828125 0.20972222222222223
0 0.19765625 0.6590277777777778 0.084375 0.17083333333333334
0 0.400390625 0.5868055555555556 0.06484375 0.1597222222222222
0 0.791015625 0.7569444444444444 0.04140625 0.18611111111111112
0 0.4953125 0.5743055555555555 0.0484375 0.1486111111111111
0 0.837109375 0.5298611111111111 0.02109375 0.0875
0 0.56484375 0.5076388888888889 0.040625 0.1125
0 0.4484375 0.6722222222222223 0.059375 0.16666666666666666
0 0.66484375 0.4444444444444444 0.0234375 0.09166666666666666
0 0.79375 0.5638888888888889 0.03125 0.10833333333333334
0 0.68203125 0.41041666666666665 0.015625 0.06527777777777778
0 0.2515625 0.5625 0.0640625 0.14166666666666666
3 0.727734375 0.475 0.09140625 0.17222222222222222
0 0.4828125 0.5166666666666667 0.03125 0.10277777777777777
0 0.82265625 0.49166666666666664 0.0140625 0.06666666666666667
0 0.80390625 0.5069444444444444 0.021875 0.06111111111111111
0 0.753125 0.5583333333333333 0.0265625 0.08611111111111111
