0 0.208984375 0.42430555555555555 0.03515625 0.1125
0 0.2171875 0.3680555555555556 0.0265625 0.08333333333333333
0 0.26015625 0.4076388888888889 0.0375 0.12083333333333333
0 0.419921875 0.25625 0.03671875 0.05416666666666667
0 0.498828125 0.25972222222222224 0.03359375 0.06388888888888888
0 0.540625 0.26458333333333334 0.0375 0.059722222222222225
0 0.10859375 0.3541666666666667 0.0421875 0.08888888888888889
0 0.14140625 0.33194444444444443 0.034375 0.08055555555555556
0 0.14140625 0.27569444444444446 0.021875 0.0763888888888889
0 0.091015625 0.26458333333333334 0.01953125 0.06805555555555555
0 0.258984375 0.23680555555555555 0.02734375 0.0625
0 0.326953125 0.2659722222222222 0.03671875 0.0625
3 0.322265625 0.2423611111111111 0.09921875 0.09583333333333334
1 0.1734375 0.25763888888888886 0.0421875 0.06527777777777778
1 0.485546875 0.5090277777777777 0.14140625 0.18194444444444444
1 0.620703125 0.45902777777777776 0.10859375 0.19027777777777777
