0 0.479296875 0.1597222222222222 0.04140625 0.07777777777777778
0 0.512890625 0.23402777777777778 0.03359375 0.09305555555555556
0 0.566015625 0.21041666666666667 0.02578125 0.07916666666666666
0 0.6046875 0.21458333333333332 0.0265625 0.0763888888888889
0 0.658984375 0.2902777777777778 0.02890625 0.09444444444444444
0 0.637109375 0.3375 0.03828125 0.10277777777777777
0 0.651953125 0.4534722222222222 0.04609375 0.1597222222222222
0 0.683984375 0.47847222222222224 0.04921875 0.15138888888888888
0 0.473828125 0.4013888888888889 0.05078125 0.16944444444444445
0 0.36640625 0.38263888888888886 0.0625 0.16805555555555557
0 0.215625 0.53125 0.0890625 0.24583333333333332
0 0.295703125 0.8618055555555556 0.11484375 0.2763888888888889
0 0.499609375 0.8465277777777778 0.10859375 0.30694444444444446
0 0.615625 0.6916666666666667 0.0703125 0.25
0 0.036328125 0.6423611111111112 0.07265625 0.2375
0 0.590625 0.1840277777777778 0.0203125 0.0625
0 0.65078125 0.24930555555555556 0.021875 0.07083333333333333
0 0.6671875 0.24097222222222223 0.0234375 0.06527777777777778
0 0.621875 0.18263888888888888 0.0203125 0.05416666666666667
