0 0.2640625 0.85 0.0375 0.10833333333333334
0 0.418359375 0.5638888888888889 0.02734375 0.10277777777777777
0 0.321484375 0.6368055555555555 0.03359375 0.09861111111111111
0 0.36328125 0.5493055555555556 0.0234375 0.06805555555555555
0 0.54140625 0.56875 0.021875 0.11527777777777778
0 0.576953125 0.5479166666666667 0.02890625 0.09305555555555556
0 0.59765625 0.5493055555555556 0.0234375 0.07916666666666666
0 0.514453125 0.46944444444444444 0.02421875 0.06666666666666667
0 0.46875 0.46041666666666664 0.015625 0.06527777777777778
1 0.434765625 0.4340277777777778 0.03984375 0.07083333333333333
