0 0.367578125 0.6888888888888889 0.03671875 0.1527777777777778
0 0.53671875 0.7791666666666667 0.03125 0.16944444444444445
0 0.3203125 0.6368055555555555 0.0296875 0.0875
0 0.3625 0.5402777777777777 0.0234375 0.06388888888888888
0 0.25859375 0.8659722222222223 0.0421875 0.13194444444444445
0 0.340625 0.9409722222222222 0.0796875 0.11805555555555555
0 0.430078125 0.44583333333333336 0.01484375 0.05555555555555555
0 0.491796875 0.5069444444444444 0.01953125 0.07222222222222222
0 0.511328125 0.4875 0.01640625 0.06388888888888888
0 0.525 0.4618055555555556 0.0140625 0.05138888888888889
0 0.47421875 0.4111111111111111 0.009375 0.044444444444444446
0 0.490625 0.4097222222222222 0.0140625 0.041666666666666664
