3 0.275390625 0.3763888888888889 0.07265625 0.125
3 0.333203125 0.275 0.03984375 0.09444444444444444
0 0.666015625 0.35625 0.01796875 0.06527777777777778
0 0.081640625 0.5701388888888889 0.03515625 0.08472222222222223
0 0.24453125 0.3486111111111111 0.009375 0.05
0 0.256640625 0.3229166666666667 0.00859375 0.02638888888888889
3 0.162890625 0.7104166666666667 0.32578125 0.5736111111111111
3 0.508984375 0.5138888888888888 0.18359375 0.24166666666666667
1 0.3828125 0.2673611111111111 0.021875 0.04861111111111111
1 0.855078125 0.34097222222222223 0.08984375 0.09027777777777778
0 0.4265625 0.2951388888888889 0.025 0.04583333333333333
