0 0.55 0.3076388888888889 0.0171875 0.05416666666666667
0 0.58203125 0.30833333333333335 0.01875 0.06388888888888888
0 0.606640625 0.30625 0.01171875 0.05694444444444444
0 0.628125 0.29930555555555555 0.0125 0.05694444444444444
0 0.65390625 0.3034722222222222 0.0171875 0.05416666666666667
0 0.87890625 0.6770833333333334 0.04375 0.14583333333333334
0 0.948046875 0.6854166666666667 0.05234375 0.1486111111111111
0 0.9671875 0.6090277777777777 0.0375 0.11805555555555555
0 0.981640625 0.2986111111111111 0.03046875 0.06111111111111111
0 0.582421875 0.2520833333333333 0.01328125 0.043055555555555555
0 0.390625 0.27569444444444446 0.0171875 0.05138888888888889
1 0.59921875 0.46597222222222223 0.0828125 0.1125
1 0.38203125 0.6722222222222223 0.128125 0.18333333333333332
2 0.73671875 0.45902777777777776 0.1546875 0.29305555555555557
3 0.215625 0.8847222222222222 0.16875 0.23055555555555557
