1 0.506640625 0.46805555555555556 0.13671875 0.16666666666666666
1 0.101171875 0.26666666666666666 0.04921875 0.075
1 0.176171875 0.2590277777777778 0.04609375 0.08194444444444444
1 0.2265625 0.24861111111111112 0.0546875 0.06944444444444445
1 0.47421875 0.25833333333333336 0.0984375 0.08055555555555556
0 0.1296875 0.24513888888888888 0.01875 0.0625
0 0.190234375 0.3368055555555556 0.02890625 0.09861111111111111
0 0.1484375 0.39375 0.0640625 0.10416666666666667
0 0.152734375 0.55625 0.05390625 0.1875
0 0.512890625 0.3819444444444444 0.05234375 0.08333333333333333
0 0.7234375 0.4652777777777778 0.0390625 0.12777777777777777
