0 0.49765625 0.2652777777777778 0.040625 0.11388888888888889
0 0.23984375 0.39444444444444443 0.071875 0.17222222222222222
0 0.24375 0.5583333333333333 0.096875 0.2833333333333333
0 0.33125 0.7506944444444444 0.1 0.2791666666666667
0 0.608984375 0.5423611111111111 0.05234375 0.19027777777777777
0 0.5984375 0.20625 0.01875 0.06527777777777778
0 0.65390625 0.45208333333333334 0.04375 0.15138888888888888
0 0.680859375 0.475 0.04296875 0.15833333333333333
0 0.578125 0.18611111111111112 0.021875 0.05555555555555555
0 0.60546875 0.1798611111111111 0.0140625 0.04583333333333333
0 0.68828125 0.2263888888888889 0.0171875 0.05
0 0.652734375 0.17083333333333334 0.01484375 0.044444444444444446
