0 0.964453125 0.7694444444444445 0.04609375 0.1638888888888889
0 0.660546875 0.8513888888888889 0.06328125 0.20277777777777778
0 0.465234375 0.9083333333333333 0.08046875 0.16111111111111112
0 0.878125 0.7409722222222223 0.0453125 0.1625
0 0.668359375 0.5048611111111111 0.02890625 0.12083333333333333
0 0.478515625 0.73125 0.05546875 0.1625
0 0.743359375 0.7277777777777777 0.03828125 0.17222222222222222
0 0.198828125 0.42569444444444443 0.03359375 0.10138888888888889
0 0.03984375 0.5048611111111111 0.0546875 0.1125
0 0.781640625 0.6291666666666667 0.03359375 0.1527777777777778
0 0.376171875 0.43333333333333335 0.05546875 0.1
0 0.3921875 0.2881944444444444 0.0203125 0.07916666666666666
0 0.60703125 0.575 0.0375 0.1361111111111111
0 0.0109375 0.3958333333333333 0.021875 0.10833333333333334
0 0.541796875 0.9076388888888889 0.05703125 0.18194444444444444
0 0.722265625 0.5222222222222223 0.03203125 0.125
0 0.659375 0.2833333333333333 0.0203125 0.075
0 0.452734375 0.39652777777777776 0.03515625 0.10138888888888889
0 0.346484375 0.33819444444444446 0.01953125 0.09027777777777778
0 0.550390625 0.7284722222222222 0.04609375 0.16805555555555557
0 0.731640625 0.6159722222222223 0.03515625 0.13472222222222222
0 0.371875 0.33819444444444446 0.0171875 0.0875
0 0.93203125 0.9451388888888889 0.0671875 0.10972222222222222
0 0.59609375 0.8666666666666667 0.053125 0.18333333333333332
0 0.41953125 0.23125 0.015625 0.05694444444444444
0 0.496484375 0.3090277777777778 0.02578125 0.0763888888888889
0 0.19140625 0.5236111111111111 0.034375 0.1
0 0.58984375 0.7694444444444445 0.0484375 0.14722222222222223
0 0.69609375 0.46111111111111114 0.040625 0.10555555555555556
0 0.62734375 0.9451388888888889 0.0734375 0.10972222222222222
0 0.642578125 0.34097222222222223 0.02109375 0.09305555555555556
0 0.073828125 0.3576388888888889 0.04765625 0.08194444444444444
0 0.394921875 0.21666666666666667 0.01171875 0.05277777777777778
0 0.698828125 0.36666666666666664 0.02890625 0.10833333333333334
0 0.578515625 0.22777777777777777 0.01796875 0.058333333333333334
0 0.363671875 0.25555555555555554 0.01328125 0.06388888888888888
0 0.604296875 0.2125 0.01484375 0.05555555555555555
1 0.29375 0.38263888888888886 0.0796875 0.09305555555555556
1 0.519140625 0.5715277777777777 0.09453125 0.17083333333333334
2 0.137890625 0.78125 0.27578125 0.4375
3 0.597265625 0.33958333333333335 0.08046875 0.18472222222222223
