0 0.516796875 0.32013888888888886 0.03046875 0.07083333333333333
0 0.182421875 0.7972222222222223 0.04453125 0.2
0 0.087890625 0.3923611111111111 0.05703125 0.0875
0 0.18984375 0.36875 0.0484375 0.0875
0 0.1109375 0.8097222222222222 0.040625 0.20277777777777778
0 0.55 0.26875 0.0125 0.07083333333333333
0 0.354296875 0.39305555555555555 0.02265625 0.10277777777777777
0 0.38671875 0.29930555555555555 0.015625 0.08194444444444444
0 0.42734375 0.6048611111111111 0.0390625 0.14583333333333334
0 0.3125 0.50625 0.0265625 0.09861111111111111
0 0.1734375 0.6013888888888889 0.034375 0.14722222222222223
0 0.16484375 0.9361111111111111 0.053125 0.12222222222222222
0 0.66875 0.30069444444444443 0.025 0.07916666666666666
0 0.650390625 0.3076388888888889 0.02578125 0.07083333333333333
0 0.098046875 0.7020833333333333 0.04453125 0.15138888888888888
0 0.3375 0.30833333333333335 0.021875 0.07222222222222222
0 0.48046875 0.7548611111111111 0.0546875 0.16805555555555557
0 0.566015625 0.24166666666666667 0.01484375 0.06111111111111111
0 0.4859375 0.89375 0.04375 0.1736111111111111
0 0.666015625 0.9229166666666667 0.05390625 0.10972222222222222
0 0.01015625 0.33958333333333335 0.0171875 0.08194444444444444
0 0.62890625 0.30972222222222223 0.03125 0.06388888888888888
0 0.517578125 0.6993055555555555 0.06796875 0.13194444444444445
1 0.619921875 0.8534722222222222 0.13671875 0.25416666666666665
1 0.473046875 0.5173611111111112 0.10390625 0.17083333333333334
1 0.29921875 0.38125 0.0921875 0.09861111111111111
1 0.60390625 0.31180555555555556 0.0421875 0.0763888888888889
1 0.534375 0.23125 0.0265625 0.0625
1 0.448828125 0.3402777777777778 0.04296875 0.11388888888888889
2 0.440625 0.22916666666666666 0.065625 0.14444444444444443
3 0.355859375 0.7493055555555556 0.14453125 0.45416666666666666
3 0.705859375 0.5770833333333333 0.16796875 0.3541666666666667
0 0.487890625 0.3902777777777778 0.00078125 0.002777777777777778
0 0.305078125 0.4548611111111111 0.02109375 0.10138888888888889
