0 0.641796875 0.7138888888888889 0.05234375 0.15555555555555556
0 0.509765625 0.7527777777777778 0.05390625 0.18333333333333332
0 0.5640625 0.8118055555555556 0.04375 0.1763888888888889
0 0.145703125 0.6180555555555556 0.03359375 0.1527777777777778
0 0.465625 0.3854166666666667 0.0203125 0.10694444444444444
0 0.33984375 0.3388888888888889 0.0203125 0.08333333333333333
0 0.773828125 0.5201388888888889 0.03203125 0.11805555555555555
0 0.8484375 0.6479166666666667 0.0359375 0.13194444444444445
0 0.574609375 0.6979166666666666 0.04453125 0.14305555555555555
0 0.808203125 0.825 0.05703125 0.14722222222222223
0 0.633984375 0.30972222222222223 0.01796875 0.08055555555555556
0 0.759765625 0.44930555555555557 0.02890625 0.09583333333333334
0 0.196875 0.6333333333333333 0.028125 0.16666666666666666
0 0.666015625 0.46875 0.02265625 0.12083333333333333
0 0.362890625 0.3388888888888889 0.01953125 0.08611111111111111
0 0.215234375 0.5618055555555556 0.03984375 0.13472222222222222
0 0.33671875 0.4597222222222222 0.028125 0.11666666666666667
0 0.48828125 0.3145833333333333 0.01875 0.08472222222222223
0 0.011328125 0.49236111111111114 0.02109375 0.12916666666666668
0 0.567578125 0.24583333333333332 0.01953125 0.058333333333333334
0 0.813671875 0.4361111111111111 0.03203125 0.08611111111111111
1 0.253515625 0.38055555555555554 0.10078125 0.08611111111111111
1 0.938671875 0.9222222222222223 0.12265625 0.15555555555555556
1 0.5265625 0.2548611111111111 0.0328125 0.0625
1 0.416015625 0.34930555555555554 0.04453125 0.10416666666666667
1 0.38515625 0.2673611111111111 0.034375 0.07361111111111111
1 0.6734375 0.40555555555555556 0.0546875 0.10833333333333334
2 0.391796875 0.5673611111111111 0.10390625 0.2625
1 0.40234375 0.2263888888888889 0.028125 0.06666666666666667
1 0.516796875 0.1736111111111111 0.03046875 0.06111111111111111
1 0.46171875 0.23680555555555555 0.034375 0.09861111111111111
3 0.461328125 0.22916666666666666 0.03671875 0.09722222222222222
3 0.579296875 0.4097222222222222 0.10234375 0.18611111111111112
