0 0.724609375 0.6604166666666667 0.04140625 0.13194444444444445
0 0.807421875 0.6 0.02421875 0.10833333333333334
0 0.6125 0.8576388888888888 0.0734375 0.21805555555555556
0 0.5734375 0.7590277777777777 0.0578125 0.1875
0 0.665625 0.4597222222222222 0.03125 0.08888888888888889
0 0.7578125 0.47638888888888886 0.03125 0.07777777777777778
0 0.8546875 0.5090277777777777 0.01875 0.0763888888888889
0 0.834765625 0.4986111111111111 0.01640625 0.07777777777777778
3 0.794140625 0.3972222222222222 0.06640625 0.1527777777777778
1 0.742578125 0.5625 0.08671875 0.1111111111111111
