1 0.84765625 0.7430555555555556 0.1796875 0.26666666666666666
1 0.705078125 0.43819444444444444 0.11484375 0.11805555555555555
1 0.4890625 0.44305555555555554 0.128125 0.14166666666666666
1 0.50390625 0.5840277777777778 0.171875 0.24305555555555555
1 0.178125 0.2625 0.0515625 0.05277777777777778
1 0.20078125 0.25069444444444444 0.04375 0.0625
1 0.183203125 0.3 0.06171875 0.08611111111111111
1 0.26328125 0.34791666666666665 0.0828125 0.10416666666666667
1 0.323046875 0.32430555555555557 0.07890625 0.09305555555555556
3 0.1203125 0.2986111111111111 0.0375 0.08333333333333333
0 0.07578125 0.25972222222222224 0.0125 0.05
0 0.080859375 0.28194444444444444 0.01484375 0.05555555555555555
0 0.102734375 0.25416666666666665 0.01640625 0.06111111111111111
0 0.135546875 0.2826388888888889 0.01484375 0.06527777777777778
0 0.1015625 0.32083333333333336 0.0234375 0.075
0 0.098828125 0.34930555555555554 0.02109375 0.09027777777777778
0 0.21796875 0.23958333333333334 0.0203125 0.0625
0 0.253125 0.2388888888888889 0.0296875 0.058333333333333334
0 0.44765625 0.2625 0.0390625 0.058333333333333334
0 0.484765625 0.25763888888888886 0.03984375 0.05138888888888889
0 0.613671875 0.42777777777777776 0.03984375 0.1111111111111111
