0 0.808203125 0.6590277777777778 0.04453125 0.15416666666666667
0 0.1890625 0.8659722222222223 0.05 0.20694444444444443
0 0.114453125 0.825 0.05703125 0.20555555555555555
0 0.619921875 0.3819444444444444 0.02109375 0.1
0 0.566796875 0.29791666666666666 0.01640625 0.0763888888888889
0 0.750390625 0.5618055555555556 0.03203125 0.13194444444444445
0 0.705859375 0.6006944444444444 0.03046875 0.14027777777777778
0 0.27421875 0.5722222222222222 0.0328125 0.15
0 0.50078125 0.48125 0.025 0.12638888888888888
0 0.652734375 0.29444444444444445 0.02578125 0.08055555555555556
0 0.216015625 0.3659722222222222 0.02578125 0.0875
0 0.128125 0.6875 0.0375 0.14722222222222223
0 0.1046875 0.3784722222222222 0.0578125 0.08194444444444444
0 0.415234375 0.2798611111111111 0.01796875 0.08194444444444444
0 0.9109375 0.5138888888888888 0.0640625 0.1
0 0.590234375 0.31319444444444444 0.02109375 0.0763888888888889
0 0.39296875 0.30833333333333335 0.015625 0.08888888888888889
0 0.8140625 0.42569444444444443 0.025 0.06527777777777778
0 0.58828125 0.24375 0.0171875 0.0625
0 0.434375 0.21319444444444444 0.0125 0.059722222222222225
0 0.26953125 0.4486111111111111 0.025 0.10555555555555556
0 0.517578125 0.6444444444444445 0.03515625 0.16944444444444445
0 0.01015625 0.33958333333333335 0.01875 0.08472222222222223
1 0.42578125 0.4263888888888889 0.053125 0.12777777777777777
1 0.567578125 0.40347222222222223 0.05234375 0.11527777777777778
3 0.364453125 0.7569444444444444 0.16015625 0.46944444444444444
3 0.628515625 0.6055555555555555 0.08984375 0.2361111111111111
3 0.3453125 0.3701388888888889 0.075 0.2013888888888889
0 0.88671875 0.48125 0.0484375 0.09027777777777778
