0 0.58046875 0.34097222222222223 0.021875 0.09027777777777778
0 0.542578125 0.3423611111111111 0.01796875 0.0875
0 0.6359375 0.34375 0.01875 0.09861111111111111
0 0.43359375 0.2986111111111111 0.0140625 0.08333333333333333
0 0.49375 0.3923611111111111 0.03125 0.09305555555555556
0 0.355078125 0.44166666666666665 0.04921875 0.1
0 0.29453125 0.3416666666666667 0.021875 0.09166666666666666
0 0.878515625 0.4791666666666667 0.07109375 0.10555555555555556
0 0.609765625 0.35625 0.02421875 0.09305555555555556
0 0.36875 0.31319444444444444 0.0171875 0.08472222222222223
0 0.227734375 0.36944444444444446 0.04609375 0.08333333333333333
0 0.669140625 0.3 0.02109375 0.07777777777777778
0 0.62578125 0.28125 0.01875 0.07361111111111111
0 0.517578125 0.3229166666666667 0.01953125 0.07361111111111111
0 0.32109375 0.3229166666666667 0.0171875 0.0875
0 0.338671875 0.2986111111111111 0.01796875 0.07777777777777778
0 0.567578125 0.25555555555555554 0.01953125 0.058333333333333334
0 0.53359375 0.2152777777777778 0.015625 0.04722222222222222
1 0.137109375 0.8798611111111111 0.14921875 0.24027777777777778
1 0.550390625 0.28402777777777777 0.03515625 0.0625
1 0.46328125 0.2659722222222222 0.034375 0.08472222222222223
1 0.205078125 0.5590277777777778 0.13671875 0.15138888888888888
1 0.4171875 0.21388888888888888 0.0265625 0.04722222222222222
