0 0.84609375 0.5041666666666667 0.0203125 0.08055555555555556
0 0.634765625 0.47847222222222224 0.03046875 0.09583333333333334
0 0.465234375 0.6451388888888889 0.05859375 0.15694444444444444
0 0.58984375 0.47430555555555554 0.034375 0.10138888888888889
0 0.409375 0.5625 0.0546875 0.13333333333333333
0 0.649609375 0.66875 0.04609375 0.15694444444444444
0 0.73359375 0.6590277777777778 0.04375 0.14027777777777778
0 0.7859375 0.5493055555555556 0.025 0.09583333333333334
0 0.237109375 0.5854166666666667 0.06171875 0.13194444444444445
0 0.659765625 0.4479166666666667 0.01953125 0.06805555555555555
0 0.82109375 0.48333333333333334 0.01875 0.075
0 0.810546875 0.6 0.03046875 0.11388888888888889
0 0.769921875 0.3951388888888889 0.01328125 0.04583333333333333
0 0.630078125 0.4076388888888889 0.01953125 0.059722222222222225
1 0.784765625 0.4527777777777778 0.03203125 0.06666666666666667
3 0.72265625 0.46458333333333335 0.115625 0.17083333333333334
0 0.807421875 0.5229166666666667 0.01640625 0.06527777777777778
0 0.727734375 0.5826388888888889 0.03515625 0.10694444444444444
