0 0.7859375 0.5055555555555555 0.0234375 0.08888888888888889
0 0.7453125 0.6458333333333334 0.0390625 0.1527777777777778
0 0.6875 0.4354166666666667 0.0234375 0.0763888888888889
0 0.610546875 0.7111111111111111 0.05078125 0.16666666666666666
0 0.658203125 0.6 0.03828125 0.1361111111111111
0 0.760546875 0.46319444444444446 0.01796875 0.06527777777777778
0 0.6984375 0.5347222222222222 0.03125 0.11388888888888889
0 0.65390625 0.8284722222222223 0.0640625 0.23194444444444445
0 0.76171875 0.5194444444444445 0.028125 0.09722222222222222
0 0.71484375 0.5069444444444444 0.0265625 0.09444444444444444
0 0.812890625 0.4354166666666667 0.01484375 0.05416666666666667
0 0.789453125 0.45069444444444445 0.01484375 0.059722222222222225
0 0.749609375 0.3951388888888889 0.01328125 0.04861111111111111
0 0.7359375 0.39791666666666664 0.015625 0.04861111111111111
2 0.836328125 0.5097222222222222 0.06015625 0.12222222222222222
3 0.327734375 0.6020833333333333 0.65546875 0.6958333333333333
0 0.4328125 0.9256944444444445 0.1109375 0.1486111111111111
0 0.789453125 0.43333333333333335 0.01796875 0.06666666666666667
0 0.772265625 0.3888888888888889 0.01484375 0.04722222222222222
