0 0.668359375 0.36875 0.02265625 0.09583333333333334
0 0.60390625 0.3263888888888889 0.0203125 0.09166666666666666
0 0.71640625 0.575 0.0703125 0.11388888888888889
0 0.103125 0.6291666666666667 0.084375 0.13055555555555556
0 0.85859375 0.5666666666666667 0.0546875 0.1
0 0.426171875 0.4548611111111111 0.04453125 0.1125
0 0.940625 0.675 0.059375 0.175
0 0.33125 0.2965277777777778 0.0203125 0.07083333333333333
0 0.40078125 0.28402777777777777 0.021875 0.07361111111111111
0 0.0203125 0.4513888888888889 0.040625 0.09166666666666666
0 0.755078125 0.3819444444444444 0.02109375 0.09166666666666666
0 0.31015625 0.2972222222222222 0.0234375 0.07222222222222222
0 0.44765625 0.29583333333333334 0.0328125 0.06388888888888888
0 0.485546875 0.42083333333333334 0.04140625 0.11388888888888889
0 0.48828125 0.3 0.025 0.07222222222222222
0 0.36875 0.2965277777777778 0.01875 0.07361111111111111
0 0.94765625 0.47847222222222224 0.0671875 0.09027777777777778
0 0.57265625 0.24027777777777778 0.0140625 0.06111111111111111
0 0.814453125 0.43333333333333335 0.03203125 0.08333333333333333
0 0.583203125 0.2152777777777778 0.01484375 0.058333333333333334
1 0.491015625 0.3798611111111111 0.09765625 0.08194444444444444
1 0.178515625 0.5041666666666667 0.17265625 0.1111111111111111
1 0.408984375 0.21041666666666667 0.02890625 0.059722222222222225
3 0.457421875 0.21180555555555555 0.04453125 0.12083333333333333
3 0.23828125 0.4013888888888889 0.1734375 0.125
0 0.834765625 0.5333333333333333 0.03515625 0.10555555555555556
0 0.03203125 0.42291666666666666 0.05 0.07083333333333333
