0 0.448046875 0.9229166666666667 0.05234375 0.15416666666666667
0 0.26015625 0.8715277777777778 0.046875 0.14027777777777778
0 0.21875 0.8993055555555556 0.04375 0.15416666666666667
0 0.436328125 0.6784722222222223 0.03046875 0.17083333333333334
0 0.536328125 0.6493055555555556 0.03203125 0.1375
0 0.526171875 0.5784722222222223 0.02890625 0.10972222222222222
0 0.54921875 0.5090277777777777 0.0171875 0.0875
0 0.362890625 0.5423611111111111 0.02109375 0.07083333333333333
0 0.491015625 0.4777777777777778 0.01640625 0.07222222222222222
0 0.509375 0.4673611111111111 0.01875 0.05694444444444444
0 0.4296875 0.44513888888888886 0.0140625 0.06527777777777778
0 0.4640625 0.45416666666666666 0.0171875 0.06111111111111111
