0 0.06484375 0.7555555555555555 0.0984375 0.19722222222222222
0 0.8296875 0.5319444444444444 0.0234375 0.08611111111111111
0 0.571484375 0.6916666666666667 0.08828125 0.17777777777777778
0 0.7828125 0.5638888888888889 0.025 0.10555555555555556
0 0.29296875 0.6277777777777778 0.071875 0.14722222222222223
0 0.7421875 0.6222222222222222 0.0375 0.1388888888888889
0 0.484765625 0.5222222222222223 0.04609375 0.11388888888888889
0 0.80390625 0.6833333333333333 0.04375 0.15833333333333333
0 0.70078125 0.7097222222222223 0.05 0.18333333333333332
0 0.58671875 0.4888888888888889 0.034375 0.09722222222222222
0 0.66953125 0.4305555555555556 0.0234375 0.08055555555555556
0 0.479296875 0.4673611111111111 0.03828125 0.06805555555555555
0 0.5109375 0.47708333333333336 0.028125 0.09027777777777778
0 0.83671875 0.47638888888888886 0.0140625 0.058333333333333334
0 0.86171875 0.46458333333333335 0.015625 0.05416666666666667
1 0.66640625 0.5909722222222222 0.1234375 0.15138888888888888
3 0.740234375 0.475 0.08828125 0.17777777777777778
3 0.791015625 0.3923611111111111 0.08359375 0.18194444444444444
0 0.937890625 0.8861111111111111 0.08203125 0.11388888888888889
0 0.925 0.8319444444444445 0.0765625 0.10277777777777777
0 0.25078125 0.5923611111111111 0.0765625 0.10694444444444444
0 0.554296875 0.4263888888888889 0.04140625 0.05277777777777778
0 0.8265625 0.4576388888888889 0.0171875 0.0625
