0 0.27421875 0.6118055555555556 0.06875 0.09027777777777778
0 0.59375 0.6527777777777778 0.046875 0.14722222222222223
0 0.746875 0.75 0.0578125 0.17777777777777778
0 0.71796875 0.41041666666666665 0.025 0.10138888888888889
0 0.56796875 0.4479166666666667 0.05625 0.0875
0 0.208203125 0.4583333333333333 0.02578125 0.07222222222222222
0 0.159765625 0.48194444444444445 0.02421875 0.08333333333333333
0 0.26796875 0.32569444444444445 0.015625 0.05694444444444444
3 0.543359375 0.31180555555555556 0.04921875 0.10416666666666667
1 0.324609375 0.7444444444444445 0.13515625 0.20555555555555555
