1 0.638671875 0.5319444444444444 0.11640625 0.2611111111111111
1 0.32890625 0.4173611111111111 0.109375 0.14583333333333334
1 0.23203125 0.30416666666666664 0.0671875 0.08333333333333333
1 0.136328125 0.26458333333333334 0.04453125 0.0625
3 0.4265625 0.2423611111111111 0.1078125 0.09583333333333334
0 0.0859375 0.2798611111111111 0.0171875 0.05138888888888889
0 0.08671875 0.31527777777777777 0.01875 0.07222222222222222
0 0.162109375 0.34305555555555556 0.04453125 0.08055555555555556
0 0.172265625 0.3229166666666667 0.03203125 0.0763888888888889
0 0.235546875 0.38125 0.03203125 0.10416666666666667
0 0.43359375 0.7340277777777777 0.08125 0.2263888888888889
0 0.557421875 0.8041666666666667 0.09296875 0.24722222222222223
