0 0.48046875 0.1597222222222222 0.0390625 0.06666666666666667
0 0.511328125 0.27847222222222223 0.02890625 0.10694444444444444
0 0.555078125 0.22291666666666668 0.02734375 0.08194444444444444
0 0.587109375 0.43472222222222223 0.04765625 0.14722222222222223
0 0.5015625 0.4583333333333333 0.0515625 0.18888888888888888
0 0.389453125 0.4388888888888889 0.05859375 0.2111111111111111
0 0.349609375 0.4125 0.06796875 0.18611111111111112
0 0.122265625 0.5527777777777778 0.09921875 0.24444444444444444
0 0.653515625 0.4527777777777778 0.04453125 0.14444444444444443
0 0.683984375 0.4777777777777778 0.04921875 0.15
0 0.646875 0.175 0.0125 0.04722222222222222
0 0.659765625 0.17708333333333334 0.01015625 0.0375
