0 0.766796875 0.5604166666666667 0.02734375 0.10694444444444444
0 0.778515625 0.7111111111111111 0.04140625 0.17222222222222222
0 0.658984375 0.46875 0.02734375 0.09305555555555556
0 0.04296875 0.7215277777777778 0.0859375 0.20694444444444443
0 0.629296875 0.5069444444444444 0.03359375 0.1111111111111111
0 0.47734375 0.47152777777777777 0.0390625 0.07083333333333333
0 0.85 0.5131944444444444 0.0203125 0.0763888888888889
0 0.801171875 0.5368055555555555 0.02421875 0.09305555555555556
0 0.81484375 0.5118055555555555 0.0140625 0.07916666666666666
1 0.505078125 0.7680555555555556 0.23984375 0.2861111111111111
3 0.73046875 0.475 0.096875 0.17222222222222222
3 0.787109375 0.4 0.08515625 0.18888888888888888
0 0.25234375 0.5895833333333333 0.078125 0.11527777777777778
0 0.658203125 0.43819444444444444 0.02265625 0.06805555555555555
0 0.555859375 0.4263888888888889 0.04296875 0.05555555555555555
0 0.938671875 0.8909722222222223 0.08046875 0.1125
0 0.923828125 0.8340277777777778 0.07578125 0.10972222222222222
0 0.825390625 0.4888888888888889 0.01953125 0.075
0 0.859765625 0.4840277777777778 0.01640625 0.07916666666666666
