0 0.67578125 0.8125 0.0625 0.18611111111111112
0 0.7890625 0.5305555555555556 0.028125 0.10277777777777777
0 0.57578125 0.7159722222222222 0.0625 0.17083333333333334
0 0.65859375 0.6145833333333334 0.0390625 0.1125
0 0.72734375 0.5166666666666667 0.0234375 0.1
0 0.744140625 0.5888888888888889 0.03046875 0.125
0 0.72265625 0.4111111111111111 0.01875 0.058333333333333334
0 0.6890625 0.5479166666666667 0.03125 0.10416666666666667
0 0.7609375 0.5493055555555556 0.025 0.09861111111111111
0 0.76875 0.4638888888888889 0.0171875 0.06944444444444445
0 0.797265625 0.4625 0.01484375 0.058333333333333334
2 0.83671875 0.5083333333333333 0.0578125 0.125
3 0.501953125 0.4930555555555556 0.43203125 0.5055555555555555
0 0.791796875 0.4222222222222222 0.01796875 0.06388888888888888
