0 0.921875 0.6041666666666666 0.0171875 0.06944444444444445
0 0.746875 0.6888888888888889 0.025 0.11388888888888889
0 0.705859375 0.6506944444444445 0.03046875 0.12916666666666668
0 0.68984375 0.8034722222222223 0.0421875 0.1597222222222222
0 0.74375 0.8951388888888889 0.053125 0.19583333333333333
0 0.61796875 0.8402777777777778 0.046875 0.1527777777777778
0 0.810546875 0.9291666666666667 0.04765625 0.14166666666666666
1 0.55078125 0.6395833333333333 0.096875 0.14305555555555555
1 0.322265625 0.7805555555555556 0.14609375 0.175
1 0.62734375 0.6916666666666667 0.096875 0.14444444444444443
