0 0.255078125 0.34097222222222223 0.01171875 0.043055555555555555
0 0.60859375 0.375 0.0171875 0.06666666666666667
0 0.616796875 0.34444444444444444 0.01328125 0.058333333333333334
0 0.62734375 0.31875 0.0125 0.05694444444444444
0 0.66484375 0.3715277777777778 0.01875 0.0763888888888889
0 0.669921875 0.3194444444444444 0.01484375 0.044444444444444446
0 0.68203125 0.35625 0.015625 0.06805555555555555
0 0.80234375 0.3506944444444444 0.01875 0.06805555555555555
0 0.712109375 0.4791666666666667 0.02265625 0.1
0 0.739453125 0.6430555555555556 0.03984375 0.1361111111111111
0 0.080078125 0.5701388888888889 0.03515625 0.0875
3 0.363671875 0.2423611111111111 0.04453125 0.09027777777777778
1 0.48984375 0.325 0.0421875 0.06944444444444445
1 0.4609375 0.26666666666666666 0.0296875 0.04722222222222222
2 0.566796875 0.2520833333333333 0.12578125 0.10416666666666667
