0 0.23828125 0.5298611111111111 0.0921875 0.2513888888888889
0 0.4375 0.33819444444444446 0.0515625 0.15138888888888888
0 0.525390625 0.28680555555555554 0.03515625 0.11805555555555555
0 0.593359375 0.21180555555555555 0.02109375 0.06527777777777778
0 0.6671875 0.28680555555555554 0.0265625 0.07916666666666666
0 0.628125 0.22430555555555556 0.01875 0.06805555555555555
0 0.67578125 0.2465277777777778 0.0171875 0.06527777777777778
0 0.608203125 0.22708333333333333 0.02109375 0.07361111111111111
0 0.6328125 0.1763888888888889 0.0171875 0.05
0 0.580859375 0.19236111111111112 0.02265625 0.05694444444444444
