1 0.158984375 0.2423611111111111 0.03828125 0.05138888888888889
1 0.21015625 0.2986111111111111 0.0640625 0.08611111111111111
1 0.303515625 0.41388888888888886 0.15859375 0.12777777777777777
0 0.1203125 0.27291666666666664 0.0171875 0.06805555555555555
0 0.13984375 0.29583333333333334 0.01875 0.06666666666666667
0 0.16015625 0.33402777777777776 0.0265625 0.08194444444444444
0 0.15625 0.3645833333333333 0.0234375 0.09027777777777778
0 0.27265625 0.25555555555555554 0.0328125 0.06111111111111111
0 0.30859375 0.24305555555555555 0.0328125 0.058333333333333334
0 0.39296875 0.24861111111111112 0.0359375 0.05555555555555555
0 0.2515625 0.35138888888888886 0.0375 0.1
0 0.7234375 0.5236111111111111 0.04375 0.15555555555555556
