2 0.295703125 0.3326388888888889 0.07578125 0.12916666666666668
0 0.42734375 0.3923611111111111 0.01875 0.08194444444444444
1 0.30546875 0.48194444444444445 0.06875 0.11944444444444445
3 0.15625 0.5715277777777777 0.11875 0.25972222222222224
0 0.71953125 0.43194444444444446 0.0375 0.1
0 0.8078125 0.5875 0.0453125 0.16111111111111112
0 0.63828125 0.41458333333333336 0.028125 0.09027777777777778
1 0.36875 0.28402777777777777 0.0375 0.08194444444444444
3 0.446875 0.5409722222222222 0.2359375 0.28194444444444444
1 0.604296875 0.7902777777777777 0.13828125 0.2777777777777778
3 0.83515625 0.32916666666666666 0.2625 0.175
1 0.327734375 0.3888888888888889 0.04609375 0.075
