0 0.21484375 0.7965277777777777 0.0453125 0.20972222222222223
0 0.23671875 0.5881944444444445 0.034375 0.15416666666666667
0 0.340234375 0.7430555555555556 0.04609375 0.19444444444444445
0 0.166796875 0.6145833333333334 0.03671875 0.1486111111111111
0 0.8546875 0.6159722222222223 0.0359375 0.12916666666666668
0 0.799609375 0.6715277777777777 0.04140625 0.15694444444444444
0 0.3375 0.35138888888888886 0.0203125 0.09166666666666666
0 0.948046875 0.8951388888888889 0.07421875 0.1763888888888889
0 0.71953125 0.6305555555555555 0.0359375 0.13333333333333333
0 0.062890625 0.9069444444444444 0.07421875 0.16666666666666666
0 0.148828125 0.7555555555555555 0.04453125 0.175
0 0.544921875 0.4263888888888889 0.02734375 0.10277777777777777
0 0.369140625 0.35208333333333336 0.01953125 0.09027777777777778
0 0.899609375 0.6041666666666666 0.03203125 0.11666666666666667
0 0.31015625 0.47638888888888886 0.0296875 0.11666666666666667
0 0.306640625 0.3527777777777778 0.02265625 0.08611111111111111
0 0.72734375 0.55 0.025 0.1111111111111111
0 0.520703125 0.2263888888888889 0.02265625 0.058333333333333334
0 0.76796875 0.5895833333333333 0.0359375 0.12916666666666668
0 0.574609375 0.28194444444444444 0.02109375 0.058333333333333334
0 0.59453125 0.3909722222222222 0.025 0.08472222222222223
0 0.721875 0.4638888888888889 0.0421875 0.11666666666666667
0 0.76171875 0.4326388888888889 0.040625 0.08194444444444444
0 0.9640625 0.7979166666666667 0.0546875 0.15416666666666667
0 0.603515625 0.2972222222222222 0.01953125 0.06944444444444445
1 0.3921875 0.46319444444444446 0.06875 0.14583333333333334
1 0.23046875 0.3923611111111111 0.11875 0.10138888888888889
1 0.426953125 0.18333333333333332 0.02578125 0.058333333333333334
1 0.56796875 0.3486111111111111 0.0390625 0.09444444444444444
1 0.54140625 0.6416666666666667 0.0953125 0.2
1 0.410546875 0.2423611111111111 0.03203125 0.05416666666666667
1 0.42578125 0.8388888888888889 0.11875 0.3055555555555556
2 0.5671875 0.18611111111111112 0.046875 0.09444444444444444
3 0.6515625 0.49236111111111114 0.09375 0.23472222222222222
1 0.457421875 0.3104166666666667 0.04296875 0.10416666666666667
