0 0.544140625 0.29930555555555555 0.01796875 0.08194444444444444
0 0.43203125 0.29930555555555555 0.0140625 0.08194444444444444
0 0.244921875 0.9076388888888889 0.06484375 0.17083333333333334
0 0.103515625 0.38125 0.05703125 0.08472222222222223
0 0.369140625 0.3090277777777778 0.01796875 0.08472222222222223
0 0.671484375 0.30972222222222223 0.01328125 0.06666666666666667
0 0.331640625 0.2965277777777778 0.01640625 0.08194444444444444
0 0.273828125 0.3548611111111111 0.03359375 0.08472222222222223
0 0.371484375 0.9208333333333333 0.03671875 0.13055555555555556
1 0.4625 0.2861111111111111 0.0359375 0.06388888888888888
1 0.520703125 0.5076388888888889 0.17578125 0.14583333333333334
