0 0.35 0.5326388888888889 0.08125 0.23472222222222222
0 0.36953125 0.8326388888888889 0.1078125 0.28194444444444444
0 0.57578125 0.7784722222222222 0.08125 0.3458333333333333
0 0.49921875 0.5111111111111111 0.059375 0.20277777777777778
0 0.607421875 0.38125 0.03046875 0.13194444444444445
0 0.591796875 0.2986111111111111 0.02421875 0.10555555555555556
0 0.63828125 0.28958333333333336 0.025 0.09305555555555556
0 0.41796875 0.34930555555555554 0.0390625 0.11805555555555555
0 0.44140625 0.26805555555555555 0.028125 0.1
0 0.369921875 0.27847222222222223 0.04921875 0.12638888888888888
0 0.40546875 0.2590277777777778 0.025 0.10416666666666667
0 0.59296875 0.20902777777777778 0.0203125 0.07083333333333333
0 0.6203125 0.20694444444444443 0.01875 0.06666666666666667
