0 0.46796875 0.24375 0.0359375 0.10138888888888889
0 0.516015625 0.22777777777777777 0.03203125 0.09444444444444444
0 0.4796875 0.16180555555555556 0.0390625 0.06805555555555555
0 0.309765625 0.45 0.08671875 0.2111111111111111
0 0.080078125 0.5881944444444445 0.10546875 0.30694444444444446
0 0.554296875 0.6375 0.07421875 0.23333333333333334
0 0.46796875 0.4548611111111111 0.0515625 0.2013888888888889
0 0.520703125 0.5027777777777778 0.05546875 0.19722222222222222
0 0.5890625 0.42986111111111114 0.04375 0.1597222222222222
0 0.62109375 0.34652777777777777 0.034375 0.1125
0 0.6515625 0.30694444444444446 0.028125 0.09444444444444444
0 0.651171875 0.45208333333333334 0.04296875 0.1486111111111111
0 0.6828125 0.49166666666666664 0.0484375 0.16111111111111112
0 0.596484375 0.21319444444444444 0.01953125 0.07361111111111111
0 0.56171875 0.19791666666666666 0.025 0.05138888888888889
0 0.61328125 0.19722222222222222 0.01875 0.058333333333333334
0 0.6484375 0.23333333333333334 0.0234375 0.06666666666666667
0 0.683984375 0.24791666666666667 0.01953125 0.07083333333333333
