0 0.5890625 0.3368055555555556 0.0203125 0.06805555555555555
0 0.578125 0.2902777777777778 0.01875 0.06111111111111111
0 0.910546875 0.31527777777777777 0.03671875 0.06388888888888888
0 0.384765625 0.34930555555555554 0.02265625 0.059722222222222225
0 0.243359375 0.3763888888888889 0.01640625 0.07222222222222222
0 0.2671875 0.33541666666666664 0.0140625 0.059722222222222225
0 0.2578125 0.33055555555555555 0.015625 0.05555555555555555
1 0.487109375 0.4013888888888889 0.04765625 0.07777777777777778
1 0.64921875 0.8875 0.146875 0.225
3 0.457421875 0.23958333333333334 0.03203125 0.07916666666666666
3 0.491796875 0.20347222222222222 0.04296875 0.09583333333333334
