0 0.305078125 0.14305555555555555 0.02421875 0.08611111111111111
0 0.15390625 0.1840277777777778 0.03125 0.10138888888888889
0 0.047265625 0.6138888888888889 0.09453125 0.2861111111111111
0 0.31171875 0.39791666666666664 0.0671875 0.1986111111111111
0 0.392578125 0.41180555555555554 0.06171875 0.19027777777777777
0 0.654296875 0.45416666666666666 0.04609375 0.14722222222222223
0 0.683203125 0.47847222222222224 0.04296875 0.15138888888888888
0 0.647265625 0.28125 0.03203125 0.09027777777777778
0 0.623828125 0.2590277777777778 0.01640625 0.07083333333333333
0 0.56953125 0.2263888888888889 0.0265625 0.08333333333333333
0 0.672265625 0.24444444444444444 0.03046875 0.06388888888888888
0 0.4796875 0.16111111111111112 0.0390625 0.07222222222222222
0 0.60546875 0.20972222222222223 0.015625 0.06666666666666667
0 0.59140625 0.20277777777777778 0.0171875 0.06944444444444445
0 0.623828125 0.1986111111111111 0.01640625 0.05
0 0.614453125 0.17777777777777778 0.01640625 0.04722222222222222
