0 0.534765625 0.20833333333333334 0.02578125 0.075
0 0.480078125 0.15902777777777777 0.04609375 0.06805555555555555
0 0.368359375 0.34375 0.05234375 0.15694444444444444
0 0.448828125 0.6541666666666667 0.08828125 0.275
0 0.040234375 0.5673611111111111 0.08046875 0.28194444444444444
0 0.651953125 0.45625 0.03984375 0.1625
0 0.67890625 0.48125 0.0484375 0.1486111111111111
0 0.61796875 0.33055555555555555 0.046875 0.12222222222222222
0 0.573828125 0.19930555555555557 0.01953125 0.0625
0 0.640234375 0.24791666666666667 0.02421875 0.07916666666666666
0 0.6859375 0.25069444444444444 0.0234375 0.0625
0 0.601171875 0.1986111111111111 0.01953125 0.06111111111111111
0 0.621484375 0.17291666666666666 0.01640625 0.043055555555555555
0 0.603125 0.1736111111111111 0.0171875 0.03333333333333333
