0 0.089453125 0.4263888888888889 0.05546875 0.1
0 0.823828125 0.5305555555555556 0.05078125 0.10555555555555556
0 0.321875 0.33611111111111114 0.021875 0.09166666666666666
0 0.73515625 0.3909722222222222 0.0328125 0.09861111111111111
0 0.032421875 0.47708333333333336 0.05234375 0.10138888888888889
0 0.497265625 0.28541666666666665 0.02578125 0.06527777777777778
0 0.401953125 0.29444444444444445 0.02421875 0.075
0 0.94140625 0.6729166666666667 0.0625 0.18472222222222223
0 0.603125 0.2263888888888889 0.015625 0.05277777777777778
0 0.362109375 0.2986111111111111 0.02265625 0.075
0 0.549609375 0.2013888888888889 0.01484375 0.05555555555555555
0 0.985546875 0.7680555555555556 0.02265625 0.1361111111111111
1 0.358203125 0.45555555555555555 0.15546875 0.12777777777777777
1 0.498046875 0.35 0.08203125 0.08333333333333333
1 0.55078125 0.2659722222222222 0.0375 0.06805555555555555
1 0.44765625 0.27291666666666664 0.0390625 0.07361111111111111
1 0.323046875 0.17083333333333334 0.03515625 0.06666666666666667
3 0.457421875 0.21041666666666667 0.04296875 0.12638888888888888
