0 0.26015625 0.8680555555555556 0.0375 0.16111111111111112
0 0.21640625 0.8965277777777778 0.040625 0.14305555555555555
0 0.32578125 0.7618055555555555 0.034375 0.1763888888888889
0 0.3203125 0.6458333333333334 0.021875 0.10555555555555556
0 0.39296875 0.6444444444444445 0.028125 0.15
0 0.365625 0.5486111111111112 0.021875 0.07777777777777778
0 0.448828125 0.55625 0.02265625 0.12083333333333333
0 0.526171875 0.5361111111111111 0.01953125 0.10277777777777777
0 0.62734375 0.6055555555555555 0.021875 0.07222222222222222
0 0.457421875 0.49375 0.02265625 0.08194444444444444
0 0.519921875 0.46597222222222223 0.01796875 0.07083333333333333
