0 0.15078125 0.8222222222222222 0.0484375 0.2
0 0.721484375 0.6069444444444444 0.03515625 0.14722222222222223
0 0.551953125 0.6027777777777777 0.03203125 0.1388888888888889
0 0.747265625 0.8277777777777777 0.04921875 0.18333333333333332
0 0.373046875 0.30694444444444446 0.01796875 0.058333333333333334
0 0.550390625 0.4125 0.03671875 0.09722222222222222
0 0.628125 0.4527777777777778 0.021875 0.10277777777777777
0 0.59765625 0.22847222222222222 0.0171875 0.05694444444444444
0 0.81328125 0.7861111111111111 0.0421875 0.18055555555555555
0 0.47734375 0.2951388888888889 0.0203125 0.0763888888888889
0 0.64140625 0.34652777777777777 0.0171875 0.06805555555555555
0 0.033203125 0.8784722222222222 0.04453125 0.19305555555555556
0 0.7078125 0.4465277777777778 0.0265625 0.10972222222222222
0 0.5171875 0.3090277777777778 0.0328125 0.06527777777777778
0 0.105078125 0.36944444444444446 0.05859375 0.08888888888888889
0 0.68515625 0.39305555555555555 0.025 0.09444444444444444
0 0.57109375 0.33055555555555555 0.021875 0.08611111111111111
0 0.93359375 0.4840277777777778 0.0703125 0.09861111111111111
0 0.796875 0.6347222222222222 0.034375 0.14444444444444443
0 0.648046875 0.4215277777777778 0.02421875 0.10138888888888889
0 0.658984375 0.2881944444444444 0.02265625 0.0763888888888889
0 0.594921875 0.3236111111111111 0.01640625 0.08333333333333333
0 0.331640625 0.33819444444444446 0.01796875 0.08472222222222223
0 0.568359375 0.23194444444444445 0.01640625 0.05555555555555555
0 0.86953125 0.95625 0.0703125 0.0875
0 0.38515625 0.23958333333333334 0.0171875 0.0625
0 0.2234375 0.7263888888888889 0.0375 0.15
0 0.633203125 0.29930555555555555 0.02734375 0.06805555555555555
0 0.401171875 0.24305555555555555 0.01484375 0.06388888888888888
1 0.471484375 0.6256944444444444 0.09453125 0.19583333333333333
1 0.444140625 0.36875 0.05703125 0.12083333333333333
1 0.264453125 0.3888888888888889 0.13359375 0.13055555555555556
3 0.43359375 0.24583333333333332 0.05 0.11666666666666667
2 0.287109375 0.8173611111111111 0.27734375 0.36527777777777776
