0 0.5 0.7597222222222222 0.0828125 0.2111111111111111
0 0.273828125 0.48055555555555557 0.03671875 0.14166666666666666
0 0.2328125 0.38472222222222224 0.025 0.1
0 0.165625 0.3645833333333333 0.025 0.09861111111111111
0 0.117578125 0.32222222222222224 0.02421875 0.07777777777777778
0 0.088671875 0.2965277777777778 0.01796875 0.06527777777777778
0 0.09140625 0.25277777777777777 0.0125 0.05555555555555555
0 0.13515625 0.26458333333333334 0.015625 0.0625
3 0.272265625 0.22847222222222222 0.09765625 0.09305555555555556
3 0.501953125 0.23680555555555555 0.09453125 0.1125
1 0.290625 0.3659722222222222 0.0890625 0.1125
1 0.17890625 0.2701388888888889 0.0421875 0.059722222222222225
1 0.153125 0.22569444444444445 0.028125 0.04583333333333333
