0 0.16484375 0.3923611111111111 0.05 0.08194444444444444
0 0.208203125 0.4083333333333333 0.06328125 0.09166666666666666
0 0.209765625 0.3548611111111111 0.03046875 0.09027777777777778
0 0.143359375 0.30833333333333335 0.01640625 0.07222222222222222
0 0.175 0.3159722222222222 0.0171875 0.07916666666666666
0 0.164453125 0.2826388888888889 0.01484375 0.06527777777777778
0 0.183984375 0.2361111111111111 0.01484375 0.05277777777777778
0 0.19765625 0.22708333333333333 0.015625 0.04583333333333333
0 0.209375 0.24375 0.0203125 0.059722222222222225
0 0.2875 0.2604166666666667 0.0359375 0.059722222222222225
3 0.43203125 0.24027777777777778 0.103125 0.10555555555555556
1 0.253515625 0.24097222222222223 0.06171875 0.06527777777777778
1 0.1078125 0.23541666666666666 0.0296875 0.05694444444444444
