0 0.541015625 0.7368055555555556 0.03828125 0.18194444444444444
0 0.566796875 0.5993055555555555 0.02734375 0.12361111111111112
0 0.51171875 0.5729166666666666 0.0265625 0.1125
0 0.4390625 0.6020833333333333 0.0265625 0.14027777777777778
0 0.404296875 0.5631944444444444 0.03515625 0.10972222222222222
0 0.3625 0.5479166666666667 0.025 0.07916666666666666
0 0.318359375 0.6423611111111112 0.02890625 0.09305555555555556
0 0.25859375 0.8604166666666667 0.0328125 0.1375
1 0.434375 0.4361111111111111 0.0375 0.06666666666666667
0 0.52421875 0.49444444444444446 0.0203125 0.07777777777777778
0 0.57734375 0.5534722222222223 0.021875 0.06527777777777778
0 0.59765625 0.5534722222222223 0.01875 0.06527777777777778
0 0.46953125 0.4076388888888889 0.0125 0.043055555555555555
0 0.485546875 0.39166666666666666 0.01171875 0.03611111111111111
