0 0.253125 0.8930555555555556 0.0484375 0.18888888888888888
0 0.525 0.39444444444444443 0.0234375 0.1
0 0.340625 0.7159722222222222 0.046875 0.1763888888888889
0 0.338671875 0.5034722222222222 0.02421875 0.12361111111111112
0 0.095703125 0.7972222222222223 0.05078125 0.19722222222222222
0 0.559375 0.3645833333333333 0.0171875 0.09305555555555556
0 0.751953125 0.5215277777777778 0.03515625 0.11527777777777778
0 0.28515625 0.7027777777777777 0.0375 0.17777777777777778
0 0.30078125 0.5638888888888889 0.0359375 0.1361111111111111
0 0.05859375 0.9229166666666667 0.0703125 0.1486111111111111
0 0.219140625 0.5083333333333333 0.03046875 0.12222222222222222
0 0.210546875 0.6326388888888889 0.03671875 0.15138888888888888
0 0.6109375 0.39305555555555555 0.028125 0.08611111111111111
0 0.9484375 0.9118055555555555 0.0609375 0.1625
0 0.783984375 0.45069444444444445 0.05546875 0.09305555555555556
0 0.705859375 0.5777777777777777 0.04609375 0.13055555555555556
0 0.83828125 0.5868055555555556 0.0328125 0.11805555555555555
0 0.584375 0.3263888888888889 0.01875 0.07777777777777778
0 0.172265625 0.3819444444444444 0.04609375 0.09166666666666666
0 0.9 0.6006944444444444 0.0375 0.1125
0 0.283203125 0.38055555555555554 0.02421875 0.08888888888888889
0 0.643359375 0.4076388888888889 0.02578125 0.08194444444444444
0 0.67734375 0.4388888888888889 0.0234375 0.10555555555555556
0 0.714453125 0.4340277777777778 0.03671875 0.09583333333333334
0 0.012890625 0.3680555555555556 0.02421875 0.09444444444444444
0 0.314453125 0.30069444444444443 0.02265625 0.07916666666666666
0 0.698046875 0.4930555555555556 0.03203125 0.10277777777777777
0 0.103515625 0.35625 0.04921875 0.08194444444444444
0 0.91640625 0.7291666666666666 0.0390625 0.14166666666666666
0 0.321875 0.4479166666666667 0.025 0.10416666666666667
0 0.902734375 0.4909722222222222 0.07578125 0.09027777777777778
0 0.8625 0.43680555555555556 0.04375 0.07916666666666666
0 0.276953125 0.4756944444444444 0.03828125 0.09861111111111111
0 0.799609375 0.5631944444444444 0.04765625 0.11527777777777778
0 0.788671875 0.5944444444444444 0.03359375 0.11388888888888889
0 0.2921875 0.4361111111111111 0.0296875 0.10555555555555556
0 0.403125 0.3229166666666667 0.015625 0.08472222222222223
1 0.620703125 0.4798611111111111 0.07578125 0.12083333333333333
1 0.4171875 0.5611111111111111 0.0734375 0.20833333333333334
1 0.35546875 0.3333333333333333 0.05 0.10555555555555556
1 0.45390625 0.3277777777777778 0.046875 0.09444444444444444
1 0.552734375 0.6930555555555555 0.13515625 0.2222222222222222
1 0.51953125 0.2298611111111111 0.03125 0.07083333333333333
1 0.46328125 0.2388888888888889 0.0296875 0.07777777777777778
1 0.415234375 0.21180555555555555 0.03203125 0.05416666666666667
1 0.971875 0.49375 0.0453125 0.1125
1 0.510546875 0.18541666666666667 0.03046875 0.08194444444444444
2 0.594921875 0.2361111111111111 0.06640625 0.12777777777777777
3 0.81015625 0.8284722222222223 0.2125 0.34305555555555556
3 0.510546875 0.18541666666666667 0.03046875 0.08194444444444444
0 0.983203125 0.8875 0.03359375 0.19166666666666668
0 0.766015625 0.6368055555555555 0.03359375 0.06805555555555555
