0 0.158984375 0.49375 0.10546875 0.2569444444444444
0 0.36953125 0.3902777777777778 0.0734375 0.19444444444444445
0 0.406640625 0.3034722222222222 0.05390625 0.14027777777777778
0 0.494921875 0.2916666666666667 0.03671875 0.11944444444444445
0 0.51953125 0.4736111111111111 0.05 0.17222222222222222
0 0.565625 0.3194444444444444 0.028125 0.10833333333333334
0 0.616015625 0.3486111111111111 0.02734375 0.11388888888888889
0 0.555859375 0.22291666666666668 0.02265625 0.09861111111111111
0 0.653125 0.2965277777777778 0.025 0.09861111111111111
0 0.63203125 0.23541666666666666 0.015625 0.07916666666666666
0 0.65390625 0.22291666666666668 0.01875 0.06805555555555555
0 0.680078125 0.24513888888888888 0.01484375 0.0625
0 0.60546875 0.18541666666666667 0.0171875 0.059722222222222225
