3 0.49765625 0.3715277777777778 0.0859375 0.19027777777777777
0 0.62265625 0.31875 0.021875 0.06805555555555555
0 0.58515625 0.2763888888888889 0.0171875 0.05555555555555555
0 0.44296875 0.80625 0.08125 0.12916666666666668
0 0.16171875 0.5326388888888889 0.028125 0.09583333333333334
0 0.05625 0.6097222222222223 0.040625 0.11388888888888889
0 0.182421875 0.43333333333333335 0.02421875 0.07222222222222222
0 0.22109375 0.35833333333333334 0.015625 0.06111111111111111
0 0.273828125 0.32569444444444445 0.01796875 0.04583333333333333
1 0.332421875 0.31180555555555556 0.03984375 0.07083333333333333
2 0.321484375 0.42986111111111114 0.06328125 0.16527777777777777
