0 0.242578125 0.4361111111111111 0.02578125 0.041666666666666664
2 0.311328125 0.4263888888888889 0.07265625 0.09444444444444444
2 0.328125 0.3215277777777778 0.025 0.04861111111111111
1 0.296484375 0.30069444444444443 0.01640625 0.02361111111111111
2 0.308984375 0.35694444444444445 0.02421875 0.027777777777777776
1 0.358203125 0.3784722222222222 0.02109375 0.029166666666666667
0 0.292578125 0.33125 0.00546875 0.02361111111111111
0 0.28359375 0.34305555555555556 0.0078125 0.027777777777777776
3 0.40546875 0.2798611111111111 0.0140625 0.029166666666666667
0 0.43984375 0.28055555555555556 0.0046875 0.016666666666666666
0 0.4640625 0.3104166666666667 0.0046875 0.02361111111111111
0 0.5375 0.3145833333333333 0.009375 0.02638888888888889
0 0.54921875 0.3236111111111111 0.0078125 0.027777777777777776
0 0.555859375 0.31875 0.00546875 0.020833333333333332
0 0.56484375 0.33541666666666664 0.009375 0.029166666666666667
0 0.573046875 0.3576388888888889 0.01015625 0.04027777777777778
0 0.584765625 0.32083333333333336 0.00703125 0.019444444444444445
0 0.58515625 0.33958333333333335 0.009375 0.03194444444444444
0 0.6 0.36041666666666666 0.0125 0.04027777777777778
0 0.59296875 0.3194444444444444 0.0078125 0.025
0 0.60234375 0.3145833333333333 0.009375 0.02638888888888889
0 0.616015625 0.3333333333333333 0.00859375 0.03611111111111111
0 0.628515625 0.325 0.01015625 0.022222222222222223
0 0.62109375 0.35138888888888886 0.015625 0.03611111111111111
0 0.634765625 0.36527777777777776 0.01015625 0.044444444444444446
0 0.6453125 0.33541666666666664 0.009375 0.029166666666666667
0 0.653515625 0.3548611111111111 0.00859375 0.0375
0 0.665234375 0.3451388888888889 0.01015625 0.04583333333333333
0 0.66796875 0.39791666666666664 0.0140625 0.05138888888888889
0 0.681640625 0.3909722222222222 0.01015625 0.05138888888888889
0 0.67734375 0.33402777777777776 0.0109375 0.02361111111111111
0 0.68671875 0.3576388888888889 0.0125 0.034722222222222224
0 0.69765625 0.3763888888888889 0.0109375 0.041666666666666664
0 0.708203125 0.4041666666666667 0.01328125 0.05277777777777778
0 0.71953125 0.36875 0.0109375 0.043055555555555555
0 0.731640625 0.38333333333333336 0.01015625 0.03611111111111111
0 0.73359375 0.3576388888888889 0.0109375 0.015277777777777777
0 0.75078125 0.3840277777777778 0.0109375 0.04861111111111111
0 0.766015625 0.41388888888888886 0.01171875 0.05277777777777778
0 0.757421875 0.4263888888888889 0.00859375 0.03888888888888889
0 0.73671875 0.4166666666666667 0.0125 0.05
0 0.669921875 0.4798611111111111 0.02265625 0.07916666666666666
0 0.694921875 0.5111111111111111 0.01171875 0.06944444444444445
0 0.712109375 0.5638888888888889 0.02265625 0.08611111111111111
0 0.7328125 0.5013888888888889 0.015625 0.07222222222222222
0 0.755859375 0.5395833333333333 0.01796875 0.08194444444444444
0 0.778515625 0.4909722222222222 0.01953125 0.05416666666666667
0 0.8140625 0.5798611111111112 0.0265625 0.08194444444444444
0 0.930078125 0.5784722222222223 0.03359375 0.11527777777777778
0 0.73046875 0.6486111111111111 0.0265625 0.11388888888888889
0 0.76796875 0.6215277777777778 0.01875 0.10694444444444444
0 0.78671875 0.6972222222222222 0.0265625 0.13333333333333333
0 0.829296875 0.7631944444444444 0.04140625 0.15138888888888888
0 0.69375 0.7069444444444445 0.0296875 0.12222222222222222
0 0.678125 0.7881944444444444 0.034375 0.11805555555555555
0 0.501953125 0.6604166666666667 0.04140625 0.12083333333333333
0 0.422265625 0.7388888888888889 0.03671875 0.09722222222222222
0 0.7203125 0.8729166666666667 0.0390625 0.1763888888888889
0 0.819921875 0.9152777777777777 0.04765625 0.16944444444444445
0 0.60546875 0.7111111111111111 0.1 0.15
0 0.4296875 0.8916666666666667 0.1703125 0.20555555555555555
