3 0.1171875 0.7215277777777778 0.16875 0.3375
0 0.579296875 0.24513888888888888 0.01484375 0.07361111111111111
3 0.135546875 0.7166666666666667 0.19453125 0.3472222222222222
0 0.269140625 0.39375 0.01796875 0.0875
0 0.635546875 0.33541666666666664 0.01796875 0.09305555555555556
0 0.51015625 0.9375 0.0453125 0.125
0 0.77890625 0.5958333333333333 0.034375 0.13333333333333333
0 0.944921875 0.7701388888888889 0.06953125 0.17083333333333334
1 0.5125 0.4166666666666667 0.0625 0.10277777777777777
2 0.5265625 0.29583333333333334 0.0625 0.12222222222222222
0 0.263671875 0.3368055555555556 0.02109375 0.06527777777777778
