0 0.805078125 0.5222222222222223 0.02265625 0.08888888888888889
0 0.043359375 0.7583333333333333 0.08671875 0.2388888888888889
0 0.648046875 0.7006944444444444 0.09140625 0.16527777777777777
0 0.353125 0.5847222222222223 0.0609375 0.1388888888888889
0 0.48828125 0.54375 0.0484375 0.11805555555555555
0 0.77578125 0.6027777777777777 0.0328125 0.12777777777777777
0 0.832421875 0.5041666666666667 0.01953125 0.07222222222222222
0 0.43359375 0.5194444444444445 0.04375 0.11388888888888889
0 0.617578125 0.46041666666666664 0.03046875 0.09305555555555556
0 0.828125 0.5944444444444444 0.0328125 0.12222222222222222
0 0.4765625 0.4666666666666667 0.0359375 0.06944444444444445
0 0.862109375 0.4652777777777778 0.01484375 0.05277777777777778
1 0.66484375 0.5868055555555556 0.1265625 0.1375
3 0.742578125 0.4701388888888889 0.08359375 0.1625
3 0.79140625 0.3923611111111111 0.08125 0.1763888888888889
0 0.253125 0.5986111111111111 0.0796875 0.1111111111111111
0 0.935546875 0.8916666666666667 0.08359375 0.11388888888888889
0 0.918359375 0.8347222222222223 0.06328125 0.10555555555555556
0 0.5546875 0.4236111111111111 0.0453125 0.05555555555555555
0 0.695703125 0.39444444444444443 0.02109375 0.06666666666666667
