0 0.28515625 0.6451388888888889 0.0734375 0.1625
0 0.613671875 0.4888888888888889 0.03359375 0.1
0 0.403515625 0.5458333333333333 0.05703125 0.13333333333333333
0 0.815234375 0.6458333333333334 0.03515625 0.15
0 0.55703125 0.48055555555555557 0.0359375 0.1
0 0.67578125 0.475 0.021875 0.08333333333333333
0 0.820703125 0.50625 0.02265625 0.07916666666666666
0 0.842578125 0.4798611111111111 0.01953125 0.0763888888888889
0 0.63984375 0.4722222222222222 0.025 0.08055555555555556
0 0.011328125 0.7569444444444444 0.02265625 0.18611111111111112
0 0.812890625 0.5791666666666667 0.03046875 0.1
0 0.476953125 0.4673611111111111 0.03828125 0.0763888888888889
1 0.655859375 0.5965277777777778 0.13046875 0.15416666666666667
3 0.7359375 0.47638888888888886 0.096875 0.17777777777777778
0 0.24765625 0.5993055555555555 0.071875 0.09583333333333334
0 0.55546875 0.42430555555555555 0.0453125 0.0625
0 0.63828125 0.43194444444444446 0.021875 0.06111111111111111
0 0.9375 0.8930555555555556 0.078125 0.12222222222222222
0 0.921484375 0.83125 0.06640625 0.1125
3 0.7875 0.39444444444444443 0.0859375 0.2
