0 0.078515625 0.5375 0.10078125 0.25833333333333336
0 0.151953125 0.8493055555555555 0.15234375 0.3013888888888889
0 0.383984375 0.38333333333333336 0.06171875 0.175
0 0.484765625 0.2701388888888889 0.04296875 0.12916666666666668
0 0.4921875 0.5020833333333333 0.05625 0.19583333333333333
0 0.571875 0.4534722222222222 0.053125 0.1763888888888889
0 0.60625 0.3055555555555556 0.0296875 0.10833333333333334
0 0.655859375 0.28402777777777777 0.03515625 0.0875
0 0.651953125 0.4513888888888889 0.04765625 0.1527777777777778
0 0.679296875 0.47638888888888886 0.04921875 0.15833333333333333
0 0.62421875 0.1736111111111111 0.01875 0.04722222222222222
