0 0.423046875 0.5631944444444444 0.07109375 0.12638888888888888
0 0.331640625 0.6840277777777778 0.08984375 0.1375
0 0.26015625 0.4083333333333333 0.04375 0.09444444444444444
0 0.236328125 0.48819444444444443 0.05703125 0.10416666666666667
0 0.81484375 0.5576388888888889 0.0640625 0.10972222222222222
0 0.22265625 0.6444444444444445 0.0859375 0.13055555555555556
0 0.32109375 0.4222222222222222 0.0484375 0.09722222222222222
0 0.5296875 0.46458333333333335 0.0625 0.10138888888888889
0 0.35546875 0.49236111111111114 0.0609375 0.10694444444444444
0 0.548046875 0.3145833333333333 0.01953125 0.09027777777777778
0 0.601953125 0.4513888888888889 0.06328125 0.10277777777777777
0 0.13671875 0.5875 0.0734375 0.11388888888888889
0 0.470703125 0.3784722222222222 0.03671875 0.0875
0 0.285546875 0.5909722222222222 0.06953125 0.12361111111111112
0 0.11796875 0.46805555555555556 0.0421875 0.09722222222222222
0 0.93984375 0.675 0.05625 0.175
0 0.64140625 0.2875 0.0234375 0.07777777777777778
0 0.13671875 0.6979166666666666 0.0828125 0.13194444444444445
0 0.40078125 0.43819444444444444 0.0453125 0.0875
0 0.025390625 0.6576388888888889 0.05078125 0.12083333333333333
0 0.524609375 0.24027777777777778 0.01484375 0.06388888888888888
0 0.3234375 0.2965277777777778 0.0265625 0.07083333333333333
0 0.080859375 0.9388888888888889 0.07734375 0.12222222222222222
0 0.3625 0.3 0.0265625 0.08055555555555556
0 0.60546875 0.28055555555555556 0.025 0.075
0 0.8140625 0.43333333333333335 0.0359375 0.08333333333333333
0 0.456640625 0.29444444444444445 0.02890625 0.06666666666666667
0 0.56796875 0.28055555555555556 0.0140625 0.07777777777777778
0 0.496484375 0.28402777777777777 0.01484375 0.06527777777777778
0 0.75859375 0.3819444444444444 0.0265625 0.08888888888888889
1 0.399609375 0.25763888888888886 0.03515625 0.06805555555555555
1 0.509375 0.17152777777777778 0.0234375 0.0625
1 0.3234375 0.17083333333333334 0.0375 0.06944444444444445
1 0.4421875 0.27361111111111114 0.0375 0.08055555555555556
3 0.462890625 0.15763888888888888 0.03046875 0.09583333333333334
3 0.4625 0.225 0.0328125 0.1
0 0.428515625 0.4027777777777778 0.03203125 0.07222222222222222
0 0.40859375 0.36736111111111114 0.0171875 0.05138888888888889
0 0.491015625 0.34305555555555556 0.03046875 0.06666666666666667
