3 0.23359375 0.22708333333333333 0.0734375 0.08472222222222223
3 0.35703125 0.23541666666666666 0.10625 0.10972222222222222
3 0.4875 0.2423611111111111 0.1140625 0.10416666666666667
1 0.2265625 0.30833333333333335 0.0625 0.09722222222222222
1 0.376171875 0.45416666666666666 0.13515625 0.17222222222222222
0 0.099609375 0.2881944444444444 0.01796875 0.06527777777777778
0 0.0609375 0.2625 0.01875 0.06388888888888888
0 0.1890625 0.27152777777777776 0.03125 0.06527777777777778
0 0.114453125 0.34791666666666665 0.02421875 0.09305555555555556
0 0.165234375 0.3388888888888889 0.04140625 0.09166666666666666
0 0.285546875 0.5388888888888889 0.04296875 0.15833333333333333
0 0.430078125 0.7895833333333333 0.07734375 0.23472222222222222
0 0.7421875 0.5701388888888889 0.05 0.15694444444444444
