0 0.691796875 0.42083333333333334 0.02109375 0.07222222222222222
0 0.673046875 0.8520833333333333 0.06953125 0.2152777777777778
0 0.604296875 0.54375 0.03828125 0.11805555555555555
0 0.72109375 0.41805555555555557 0.01875 0.06666666666666667
0 0.571875 0.4895833333333333 0.0359375 0.10694444444444444
0 0.744140625 0.3958333333333333 0.01484375 0.06111111111111111
0 0.61953125 0.4222222222222222 0.025 0.06944444444444445
0 0.621875 0.47638888888888886 0.0296875 0.08888888888888889
0 0.0359375 0.7944444444444444 0.071875 0.18888888888888888
0 0.844921875 0.48541666666666666 0.01796875 0.0763888888888889
0 0.823046875 0.49166666666666664 0.02109375 0.07222222222222222
0 0.808203125 0.6131944444444445 0.02890625 0.12916666666666668
0 0.73515625 0.6951388888888889 0.0421875 0.15416666666666667
0 0.712109375 0.6159722222222223 0.03671875 0.12361111111111112
0 0.823046875 0.5597222222222222 0.02421875 0.09444444444444444
1 0.69140625 0.5333333333333333 0.0734375 0.10833333333333334
1 0.7765625 0.47430555555555554 0.0546875 0.08472222222222223
3 0.79296875 0.3819444444444444 0.0640625 0.12222222222222222
