0 0.73046875 0.65625 0.0453125 0.15138888888888888
0 0.4875 0.7840277777777778 0.0828125 0.1986111111111111
0 0.66640625 0.43333333333333335 0.021875 0.06944444444444445
0 0.7078125 0.5048611111111111 0.025 0.11527777777777778
0 0.751953125 0.5145833333333333 0.02734375 0.10972222222222222
0 0.794140625 0.5277777777777778 0.02265625 0.08888888888888889
0 0.615625 0.43194444444444446 0.021875 0.08055555555555556
0 0.80234375 0.48055555555555557 0.0203125 0.06666666666666667
0 0.855078125 0.4597222222222222 0.01171875 0.06111111111111111
0 0.8375 0.44166666666666665 0.0140625 0.04722222222222222
1 0.809375 0.4152777777777778 0.028125 0.058333333333333334
