3 0.26953125 0.23125 0.109375 0.10416666666666667
0 0.183203125 0.47847222222222224 0.02890625 0.1375
0 0.119140625 0.33125 0.01953125 0.09583333333333334
0 0.105078125 0.2798611111111111 0.01640625 0.059722222222222225
0 0.23515625 0.28888888888888886 0.034375 0.075
0 0.262109375 0.25763888888888886 0.02734375 0.05416666666666667
0 0.412109375 0.2590277777777778 0.03203125 0.04583333333333333
0 0.44140625 0.25277777777777777 0.034375 0.05277777777777778
0 0.716796875 0.46805555555555556 0.02734375 0.1111111111111111
0 0.732421875 0.5375 0.02421875 0.14166666666666666
0 0.825390625 0.6583333333333333 0.06484375 0.16944444444444445
1 0.384765625 0.3597222222222222 0.09609375 0.09444444444444444
1 0.15546875 0.2375 0.0328125 0.05
