0 0.275390625 0.4097222222222222 0.06015625 0.18611111111111112
0 0.45078125 0.27847222222222223 0.0484375 0.12083333333333333
0 0.526171875 0.24027777777777778 0.02734375 0.09166666666666666
0 0.478515625 0.16180555555555556 0.04140625 0.0625
0 0.59375 0.3194444444444444 0.03125 0.10277777777777777
0 0.623046875 0.3576388888888889 0.03359375 0.11527777777777778
0 0.65546875 0.45069444444444445 0.0484375 0.14027777777777778
0 0.68203125 0.4791666666666667 0.0359375 0.15555555555555556
0 0.675390625 0.23402777777777778 0.02109375 0.0625
0 0.60859375 0.17708333333333334 0.0125 0.04861111111111111
0 0.590625 0.49722222222222223 0.046875 0.17777777777777778
0 0.630859375 0.18333333333333332 0.01484375 0.05
0 0.6484375 0.18125 0.0125 0.043055555555555555
