0 0.723046875 0.4638888888888889 0.06640625 0.10277777777777777
0 0.33203125 0.8243055555555555 0.0453125 0.2013888888888889
0 0.13671875 0.6986111111111111 0.0859375 0.1361111111111111
0 0.041796875 0.65625 0.08203125 0.12361111111111112
0 0.384375 0.6034722222222222 0.034375 0.1486111111111111
0 0.565625 0.2833333333333333 0.0171875 0.075
0 0.321484375 0.29305555555555557 0.01796875 0.07222222222222222
0 0.448828125 0.7138888888888889 0.05859375 0.15833333333333333
0 0.371875 0.4673611111111111 0.0578125 0.10416666666666667
0 0.278125 0.6138888888888889 0.0625 0.12777777777777777
0 0.62734375 0.3104166666666667 0.0203125 0.07916666666666666
0 0.345703125 0.6569444444444444 0.03515625 0.14722222222222223
0 0.485546875 0.8388888888888889 0.04765625 0.20833333333333334
0 0.285546875 0.3451388888888889 0.02890625 0.09027777777777778
0 0.253515625 0.49375 0.06796875 0.10416666666666667
0 0.74375 0.7270833333333333 0.0453125 0.17083333333333334
0 0.019921875 0.46597222222222223 0.03984375 0.10416666666666667
0 0.332421875 0.4388888888888889 0.04453125 0.1
0 0.59921875 0.3125 0.0171875 0.07222222222222222
0 0.669140625 0.3 0.01953125 0.075
0 0.119140625 0.46805555555555556 0.06015625 0.08888888888888889
0 0.23671875 0.6597222222222222 0.0796875 0.12777777777777777
0 0.217578125 0.47638888888888886 0.05390625 0.08333333333333333
0 0.269140625 0.42569444444444443 0.03828125 0.09305555555555556
0 0.115625 0.5736111111111111 0.0765625 0.1111111111111111
0 0.364453125 0.3111111111111111 0.02421875 0.075
0 0.784765625 0.4618055555555556 0.05546875 0.09583333333333334
0 0.43984375 0.6284722222222222 0.0375 0.12916666666666668
0 0.698046875 0.2861111111111111 0.02265625 0.075
0 0.39296875 0.21666666666666667 0.0140625 0.06111111111111111
0 0.5875 0.2673611111111111 0.0171875 0.0625
1 0.44921875 0.4111111111111111 0.103125 0.10555555555555556
1 0.502734375 0.5784722222222223 0.13203125 0.1763888888888889
0 0.1421875 0.44027777777777777 0.0453125 0.07777777777777778
0 0.19296875 0.4409722222222222 0.0296875 0.07916666666666666
0 0.2125 0.41875 0.0484375 0.07361111111111111
0 0.20234375 0.36666666666666664 0.0359375 0.058333333333333334
