0 0.427734375 0.8798611111111111 0.05546875 0.24027777777777778
0 0.256640625 0.8694444444444445 0.03828125 0.15833333333333333
0 0.320703125 0.6451388888888889 0.03515625 0.09861111111111111
0 0.3640625 0.5465277777777777 0.025 0.07916666666666666
0 0.425390625 0.5666666666666667 0.02734375 0.1111111111111111
0 0.4671875 0.5375 0.028125 0.10555555555555556
0 0.45 0.5013888888888889 0.01875 0.07777777777777778
0 0.449609375 0.4361111111111111 0.01640625 0.05277777777777778
0 0.48671875 0.4111111111111111 0.015625 0.044444444444444446
0 0.45390625 0.3909722222222222 0.0125 0.043055555555555555
