0 0.713671875 0.5104166666666666 0.04140625 0.14305555555555555
0 0.779296875 0.65 0.06328125 0.18333333333333332
0 0.380859375 0.7 0.08203125 0.23333333333333334
0 0.398828125 0.60625 0.05234375 0.18472222222222223
0 0.2671875 0.4930555555555556 0.0484375 0.14166666666666666
0 0.15546875 0.3861111111111111 0.028125 0.09722222222222222
0 0.189453125 0.3909722222222222 0.03046875 0.10138888888888889
0 0.184765625 0.32916666666666666 0.02578125 0.07222222222222222
0 0.129296875 0.29097222222222224 0.01796875 0.07916666666666666
0 0.17734375 0.2298611111111111 0.0140625 0.05694444444444444
1 0.21015625 0.23402777777777778 0.040625 0.05138888888888889
1 0.3203125 0.3194444444444444 0.0671875 0.09166666666666666
