1 0.10625 0.6986111111111111 0.2125 0.5361111111111111
0 0.26328125 0.3645833333333333 0.0546875 0.1763888888888889
0 0.32578125 0.3951388888888889 0.065625 0.1763888888888889
0 0.419921875 0.325 0.03984375 0.1361111111111111
0 0.4234375 0.2659722222222222 0.0328125 0.0875
0 0.497265625 0.30486111111111114 0.03828125 0.12083333333333333
0 0.47890625 0.15555555555555556 0.040625 0.075
0 0.513671875 0.25625 0.03515625 0.10694444444444444
0 0.533203125 0.22777777777777777 0.03046875 0.08055555555555556
0 0.576953125 0.2638888888888889 0.02421875 0.09722222222222222
0 0.469921875 0.6006944444444444 0.07734375 0.2375
0 0.598046875 0.3854166666666667 0.04609375 0.14027777777777778
0 0.6546875 0.45208333333333334 0.0484375 0.1625
0 0.68125 0.48055555555555557 0.0484375 0.16111111111111112
0 0.66328125 0.22777777777777777 0.028125 0.07777777777777778
0 0.605859375 0.19791666666666666 0.02265625 0.06527777777777778
0 0.632421875 0.1763888888888889 0.01796875 0.05277777777777778
