0 0.856640625 0.8965277777777778 0.06015625 0.17916666666666667
0 0.159765625 0.9097222222222222 0.05234375 0.16666666666666666
0 0.180859375 0.5055555555555555 0.02578125 0.12222222222222222
0 0.726171875 0.7145833333333333 0.04296875 0.1486111111111111
0 0.180078125 0.7555555555555555 0.04140625 0.18333333333333332
0 0.088671875 0.5055555555555555 0.03046875 0.11388888888888889
0 0.36796875 0.4625 0.0265625 0.11944444444444445
0 0.516796875 0.4409722222222222 0.02578125 0.11805555555555555
0 0.76015625 0.49583333333333335 0.0359375 0.10833333333333334
0 0.719921875 0.3861111111111111 0.03203125 0.09722222222222222
0 0.688671875 0.33541666666666664 0.02265625 0.08194444444444444
0 0.939453125 0.9069444444444444 0.06328125 0.17222222222222222
0 0.191796875 0.41041666666666665 0.02578125 0.09583333333333334
0 0.50390625 0.32708333333333334 0.0234375 0.07916666666666666
0 0.011328125 0.4895833333333333 0.02109375 0.10972222222222222
0 0.169140625 0.6180555555555556 0.03046875 0.1527777777777778
0 0.602734375 0.28055555555555556 0.01640625 0.07222222222222222
0 0.626171875 0.3951388888888889 0.01796875 0.10138888888888889
0 0.523046875 0.36875 0.02421875 0.0875
0 0.651953125 0.3368055555555556 0.02265625 0.09027777777777778
0 0.36875 0.3680555555555556 0.025 0.1
0 0.61875 0.9513888888888888 0.0453125 0.09722222222222222
0 0.363671875 0.39444444444444443 0.02578125 0.10555555555555556
0 0.35546875 0.3263888888888889 0.025 0.08055555555555556
0 0.933984375 0.7979166666666667 0.06640625 0.1597222222222222
1 0.597265625 0.5083333333333333 0.07734375 0.11666666666666667
1 0.73671875 0.6034722222222222 0.1125 0.14027777777777778
1 0.284375 0.37430555555555556 0.115625 0.12638888888888888
1 0.5640625 0.35347222222222224 0.0515625 0.09861111111111111
3 0.401171875 0.2972222222222222 0.03671875 0.08611111111111111
1 0.451171875 0.21180555555555555 0.03359375 0.07083333333333333
1 0.511328125 0.17152777777777778 0.02578125 0.0625
3 0.428125 0.6034722222222222 0.115625 0.35138888888888886
3 0.548828125 0.25625 0.04609375 0.10138888888888889
3 0.442578125 0.3715277777777778 0.07109375 0.12916666666666668
