0 0.493359375 0.9083333333333333 0.08203125 0.18333333333333332
0 0.316796875 0.9041666666666667 0.06484375 0.19166666666666668
0 0.258984375 0.8743055555555556 0.03984375 0.16527777777777777
0 0.216796875 0.8923611111111112 0.04140625 0.13472222222222222
0 0.5234375 0.55 0.021875 0.10833333333333334
0 0.587890625 0.5868055555555556 0.06171875 0.12083333333333333
0 0.320703125 0.6520833333333333 0.02890625 0.10416666666666667
0 0.3640625 0.5444444444444444 0.0203125 0.075
0 0.5015625 0.5048611111111111 0.0234375 0.0875
0 0.523828125 0.46875 0.02109375 0.07083333333333333
