0 0.83203125 0.4479166666666667 0.0171875 0.059722222222222225
0 0.580078125 0.6729166666666667 0.05859375 0.1736111111111111
0 0.680859375 0.7701388888888889 0.04765625 0.19027777777777777
0 0.808984375 0.5381944444444444 0.02734375 0.10416666666666667
0 0.70703125 0.6145833333333334 0.0359375 0.14583333333333334
0 0.7703125 0.6902777777777778 0.0359375 0.15555555555555556
0 0.2453125 0.5736111111111111 0.065625 0.1361111111111111
0 0.629296875 0.40902777777777777 0.01953125 0.06527777777777778
1 0.76796875 0.4638888888888889 0.0578125 0.08055555555555556
1 0.8109375 0.42083333333333334 0.021875 0.05277777777777778
1 0.790234375 0.4222222222222222 0.02109375 0.03888888888888889
