0 0.659375 0.5472222222222223 0.0671875 0.12222222222222222
0 0.891796875 0.8666666666666667 0.05234375 0.18888888888888888
0 0.2859375 0.3402777777777778 0.0203125 0.09444444444444444
0 0.83828125 0.5569444444444445 0.059375 0.11388888888888889
0 0.322265625 0.3284722222222222 0.01953125 0.09861111111111111
0 0.635546875 0.2569444444444444 0.01640625 0.07222222222222222
0 0.712109375 0.8784722222222222 0.04296875 0.2013888888888889
0 0.23671875 0.36944444444444446 0.0421875 0.08888888888888889
0 0.58828125 0.2326388888888889 0.01875 0.07083333333333333
0 0.55546875 0.2298611111111111 0.015625 0.06805555555555555
0 0.7125 0.37222222222222223 0.0328125 0.09722222222222222
0 0.6765625 0.4618055555555556 0.040625 0.10694444444444444
0 0.40703125 0.3368055555555556 0.0234375 0.08472222222222223
0 0.48984375 0.30069444444444443 0.01875 0.0763888888888889
0 0.16484375 0.3909722222222222 0.0453125 0.08194444444444444
0 0.696875 0.2951388888888889 0.028125 0.07361111111111111
0 0.080078125 0.36527777777777776 0.04921875 0.06666666666666667
0 0.37109375 0.3013888888888889 0.021875 0.08055555555555556
0 0.424609375 0.2833333333333333 0.01484375 0.075
0 0.98671875 0.9388888888888889 0.025 0.12222222222222222
0 0.809765625 0.42430555555555555 0.03046875 0.09027777777777778
0 0.348046875 0.30833333333333335 0.01640625 0.075
1 0.45703125 0.28194444444444444 0.034375 0.09166666666666666
