0 0.58125 0.8506944444444444 0.0578125 0.18194444444444444
0 0.76171875 0.7993055555555556 0.0453125 0.18194444444444444
0 0.69765625 0.6277777777777778 0.0375 0.1388888888888889
0 0.84609375 0.6152777777777778 0.0296875 0.1111111111111111
0 0.7359375 0.5458333333333333 0.0296875 0.09722222222222222
0 0.832421875 0.51875 0.01953125 0.07361111111111111
0 0.88515625 0.6979166666666666 0.0359375 0.13472222222222222
0 0.812890625 0.5638888888888889 0.02421875 0.08888888888888889
0 0.77421875 0.5465277777777777 0.021875 0.09027777777777778
0 0.306640625 0.7284722222222222 0.08515625 0.17083333333333334
0 0.800390625 0.64375 0.03359375 0.12083333333333333
0 0.748828125 0.6006944444444444 0.03359375 0.12361111111111112
0 0.734765625 0.7277777777777777 0.03515625 0.15833333333333333
1 0.5578125 0.6736111111111112 0.1578125 0.18055555555555555
3 0.7109375 0.41041666666666665 0.1453125 0.2013888888888889
0 0.880859375 0.5055555555555555 0.01796875 0.08333333333333333
0 0.86171875 0.5027777777777778 0.015625 0.07222222222222222
0 0.8140625 0.48333333333333334 0.015625 0.06388888888888888
0 0.7703125 0.4861111111111111 0.0234375 0.075
0 0.7953125 0.4638888888888889 0.0140625 0.06944444444444445
0 0.315234375 0.6055555555555555 0.16015625 0.19444444444444445
