0 0.55390625 0.5875 0.028125 0.12777777777777777
0 0.624609375 0.8784722222222222 0.04140625 0.2152777777777778
0 0.25859375 0.8666666666666667 0.034375 0.1388888888888889
0 0.31796875 0.6416666666666667 0.025 0.08888888888888889
0 0.362890625 0.5458333333333333 0.01796875 0.07222222222222222
0 0.5046875 0.5354166666666667 0.0171875 0.08472222222222223
0 0.601171875 0.5791666666666667 0.04921875 0.10555555555555556
0 0.480859375 0.44375 0.02578125 0.04583333333333333
0 0.50078125 0.42777777777777776 0.0109375 0.044444444444444446
0 0.445703125 0.42083333333333334 0.01015625 0.041666666666666664
