0 0.600390625 0.8868055555555555 0.06796875 0.2263888888888889
0 0.39765625 0.7416666666666667 0.0375 0.175
0 0.259765625 0.8715277777777778 0.03828125 0.15138888888888888
0 0.319921875 0.6513888888888889 0.02890625 0.1111111111111111
0 0.41328125 0.5576388888888889 0.021875 0.12083333333333333
0 0.362890625 0.5472222222222223 0.02265625 0.08333333333333333
0 0.446875 0.5256944444444445 0.01875 0.08472222222222223
0 0.54140625 0.5631944444444444 0.0265625 0.10694444444444444
0 0.467578125 0.47847222222222224 0.01796875 0.06527777777777778
0 0.515234375 0.46319444444444446 0.01796875 0.06805555555555555
