0 0.0796875 0.8513888888888889 0.0515625 0.2222222222222222
0 0.854296875 0.76875 0.04609375 0.18472222222222223
0 0.541796875 0.4215277777777778 0.02421875 0.10138888888888889
0 0.25078125 0.7951388888888888 0.04375 0.19027777777777777
0 0.3609375 0.3993055555555556 0.025 0.10416666666666667
0 0.784765625 0.7590277777777777 0.04765625 0.16805555555555557
0 0.3390625 0.7402777777777778 0.0421875 0.19166666666666668
0 0.91796875 0.7256944444444444 0.046875 0.1375
0 0.26171875 0.6159722222222223 0.0328125 0.15416666666666667
0 0.808203125 0.5743055555555555 0.03984375 0.11527777777777778
0 0.2125 0.5861111111111111 0.03125 0.1361111111111111
0 0.275 0.4930555555555556 0.025 0.12222222222222222
0 0.637890625 0.4375 0.02734375 0.10277777777777777
0 0.899609375 0.6006944444444444 0.03359375 0.11805555555555555
0 0.658203125 0.3819444444444444 0.02578125 0.09444444444444444
0 0.60703125 0.43819444444444444 0.0234375 0.09861111111111111
0 0.759765625 0.6340277777777777 0.03203125 0.14027777777777778
0 0.16640625 0.7013888888888888 0.0453125 0.17222222222222222
0 0.198046875 0.7555555555555555 0.04296875 0.18888888888888888
0 0.226953125 0.49444444444444446 0.02890625 0.11666666666666667
0 0.814453125 0.4527777777777778 0.05078125 0.09722222222222222
0 0.5265625 0.2548611111111111 0.0234375 0.06527777777777778
0 0.5890625 0.30972222222222223 0.025 0.06666666666666667
0 0.705078125 0.42291666666666666 0.03671875 0.09583333333333334
0 0.346484375 0.2986111111111111 0.02265625 0.06666666666666667
0 0.634765625 0.25416666666666665 0.01640625 0.06111111111111111
0 0.683203125 0.425 0.03046875 0.08888888888888889
0 0.37734375 0.3277777777777778 0.0203125 0.08333333333333333
0 0.808203125 0.6729166666666667 0.03515625 0.12361111111111112
0 0.6203125 0.3416666666666667 0.021875 0.075
0 0.759375 0.4895833333333333 0.034375 0.10138888888888889
1 0.58125 0.38472222222222224 0.0546875 0.1
1 0.3 0.36875 0.1 0.09583333333333334
1 0.422265625 0.40902777777777777 0.06015625 0.11527777777777778
1 0.43359375 0.71875 0.1015625 0.2791666666666667
1 0.541015625 0.6430555555555556 0.11328125 0.21388888888888888
1 0.729296875 0.8916666666666667 0.14140625 0.21388888888888888
1 0.510546875 0.19722222222222222 0.02109375 0.058333333333333334
1 0.460546875 0.2833333333333333 0.04140625 0.09444444444444444
1 0.426171875 0.16875 0.02109375 0.05416666666666667
2 0.5734375 0.2111111111111111 0.0484375 0.09722222222222222
3 0.688671875 0.58125 0.11171875 0.24583333333333332
1 0.460546875 0.2833333333333333 0.04140625 0.09444444444444444
0 0.837109375 0.6236111111111111 0.02265625 0.10833333333333334
