0 0.40703125 0.3458333333333333 0.046875 0.15555555555555556
0 0.449609375 0.29305555555555557 0.03203125 0.11388888888888889
0 0.537109375 0.26458333333333334 0.02578125 0.09583333333333334
0 0.539453125 0.22569444444444445 0.02734375 0.08194444444444444
0 0.478125 0.15763888888888888 0.040625 0.05694444444444444
0 0.465234375 0.5291666666666667 0.07421875 0.21666666666666667
0 0.12421875 0.8965277777777778 0.171875 0.20416666666666666
0 0.65078125 0.45208333333333334 0.040625 0.14583333333333334
0 0.678515625 0.47708333333333336 0.03671875 0.1486111111111111
0 0.664453125 0.30486111111111114 0.02109375 0.09583333333333334
0 0.57734375 0.20833333333333334 0.01875 0.06666666666666667
0 0.60703125 0.21180555555555555 0.0234375 0.06527777777777778
0 0.630078125 0.19791666666666666 0.01484375 0.05138888888888889
0 0.688671875 0.2326388888888889 0.01484375 0.05416666666666667
