0 0.494140625 0.25 0.02578125 0.08888888888888889
0 0.509375 0.5006944444444444 0.0578125 0.20416666666666666
0 0.55703125 0.6527777777777778 0.075 0.2388888888888889
0 0.615234375 0.35625 0.03671875 0.12361111111111112
0 0.654296875 0.2847222222222222 0.02578125 0.08888888888888889
0 0.673828125 0.27152777777777776 0.01953125 0.07361111111111111
0 0.6375 0.26180555555555557 0.021875 0.07916666666666666
0 0.608984375 0.28680555555555554 0.02578125 0.09027777777777778
0 0.580859375 0.25625 0.02109375 0.08472222222222223
0 0.56171875 0.20902777777777778 0.0265625 0.07361111111111111
1 0.41328125 0.36319444444444443 0.146875 0.18194444444444444
0 0.567578125 0.22847222222222222 0.02109375 0.09583333333333334
0 0.61796875 0.18958333333333333 0.015625 0.05694444444444444
0 0.596875 0.2125 0.01875 0.06388888888888888
0 0.6015625 0.17777777777777778 0.0171875 0.05277777777777778
1 0.65859375 0.17847222222222223 0.0265625 0.04583333333333333
0 0.662109375 0.2222222222222222 0.01640625 0.06944444444444445
0 0.684765625 0.23958333333333334 0.01484375 0.059722222222222225
