1 0.351171875 0.5131944444444444 0.14453125 0.22361111111111112
2 0.266015625 0.23055555555555557 0.11484375 0.10277777777777777
3 0.156640625 0.22291666666666668 0.03671875 0.07083333333333333
0 0.126953125 0.3416666666666667 0.01953125 0.08055555555555556
0 0.151171875 0.2833333333333333 0.01484375 0.04722222222222222
0 0.156640625 0.32222222222222224 0.02109375 0.07777777777777778
0 0.188671875 0.3055555555555556 0.02421875 0.07777777777777778
0 0.196875 0.38263888888888886 0.021875 0.10694444444444444
0 0.43515625 0.24861111111111112 0.0265625 0.058333333333333334
0 0.483203125 0.2701388888888889 0.03828125 0.059722222222222225
