0 0.9078125 0.7006944444444444 0.040625 0.15138888888888888
0 0.667578125 0.5340277777777778 0.05703125 0.1125
0 0.48671875 0.35208333333333336 0.01875 0.09583333333333334
0 0.2375 0.39305555555555555 0.0296875 0.09722222222222222
0 0.2609375 0.6430555555555556 0.03125 0.15833333333333333
0 0.588671875 0.44027777777777777 0.03046875 0.10555555555555556
0 0.6265625 0.4236111111111111 0.021875 0.10555555555555556
0 0.56484375 0.32916666666666666 0.01875 0.08888888888888889
0 0.68359375 0.8826388888888889 0.075 0.19583333333333333
0 0.27109375 0.41180555555555554 0.0234375 0.10694444444444444
0 0.296875 0.46319444444444446 0.028125 0.11527777777777778
0 0.738671875 0.5583333333333333 0.03203125 0.12777777777777777
0 0.652734375 0.39444444444444443 0.02421875 0.10277777777777777
0 0.333203125 0.28194444444444444 0.01953125 0.07222222222222222
0 0.603125 0.7951388888888888 0.053125 0.1597222222222222
0 0.5203125 0.32430555555555557 0.0234375 0.08194444444444444
0 0.78671875 0.5180555555555556 0.0296875 0.11388888888888889
0 0.30078125 0.3645833333333333 0.01875 0.09305555555555556
0 0.40625 0.3506944444444444 0.025 0.09305555555555556
0 0.69765625 0.4895833333333333 0.03125 0.10694444444444444
0 0.72265625 0.8243055555555555 0.0546875 0.20416666666666666
0 0.55 0.7444444444444445 0.05 0.16666666666666666
0 0.628125 0.9208333333333333 0.065625 0.14444444444444443
0 0.715234375 0.4111111111111111 0.03046875 0.09722222222222222
0 0.60703125 0.38263888888888886 0.021875 0.09583333333333334
0 0.590625 0.325 0.0171875 0.08055555555555556
0 0.7046875 0.34930555555555554 0.0265625 0.08472222222222223
0 0.565234375 0.9215277777777777 0.05234375 0.14583333333333334
0 0.67734375 0.3416666666666667 0.021875 0.08333333333333333
0 0.08125 0.36527777777777776 0.05 0.06666666666666667
0 0.809375 0.4236111111111111 0.028125 0.08333333333333333
1 0.35625 0.3590277777777778 0.053125 0.12083333333333333
1 0.520703125 0.20347222222222222 0.03203125 0.059722222222222225
1 0.556640625 0.6138888888888889 0.09296875 0.19166666666666668
1 0.44375 0.37916666666666665 0.0421875 0.12777777777777777
2 0.387109375 0.23055555555555557 0.06640625 0.11388888888888889
3 0.387109375 0.6736111111111112 0.13984375 0.40555555555555556
3 0.44140625 0.2673611111111111 0.0453125 0.11805555555555555
