2 0.69765625 0.6388888888888888 0.16875 0.2833333333333333
1 0.425390625 0.6381944444444444 0.12578125 0.1597222222222222
1 0.21171875 0.8631944444444445 0.14375 0.24027777777777778
3 0.117578125 0.6527777777777778 0.14296875 0.29444444444444445
0 0.42265625 0.42777777777777776 0.0390625 0.08888888888888889
0 0.831640625 0.45555555555555555 0.03984375 0.10833333333333334
0 0.8984375 0.48541666666666666 0.0328125 0.11527777777777778
3 0.596875 0.3729166666666667 0.1109375 0.17916666666666667
2 0.496484375 0.30486111111111114 0.05546875 0.09861111111111111
3 0.34140625 0.36319444444444443 0.053125 0.1486111111111111
2 0.298828125 0.3284722222222222 0.05703125 0.14305555555555555
3 0.36875 0.28194444444444444 0.0390625 0.07777777777777778
0 0.62890625 0.28055555555555556 0.0171875 0.05555555555555555
0 0.596875 0.2548611111111111 0.0125 0.04861111111111111
