0 0.690625 0.7298611111111111 0.0546875 0.19027777777777777
0 0.057421875 0.725 0.08984375 0.17777777777777778
0 0.82890625 0.46597222222222223 0.0203125 0.0763888888888889
0 0.80078125 0.4875 0.021875 0.08333333333333333
0 0.21328125 0.5861111111111111 0.065625 0.13333333333333333
0 0.6296875 0.4083333333333333 0.0203125 0.06388888888888888
0 0.855859375 0.4361111111111111 0.01328125 0.04722222222222222
1 0.76796875 0.4625 0.0546875 0.08333333333333333
1 0.80625 0.4131944444444444 0.0265625 0.04861111111111111
3 0.8265625 0.36875 0.04375 0.0875
