0 0.642578125 0.8340277777777778 0.06796875 0.2263888888888889
0 0.25859375 0.6375 0.0859375 0.18888888888888888
0 0.70390625 0.4375 0.021875 0.08055555555555556
0 0.823046875 0.6555555555555556 0.04609375 0.1361111111111111
0 0.753515625 0.5333333333333333 0.03046875 0.10555555555555556
0 0.54609375 0.5548611111111111 0.0515625 0.14305555555555555
0 0.728125 0.4986111111111111 0.0375 0.10555555555555556
0 0.612109375 0.7173611111111111 0.05234375 0.18472222222222223
0 0.353125 0.8819444444444444 0.1078125 0.21944444444444444
0 0.825 0.5034722222222222 0.01875 0.07361111111111111
0 0.5625 0.4701388888888889 0.034375 0.08194444444444444
0 0.622265625 0.45416666666666666 0.02890625 0.08888888888888889
0 0.737109375 0.3902777777777778 0.01796875 0.05277777777777778
0 0.774609375 0.5083333333333333 0.02109375 0.08888888888888889
0 0.78984375 0.5756944444444444 0.0296875 0.1125
0 0.83984375 0.4930555555555556 0.01875 0.07222222222222222
0 0.801171875 0.5069444444444444 0.02265625 0.07777777777777778
0 0.803125 0.8458333333333333 0.11875 0.20555555555555555
1 0.791796875 0.42291666666666666 0.03515625 0.05416666666666667
