0 0.587890625 0.7381944444444445 0.06328125 0.2013888888888889
0 0.7140625 0.48194444444444445 0.0234375 0.09166666666666666
0 0.432421875 0.5347222222222222 0.04921875 0.11666666666666667
0 0.720703125 0.6416666666666667 0.03828125 0.14444444444444443
0 0.596875 0.5472222222222223 0.040625 0.125
0 0.630859375 0.4895833333333333 0.02109375 0.08472222222222223
0 0.5640625 0.4736111111111111 0.034375 0.09166666666666666
0 0.516796875 0.6020833333333333 0.05390625 0.15694444444444444
0 0.67109375 0.4756944444444444 0.025 0.0875
0 0.693359375 0.4326388888888889 0.01796875 0.07361111111111111
0 0.79765625 0.5597222222222222 0.028125 0.10277777777777777
0 0.838671875 0.49722222222222223 0.01328125 0.06388888888888888
0 0.809375 0.6472222222222223 0.03125 0.14166666666666666
0 0.769921875 0.5013888888888889 0.01953125 0.08888888888888889
0 0.746875 0.5319444444444444 0.0265625 0.09722222222222222
0 0.51796875 0.5055555555555555 0.0328125 0.09166666666666666
0 0.82109375 0.5027777777777778 0.01875 0.07777777777777778
0 0.726171875 0.42430555555555555 0.01484375 0.0625
0 0.854296875 0.49027777777777776 0.01640625 0.06944444444444445
0 0.653515625 0.44930555555555557 0.01953125 0.08194444444444444
3 0.76796875 0.38055555555555554 0.0515625 0.09166666666666666
3 0.814453125 0.37916666666666665 0.05390625 0.10833333333333334
1 0.762890625 0.46319444444444446 0.04609375 0.07083333333333333
1 0.79921875 0.4409722222222222 0.03125 0.0625
0 0.709375 0.42430555555555555 0.0125 0.05694444444444444
