0 0.293359375 0.7965277777777777 0.04296875 0.2013888888888889
0 0.34609375 0.5618055555555556 0.040625 0.14027777777777778
0 0.03515625 0.8805555555555555 0.0625 0.20277777777777778
0 0.11796875 0.7 0.0390625 0.175
0 0.129296875 0.8666666666666667 0.05078125 0.19444444444444445
0 0.8453125 0.6333333333333333 0.0359375 0.1361111111111111
0 0.870703125 0.7388888888888889 0.04609375 0.1388888888888889
0 0.3484375 0.35138888888888886 0.0203125 0.09166666666666666
0 0.309765625 0.3145833333333333 0.01796875 0.08194444444444444
0 0.266015625 0.6416666666666667 0.03828125 0.1638888888888889
0 0.80078125 0.5625 0.0328125 0.12222222222222222
0 0.50859375 0.6131944444444445 0.0328125 0.15138888888888888
0 0.339453125 0.47847222222222224 0.04296875 0.09861111111111111
0 0.40703125 0.25416666666666665 0.0171875 0.07777777777777778
0 0.900390625 0.6458333333333334 0.04453125 0.1361111111111111
0 0.07421875 0.39305555555555555 0.078125 0.1
0 0.909765625 0.49375 0.07734375 0.10138888888888889
0 0.82265625 0.5194444444444445 0.028125 0.10555555555555556
0 0.9640625 0.8236111111111111 0.0515625 0.1638888888888889
0 0.5078125 0.49166666666666664 0.025 0.11388888888888889
0 0.197265625 0.9555555555555556 0.05859375 0.08888888888888889
0 0.770703125 0.44166666666666665 0.03046875 0.09722222222222222
0 0.0109375 0.33958333333333335 0.01875 0.08472222222222223
0 0.81328125 0.4354166666666667 0.0328125 0.07916666666666666
1 0.59765625 0.2548611111111111 0.1015625 0.10972222222222222
1 0.520703125 0.24027777777777778 0.03828125 0.07222222222222222
1 0.453515625 0.20208333333333334 0.02890625 0.06527777777777778
3 0.565234375 0.3951388888888889 0.08671875 0.2125
3 0.709765625 0.7791666666666667 0.27109375 0.44166666666666665
3 0.430859375 0.14583333333333334 0.02734375 0.06388888888888888
1 0.919140625 0.93125 0.16171875 0.1375
2 0.684765625 0.4361111111111111 0.14296875 0.25833333333333336
3 0.45390625 0.29375 0.046875 0.1375
