0 0.41796875 0.7319444444444444 0.0390625 0.16666666666666666
0 0.566796875 0.6944444444444444 0.03984375 0.15555555555555556
0 0.62109375 0.8930555555555556 0.059375 0.21388888888888888
0 0.4546875 0.6041666666666666 0.0328125 0.125
0 0.25546875 0.8680555555555556 0.04375 0.14166666666666666
0 0.576953125 0.5541666666666667 0.02890625 0.075
0 0.599609375 0.5534722222222223 0.02109375 0.07916666666666666
0 0.3234375 0.6409722222222223 0.0359375 0.10138888888888889
0 0.3640625 0.5451388888888888 0.01875 0.06805555555555555
0 0.451953125 0.4909722222222222 0.02421875 0.0875
0 0.51171875 0.46319444444444446 0.0171875 0.059722222222222225
0 0.459765625 0.4097222222222222 0.01328125 0.03888888888888889
1 0.436328125 0.43680555555555556 0.03828125 0.06527777777777778
