0 0.3390625 0.3486111111111111 0.0546875 0.15555555555555556
0 0.48359375 0.30625 0.0359375 0.11805555555555555
0 0.505078125 0.2388888888888889 0.02578125 0.08888888888888889
0 0.55 0.24583333333333332 0.025 0.09166666666666666
0 0.5515625 0.2986111111111111 0.028125 0.10555555555555556
0 0.58046875 0.3645833333333333 0.0390625 0.13194444444444445
0 0.6375 0.4236111111111111 0.04375 0.1527777777777778
0 0.63671875 0.2986111111111111 0.0265625 0.09444444444444444
1 0.167578125 0.6118055555555556 0.28828125 0.3763888888888889
0 0.587109375 0.20208333333333334 0.01796875 0.06527777777777778
0 0.602734375 0.17569444444444443 0.01484375 0.05416666666666667
0 0.62890625 0.18541666666666667 0.0140625 0.05138888888888889
0 0.663671875 0.26319444444444445 0.02109375 0.07916666666666666
0 0.63125 0.25416666666666665 0.0203125 0.06944444444444445
0 0.681640625 0.25416666666666665 0.01484375 0.06388888888888888
1 0.650390625 0.18472222222222223 0.03515625 0.05
