0 0.6328125 0.7368055555555556 0.0515625 0.19583333333333333
0 0.602734375 0.4548611111111111 0.03046875 0.10138888888888889
0 0.1609375 0.7055555555555556 0.0984375 0.20555555555555555
0 0.787109375 0.6902777777777778 0.04765625 0.16944444444444445
0 0.8375 0.4895833333333333 0.0171875 0.07361111111111111
0 0.375390625 0.6611111111111111 0.07734375 0.18888888888888888
0 0.792578125 0.5215277777777778 0.02421875 0.09027777777777778
0 0.51171875 0.5097222222222222 0.04375 0.1361111111111111
0 0.65625 0.44722222222222224 0.025 0.08333333333333333
0 0.693359375 0.4215277777777778 0.01953125 0.07083333333333333
0 0.8234375 0.6006944444444444 0.0296875 0.11527777777777778
0 0.31328125 0.55 0.06875 0.14166666666666666
0 0.430078125 0.5680555555555555 0.05546875 0.14166666666666666
0 0.775390625 0.5458333333333333 0.02578125 0.10277777777777777
0 0.826953125 0.5118055555555555 0.02109375 0.07361111111111111
0 0.8171875 0.48055555555555557 0.0171875 0.06944444444444445
1 0.70234375 0.5555555555555556 0.0953125 0.12222222222222222
3 0.743359375 0.43125 0.09453125 0.16805555555555557
0 0.3796875 0.5590277777777778 0.0609375 0.13194444444444445
0 0.5578125 0.42430555555555555 0.0390625 0.05694444444444444
0 0.938671875 0.8916666666666667 0.08203125 0.1
0 0.9171875 0.8361111111111111 0.05625 0.09722222222222222
0 0.598046875 0.6270833333333333 0.12734375 0.1875
