0 0.66328125 0.49930555555555556 0.03125 0.1375
0 0.269921875 0.15138888888888888 0.03046875 0.06666666666666667
0 0.36875 0.27708333333333335 0.0515625 0.11805555555555555
0 0.405859375 0.2659722222222222 0.03984375 0.10972222222222222
0 0.532421875 0.48333333333333334 0.05546875 0.19444444444444445
0 0.098828125 0.6451388888888889 0.11171875 0.2902777777777778
0 0.11171875 0.5048611111111111 0.1015625 0.1875
0 0.65234375 0.28958333333333336 0.0265625 0.09861111111111111
0 0.694140625 0.29930555555555555 0.02109375 0.08194444444444444
0 0.58046875 0.17569444444444443 0.0171875 0.0763888888888889
