0 0.321875 0.3506944444444444 0.0546875 0.12916666666666668
0 0.304296875 0.4534722222222222 0.07734375 0.20694444444444443
0 0.390625 0.6819444444444445 0.0984375 0.2638888888888889
0 0.4421875 0.34791666666666665 0.0453125 0.14305555555555555
0 0.488671875 0.2388888888888889 0.02578125 0.08611111111111111
0 0.540234375 0.3888888888888889 0.04296875 0.1527777777777778
0 0.55234375 0.2590277777777778 0.025 0.09027777777777778
0 0.53984375 0.2361111111111111 0.0265625 0.07777777777777778
0 0.616015625 0.3215277777777778 0.03359375 0.10694444444444444
0 0.643359375 0.3701388888888889 0.03359375 0.10972222222222222
0 0.641796875 0.23680555555555555 0.02109375 0.07361111111111111
0 0.671875 0.26666666666666666 0.021875 0.07222222222222222
