0 0.2296875 0.7159722222222222 0.046875 0.1875
0 0.878515625 0.86875 0.06171875 0.16805555555555557
0 0.955859375 0.74375 0.03984375 0.15138888888888888
0 0.26796875 0.6159722222222223 0.028125 0.14305555555555555
0 0.184375 0.6465277777777778 0.0375 0.1625
0 0.832421875 0.6576388888888889 0.04765625 0.15138888888888888
0 0.30625 0.5444444444444444 0.025 0.1361111111111111
0 0.28984375 0.4201388888888889 0.021875 0.10694444444444444
0 0.75390625 0.5354166666666667 0.034375 0.12083333333333333
0 0.411328125 0.7381944444444445 0.04609375 0.16805555555555557
0 0.204296875 0.3854166666666667 0.04609375 0.09027777777777778
0 0.78203125 0.6888888888888889 0.0390625 0.15833333333333333
0 0.57265625 0.35 0.0203125 0.08611111111111111
0 0.2265625 0.5326388888888889 0.0296875 0.12916666666666668
0 0.580859375 0.26944444444444443 0.01484375 0.06944444444444445
0 0.371875 0.4756944444444444 0.0234375 0.11805555555555555
0 0.893359375 0.7680555555555556 0.04765625 0.15
0 0.66484375 0.3298611111111111 0.021875 0.07916666666666666
0 0.283984375 0.3541666666666667 0.02890625 0.08611111111111111
0 0.591015625 0.425 0.02578125 0.09722222222222222
0 0.2390625 0.3423611111111111 0.034375 0.08472222222222223
0 0.26796875 0.5208333333333334 0.0265625 0.12777777777777777
0 0.784375 0.46875 0.0265625 0.10694444444444444
0 0.7265625 0.5881944444444445 0.0328125 0.1375
0 0.527734375 0.3861111111111111 0.03984375 0.08055555555555556
0 0.6375 0.4527777777777778 0.025 0.10555555555555556
0 0.337890625 0.39444444444444443 0.02734375 0.09166666666666666
0 0.3546875 0.4097222222222222 0.025 0.09722222222222222
0 0.688671875 0.4895833333333333 0.02578125 0.10972222222222222
0 0.025 0.4125 0.05 0.08333333333333333
0 0.418359375 0.36944444444444446 0.01796875 0.08888888888888889
0 0.708203125 0.4097222222222222 0.02890625 0.09166666666666666
0 0.63671875 0.25625 0.0140625 0.0625
0 0.9859375 0.9354166666666667 0.0265625 0.12638888888888888
0 0.081640625 0.3659722222222222 0.05546875 0.07361111111111111
0 0.384375 0.325 0.0171875 0.07777777777777778
0 0.346875 0.2569444444444444 0.015625 0.06944444444444445
0 0.412109375 0.29930555555555555 0.01640625 0.06805555555555555
0 0.39921875 0.39166666666666666 0.021875 0.09444444444444444
0 0.558203125 0.31180555555555556 0.01640625 0.0763888888888889
0 0.60546875 0.35347222222222224 0.021875 0.08194444444444444
0 0.732421875 0.45208333333333334 0.03359375 0.09027777777777778
0 0.041796875 0.9493055555555555 0.05546875 0.09305555555555556
0 0.816796875 0.6034722222222222 0.04296875 0.1375
0 0.682421875 0.3958333333333333 0.02578125 0.09722222222222222
0 0.8140625 0.4361111111111111 0.028125 0.08888888888888889
0 0.3875 0.25555555555555554 0.015625 0.06111111111111111
0 0.612890625 0.29583333333333334 0.01328125 0.07222222222222222
0 0.641015625 0.40694444444444444 0.02578125 0.1
0 0.698828125 0.2965277777777778 0.03203125 0.06527777777777778
0 0.75234375 0.4111111111111111 0.034375 0.09444444444444444
0 0.308203125 0.325 0.01953125 0.075
1 0.462109375 0.4222222222222222 0.05390625 0.10833333333333334
1 0.450390625 0.3229166666666667 0.03515625 0.08472222222222223
1 0.45078125 0.2513888888888889 0.03125 0.075
1 0.323046875 0.17222222222222222 0.03515625 0.06388888888888888
1 0.02578125 0.41805555555555557 0.0515625 0.08055555555555556
3 0.640625 0.6444444444444445 0.1328125 0.29444444444444445
