0 0.359375 0.8006944444444445 0.0625 0.24861111111111112
0 0.42421875 0.6958333333333333 0.06875 0.21944444444444444
0 0.301953125 0.5534722222222223 0.05234375 0.16805555555555557
0 0.119921875 0.33958333333333335 0.02109375 0.09305555555555556
0 0.119140625 0.29444444444444445 0.02109375 0.07777777777777778
0 0.0953125 0.2548611111111111 0.0140625 0.059722222222222225
1 0.199609375 0.35694444444444445 0.07265625 0.10277777777777777
1 0.28984375 0.3527777777777778 0.075 0.10277777777777777
3 0.373046875 0.24097222222222223 0.08046875 0.0875
3 0.42421875 0.4576388888888889 0.1625 0.26805555555555555
