0 0.510546875 0.9041666666666667 0.07578125 0.19166666666666668
0 0.548046875 0.7479166666666667 0.04296875 0.1486111111111111
0 0.55078125 0.6569444444444444 0.028125 0.08055555555555556
0 0.51875 0.5590277777777778 0.0203125 0.09027777777777778
0 0.54765625 0.5854166666666667 0.0265625 0.0625
0 0.5765625 0.5506944444444445 0.0203125 0.0625
0 0.53359375 0.4826388888888889 0.01875 0.059722222222222225
0 0.52890625 0.5263888888888889 0.0140625 0.058333333333333334
0 0.491015625 0.46875 0.01484375 0.05694444444444444
0 0.4671875 0.44930555555555557 0.0140625 0.05138888888888889
0 0.4484375 0.4166666666666667 0.009375 0.03888888888888889
0 0.5140625 0.44930555555555557 0.0140625 0.05416666666666667
0 0.487890625 0.40902777777777777 0.01328125 0.04583333333333333
0 0.258203125 0.8583333333333333 0.03984375 0.13055555555555556
0 0.321484375 0.6430555555555556 0.03046875 0.09166666666666666
0 0.36328125 0.5513888888888889 0.025 0.08055555555555556
