0 0.26875 0.6027777777777777 0.0765625 0.17222222222222222
0 0.846484375 0.49444444444444446 0.01796875 0.07222222222222222
0 0.667578125 0.40902777777777777 0.02265625 0.07361111111111111
0 0.369921875 0.6722222222222223 0.07890625 0.18055555555555555
0 0.135546875 0.7020833333333333 0.09140625 0.18472222222222223
0 0.635546875 0.43333333333333335 0.02265625 0.08055555555555556
0 0.251953125 0.8243055555555555 0.09140625 0.19027777777777777
0 0.587890625 0.5173611111111112 0.03984375 0.11805555555555555
0 0.836328125 0.5465277777777777 0.02109375 0.09305555555555556
0 0.81796875 0.5208333333333334 0.0234375 0.09166666666666666
0 0.51953125 0.5430555555555555 0.05 0.12777777777777777
0 0.730859375 0.5506944444444445 0.03671875 0.12083333333333333
0 0.774609375 0.5368055555555555 0.02734375 0.10694444444444444
0 0.61875 0.4597222222222222 0.028125 0.08888888888888889
0 0.43203125 0.6013888888888889 0.0671875 0.16111111111111112
0 0.53984375 0.49027777777777776 0.0265625 0.08888888888888889
3 0.7171875 0.4097222222222222 0.0671875 0.11666666666666667
3 0.81484375 0.3798611111111111 0.053125 0.10694444444444444
0 0.376953125 0.5652777777777778 0.05390625 0.12222222222222222
1 0.76484375 0.46319444444444446 0.0453125 0.07083333333333333
1 0.8 0.44027777777777777 0.0328125 0.06666666666666667
0 0.82890625 0.4548611111111111 0.0140625 0.0625
0 0.766796875 0.4048611111111111 0.01328125 0.04583333333333333
