0 0.11171875 0.76875 0.0484375 0.1986111111111111
0 0.25390625 0.9097222222222222 0.0546875 0.17222222222222222
0 0.3921875 0.8930555555555556 0.0453125 0.18611111111111112
0 0.360546875 0.7006944444444444 0.03515625 0.18472222222222223
0 0.144921875 0.6020833333333333 0.03203125 0.15694444444444444
0 0.409375 0.37083333333333335 0.0203125 0.10555555555555556
0 0.471875 0.5027777777777778 0.028125 0.13333333333333333
0 0.275 0.5763888888888888 0.034375 0.16111111111111112
0 0.25390625 0.3645833333333333 0.034375 0.09027777777777778
0 0.20390625 0.7951388888888888 0.04375 0.2013888888888889
0 0.3828125 0.5041666666666667 0.028125 0.13333333333333333
0 0.33046875 0.5493055555555556 0.028125 0.1486111111111111
0 0.462109375 0.6145833333333334 0.03828125 0.14583333333333334
0 0.195703125 0.6 0.03671875 0.15
0 0.4109375 0.6618055555555555 0.0328125 0.16805555555555557
0 0.84921875 0.6881944444444444 0.0390625 0.1597222222222222
0 0.59921875 0.28680555555555554 0.015625 0.07361111111111111
0 0.7203125 0.44930555555555557 0.0265625 0.09861111111111111
0 0.306640625 0.5236111111111111 0.02578125 0.1361111111111111
0 0.542578125 0.3715277777777778 0.03203125 0.09027777777777778
0 0.580078125 0.40902777777777777 0.04453125 0.09305555555555556
0 0.08046875 0.36527777777777776 0.053125 0.075
0 0.368359375 0.41875 0.02265625 0.10416666666666667
0 0.68359375 0.4548611111111111 0.0296875 0.11527777777777778
0 0.855078125 0.5881944444444445 0.03671875 0.12361111111111112
0 0.759375 0.4375 0.0296875 0.09722222222222222
0 0.6453125 0.39305555555555555 0.0203125 0.09722222222222222
0 0.296875 0.4048611111111111 0.03125 0.10694444444444444
0 0.739453125 0.5201388888888889 0.03828125 0.09861111111111111
0 0.341015625 0.49166666666666664 0.02890625 0.125
0 0.010546875 0.3958333333333333 0.02265625 0.09444444444444444
0 0.376953125 0.3125 0.02109375 0.07777777777777778
0 0.60234375 0.38055555555555554 0.021875 0.09722222222222222
0 0.625 0.3388888888888889 0.0203125 0.08888888888888889
0 0.901953125 0.4777777777777778 0.02890625 0.09444444444444444
0 0.81328125 0.4354166666666667 0.03125 0.09027777777777778
0 0.336328125 0.40694444444444444 0.02109375 0.09722222222222222
0 0.314453125 0.3111111111111111 0.02578125 0.06944444444444445
0 0.259375 0.5340277777777778 0.0359375 0.13472222222222222
0 0.581640625 0.2263888888888889 0.01953125 0.05555555555555555
0 0.3390625 0.33819444444444446 0.01875 0.07916666666666666
0 0.353515625 0.3659722222222222 0.02265625 0.08472222222222223
1 0.60546875 0.5305555555555556 0.0734375 0.14722222222222223
1 0.55 0.27152777777777776 0.0375 0.07083333333333333
1 0.705078125 0.8819444444444444 0.13515625 0.20555555555555555
1 0.761328125 0.6694444444444444 0.11640625 0.2111111111111111
1 0.93984375 0.8958333333333334 0.10625 0.18611111111111112
1 0.541015625 0.16805555555555557 0.02890625 0.06666666666666667
3 0.458984375 0.2972222222222222 0.05078125 0.11666666666666667
