0 0.326171875 0.2923611111111111 0.03203125 0.14027777777777778
0 0.3859375 0.46944444444444444 0.06875 0.19444444444444445
0 0.56875 0.41805555555555557 0.0421875 0.15555555555555556
0 0.6421875 0.32222222222222224 0.028125 0.10277777777777777
0 0.53828125 0.9027777777777778 0.0953125 0.19444444444444445
0 0.39609375 0.7965277777777777 0.10625 0.29305555555555557
0 0.66640625 0.24861111111111112 0.01875 0.07222222222222222
0 0.648828125 0.22708333333333333 0.01640625 0.059722222222222225
0 0.6390625 0.17916666666666667 0.0140625 0.044444444444444446
0 0.66640625 0.21319444444444444 0.0140625 0.059722222222222225
