0 0.636328125 0.8416666666666667 0.06171875 0.20555555555555555
0 0.730859375 0.6729166666666667 0.03984375 0.1486111111111111
0 0.801171875 0.5993055555555555 0.03203125 0.13194444444444445
0 0.74375 0.5409722222222222 0.025 0.10416666666666667
0 0.543359375 0.5020833333333333 0.03828125 0.12083333333333333
0 0.42109375 0.5631944444444444 0.0453125 0.14305555555555555
0 0.375390625 0.5361111111111111 0.04140625 0.12777777777777777
0 0.084765625 0.7381944444444445 0.09140625 0.19027777777777777
0 0.692578125 0.4340277777777778 0.01796875 0.06527777777777778
0 0.833203125 0.4826388888888889 0.01484375 0.08194444444444444
0 0.844921875 0.46111111111111114 0.01171875 0.06388888888888888
0 0.81015625 0.4965277777777778 0.021875 0.07361111111111111
