1 0.260546875 0.50625 0.14296875 0.2125
1 0.401171875 0.5298611111111111 0.16171875 0.24861111111111112
1 0.3421875 0.3680555555555556 0.1203125 0.11944444444444445
1 0.131640625 0.25 0.03828125 0.06388888888888888
3 0.228515625 0.24097222222222223 0.09140625 0.10972222222222222
3 0.332421875 0.23680555555555555 0.10234375 0.10138888888888889
3 0.476953125 0.25972222222222224 0.10859375 0.11944444444444445
3 0.88984375 0.7291666666666666 0.1984375 0.39166666666666666
0 0.10078125 0.3034722222222222 0.0421875 0.06527777777777778
0 0.1515625 0.36041666666666666 0.021875 0.10138888888888889
