0 0.922265625 0.6027777777777777 0.03046875 0.08333333333333333
0 0.77265625 0.6875 0.01875 0.11666666666666667
0 0.765625 0.6479166666666667 0.0296875 0.11805555555555555
0 0.73515625 0.6465277777777778 0.0296875 0.12083333333333333
0 0.594921875 0.675 0.03203125 0.13055555555555556
0 0.809765625 0.8256944444444444 0.04609375 0.16527777777777777
0 0.630859375 0.8034722222222223 0.04140625 0.12638888888888888
0 0.516015625 0.8069444444444445 0.05234375 0.16111111111111112
0 0.705078125 0.93125 0.03984375 0.1375
0 0.62421875 0.9256944444444445 0.046875 0.1486111111111111
0 0.526953125 0.9409722222222222 0.07421875 0.11805555555555555
0 0.440625 0.9229166666666667 0.059375 0.15416666666666667
0 0.373828125 0.9375 0.06015625 0.125
