0 0.37578125 0.6909722222222222 0.0359375 0.16805555555555557
0 0.428125 0.575 0.0265625 0.12777777777777777
0 0.5375 0.6048611111111111 0.028125 0.12361111111111112
0 0.258984375 0.8638888888888889 0.03359375 0.13055555555555556
0 0.321875 0.6409722222222223 0.03125 0.09305555555555556
0 0.36484375 0.5597222222222222 0.0265625 0.06944444444444445
1 0.4484375 0.4756944444444444 0.046875 0.09027777777777778
0 0.528515625 0.49722222222222223 0.01796875 0.06944444444444445
0 0.4984375 0.4236111111111111 0.015625 0.041666666666666664
0 0.55078125 0.5333333333333333 0.01875 0.08333333333333333
