0 0.3921875 0.6715277777777777 0.0390625 0.1625
0 0.283984375 0.8270833333333333 0.03828125 0.20416666666666666
0 0.119140625 0.8777777777777778 0.04921875 0.20555555555555555
0 0.0171875 0.38263888888888886 0.034375 0.09861111111111111
0 0.658203125 0.4097222222222222 0.02109375 0.09722222222222222
0 0.182421875 0.675 0.03828125 0.18333333333333332
0 0.03515625 0.90625 0.05625 0.1763888888888889
0 0.221875 0.49583333333333335 0.0328125 0.11388888888888889
0 0.372265625 0.5215277777777778 0.02890625 0.12638888888888888
0 0.383203125 0.36666666666666664 0.01953125 0.1
0 0.6828125 0.38263888888888886 0.021875 0.10416666666666667
0 0.267578125 0.5027777777777778 0.02890625 0.11944444444444445
0 0.3484375 0.3701388888888889 0.01875 0.09305555555555556
0 0.325390625 0.475 0.02734375 0.125
0 0.4265625 0.2833333333333333 0.015625 0.07222222222222222
0 0.402734375 0.28194444444444444 0.01796875 0.075
0 0.73046875 0.4798611111111111 0.0234375 0.10694444444444444
0 0.511328125 0.3923611111111111 0.03515625 0.0875
0 0.815625 0.6326388888888889 0.046875 0.14583333333333334
0 0.7546875 0.45069444444444445 0.0296875 0.09583333333333334
0 0.305859375 0.3402777777777778 0.02109375 0.08611111111111111
0 0.487109375 0.2965277777777778 0.01953125 0.07916666666666666
0 0.716796875 0.3958333333333333 0.02734375 0.09166666666666666
0 0.770703125 0.5652777777777778 0.03046875 0.125
0 0.627734375 0.3527777777777778 0.03203125 0.08888888888888889
0 0.798046875 0.5236111111111111 0.03046875 0.1111111111111111
0 0.34921875 0.29444444444444445 0.015625 0.08055555555555556
0 0.080078125 0.3659722222222222 0.05078125 0.06805555555555555
0 0.940234375 0.46597222222222223 0.07265625 0.09861111111111111
0 0.385546875 0.26875 0.02421875 0.07083333333333333
0 0.837890625 0.6041666666666666 0.03359375 0.13055555555555556
0 0.37890625 0.3090277777777778 0.0140625 0.0763888888888889
0 0.283203125 0.3104166666666667 0.02265625 0.07083333333333333
1 0.630078125 0.8534722222222222 0.14140625 0.2652777777777778
1 0.444140625 0.5006944444444444 0.05859375 0.13194444444444445
1 0.455859375 0.9465277777777777 0.09609375 0.10694444444444444
1 0.833984375 0.8402777777777778 0.21640625 0.31666666666666665
1 0.4421875 0.36041666666666666 0.0453125 0.11805555555555555
1 0.463671875 0.225 0.03203125 0.08611111111111111
2 0.408984375 0.18333333333333332 0.04765625 0.10833333333333334
3 0.573046875 0.35208333333333336 0.06484375 0.16805555555555557
3 0.462890625 0.21875 0.03359375 0.09027777777777778
0 0.31328125 0.41944444444444445 0.0203125 0.07777777777777778
1 0.688671875 0.54375 0.10390625 0.1597222222222222
