0 0.62734375 0.49027777777777776 0.0265625 0.08888888888888889
0 0.54765625 0.49027777777777776 0.0328125 0.09722222222222222
0 0.340234375 0.6305555555555555 0.06484375 0.14166666666666666
0 0.69921875 0.5875 0.0375 0.12222222222222222
0 0.841015625 0.5868055555555556 0.02578125 0.09861111111111111
0 0.50078125 0.49236111111111114 0.0390625 0.10138888888888889
0 0.574609375 0.45069444444444445 0.02890625 0.08194444444444444
0 0.496484375 0.7236111111111111 0.05390625 0.15
0 0.603125 0.5715277777777777 0.034375 0.10972222222222222
0 0.809375 0.6576388888888889 0.0328125 0.13472222222222222
0 0.750390625 0.5805555555555556 0.03046875 0.10833333333333334
0 0.38671875 0.5215277777777778 0.0515625 0.1125
0 0.6609375 0.6416666666666667 0.0390625 0.1388888888888889
0 0.77109375 0.6013888888888889 0.0234375 0.1111111111111111
0 0.8625 0.5597222222222222 0.01875 0.08333333333333333
0 0.603515625 0.46944444444444444 0.02421875 0.07222222222222222
0 0.808203125 0.5347222222222222 0.02265625 0.09444444444444444
3 0.696875 0.4076388888888889 0.115625 0.20694444444444443
0 0.627734375 0.42083333333333334 0.01796875 0.05
0 0.787890625 0.5381944444444444 0.01796875 0.08194444444444444
0 0.773828125 0.5020833333333333 0.01640625 0.07083333333333333
0 0.82265625 0.5402777777777777 0.01875 0.07222222222222222
