3 0.280859375 0.35694444444444445 0.06796875 0.17222222222222222
2 0.673828125 0.80625 0.18203125 0.3402777777777778
1 0.0625 0.8173611111111111 0.125 0.28194444444444444
3 0.53515625 0.3076388888888889 0.046875 0.09583333333333334
0 0.648046875 0.48333333333333334 0.02734375 0.08333333333333333
0 0.6890625 0.44027777777777777 0.03125 0.10277777777777777
0 0.741796875 0.5930555555555556 0.03984375 0.125
0 0.641015625 0.4173611111111111 0.02265625 0.07083333333333333
0 0.6109375 0.33055555555555555 0.01875 0.06666666666666667
0 0.60859375 0.2708333333333333 0.021875 0.05
0 0.688671875 0.2798611111111111 0.03515625 0.05416666666666667
0 0.073046875 0.5722222222222222 0.03046875 0.09166666666666666
