0 0.36640625 0.6270833333333333 0.0390625 0.10416666666666667
0 0.46796875 0.55625 0.021875 0.0625
0 0.551171875 0.5409722222222222 0.01953125 0.08194444444444444
0 0.621484375 0.8826388888888889 0.05078125 0.16527777777777777
0 0.744140625 0.7902777777777777 0.03671875 0.1527777777777778
0 0.771484375 0.5826388888888889 0.02109375 0.0763888888888889
0 0.7359375 0.55625 0.0234375 0.08472222222222223
0 0.91875 0.6229166666666667 0.0234375 0.09305555555555556
1 0.5984375 0.6479166666666667 0.096875 0.14583333333333334
1 0.390234375 0.9006944444444445 0.18515625 0.1986111111111111
1 0.597265625 0.5222222222222223 0.05234375 0.07222222222222222
1 0.52578125 0.5027777777777778 0.0546875 0.06944444444444445
