0 0.62734375 0.41875 0.025 0.07916666666666666
0 0.283203125 0.5875 0.07109375 0.14166666666666666
0 0.69375 0.42083333333333334 0.0171875 0.06666666666666667
0 0.789453125 0.4798611111111111 0.01953125 0.08194444444444444
0 0.690234375 0.6173611111111111 0.03828125 0.15416666666666667
0 0.746484375 0.5583333333333333 0.03359375 0.11944444444444445
0 0.69921875 0.5083333333333333 0.025 0.09166666666666666
0 0.558203125 0.5027777777777778 0.04296875 0.10555555555555556
0 0.712109375 0.4048611111111111 0.01640625 0.059722222222222225
0 0.73671875 0.4097222222222222 0.015625 0.058333333333333334
0 0.657421875 0.46111111111111114 0.02734375 0.08888888888888889
0 0.738671875 0.49375 0.02109375 0.08472222222222223
0 0.752734375 0.39375 0.01328125 0.04861111111111111
0 0.8140625 0.43472222222222223 0.0140625 0.058333333333333334
1 0.45078125 0.6055555555555555 0.1984375 0.21388888888888888
2 0.840234375 0.4986111111111111 0.05703125 0.10833333333333334
0 0.5546875 0.47291666666666665 0.0265625 0.0875
0 0.6671875 0.43333333333333335 0.0171875 0.075
1 0.7671875 0.4583333333333333 0.053125 0.09722222222222222
