0 0.572265625 0.7722222222222223 0.05859375 0.2
0 0.407421875 0.6 0.05546875 0.14444444444444443
0 0.30703125 0.9 0.1359375 0.2
0 0.54765625 0.4951388888888889 0.0421875 0.12638888888888888
0 0.6546875 0.48333333333333334 0.0265625 0.10277777777777777
0 0.748828125 0.5840277777777778 0.03828125 0.12638888888888888
0 0.676171875 0.4284722222222222 0.02109375 0.0625
0 0.80078125 0.5263888888888889 0.0171875 0.10833333333333334
0 0.82578125 0.5291666666666667 0.015625 0.09166666666666666
2 0.7609375 0.4638888888888889 0.06875 0.10277777777777777
3 0.80390625 0.3729166666666667 0.0640625 0.11527777777777778
0 0.843359375 0.4652777777777778 0.01484375 0.06111111111111111
