0 0.75625 0.5395833333333333 0.025 0.10694444444444444
0 0.786328125 0.5326388888888889 0.02421875 0.09583333333333334
0 0.841796875 0.5104166666666666 0.01796875 0.08472222222222223
0 0.82890625 0.46875 0.0140625 0.07361111111111111
0 0.734765625 0.7194444444444444 0.03671875 0.15833333333333333
0 0.59140625 0.7006944444444444 0.046875 0.17083333333333334
0 0.544140625 0.6458333333333334 0.04921875 0.1527777777777778
0 0.61328125 0.8861111111111111 0.075 0.22777777777777777
1 0.698046875 0.51875 0.08203125 0.10694444444444444
1 0.78203125 0.4423611111111111 0.04375 0.08472222222222223
0 0.702734375 0.40347222222222223 0.01640625 0.05416666666666667
