0 0.0921875 0.4875 0.0375 0.06666666666666667
0 0.150390625 0.4826388888888889 0.02734375 0.05138888888888889
0 0.2640625 0.42986111111111114 0.0125 0.0375
1 0.35703125 0.3506944444444444 0.0234375 0.03194444444444444
1 0.323046875 0.33055555555555555 0.02109375 0.03333333333333333
1 0.30625 0.3159722222222222 0.0140625 0.02638888888888889
1 0.442578125 0.2972222222222222 0.02421875 0.025
1 0.4078125 0.29444444444444445 0.0203125 0.022222222222222223
1 0.426953125 0.29305555555555557 0.01640625 0.019444444444444445
2 0.407421875 0.27361111111111114 0.02890625 0.025
0 0.29140625 0.34444444444444444 0.0078125 0.030555555555555555
0 0.30078125 0.34930555555555554 0.009375 0.03194444444444444
0 0.312890625 0.3527777777777778 0.01015625 0.025
0 0.5234375 0.3076388888888889 0.009375 0.02361111111111111
0 0.63515625 0.3347222222222222 0.0171875 0.04722222222222222
0 0.57578125 0.5354166666666667 0.01875 0.08194444444444444
0 0.626171875 0.5131944444444444 0.02109375 0.05138888888888889
0 0.93125 0.5777777777777777 0.0328125 0.1111111111111111
3 0.51953125 0.48194444444444445 0.0703125 0.13333333333333333
