0 0.258984375 0.8770833333333333 0.03828125 0.1625
0 0.21640625 0.8986111111111111 0.0515625 0.14444444444444443
0 0.32265625 0.6486111111111111 0.0265625 0.11388888888888889
0 0.363671875 0.5472222222222223 0.02578125 0.07777777777777778
0 0.48359375 0.5729166666666666 0.028125 0.10138888888888889
0 0.578515625 0.5652777777777778 0.04453125 0.10833333333333334
0 0.643359375 0.6486111111111111 0.04140625 0.14166666666666666
0 0.4484375 0.46041666666666664 0.015625 0.07361111111111111
0 0.499609375 0.4263888888888889 0.01328125 0.06388888888888888
0 0.4796875 0.42083333333333334 0.015625 0.05555555555555555
