0 0.255859375 0.8736111111111111 0.03828125 0.15555555555555556
0 0.44765625 0.8486111111111111 0.0546875 0.19166666666666668
0 0.58359375 0.9194444444444444 0.065625 0.16111111111111112
0 0.4375 0.9298611111111111 0.05625 0.14027777777777778
0 0.320703125 0.6430555555555556 0.02890625 0.10277777777777777
0 0.362109375 0.5409722222222222 0.01484375 0.06805555555555555
0 0.4921875 0.5083333333333333 0.028125 0.08055555555555556
0 0.544140625 0.5548611111111111 0.02734375 0.09583333333333334
0 0.525390625 0.5083333333333333 0.02109375 0.08333333333333333
0 0.4484375 0.46041666666666664 0.015625 0.06527777777777778
