0 0.80859375 0.53125 0.0265625 0.09861111111111111
0 0.196875 0.7284722222222222 0.1 0.19583333333333333
0 0.68828125 0.8083333333333333 0.05625 0.19444444444444445
0 0.28359375 0.6020833333333333 0.075 0.1375
0 0.76015625 0.78125 0.040625 0.15416666666666667
0 0.784375 0.6555555555555556 0.034375 0.125
0 0.719140625 0.39305555555555555 0.01328125 0.04722222222222222
0 0.698046875 0.3902777777777778 0.01484375 0.05
3 0.4875 0.6430555555555556 0.2671875 0.3861111111111111
3 0.689453125 0.5020833333333333 0.12265625 0.1986111111111111
3 0.749609375 0.46805555555555556 0.03828125 0.1388888888888889
1 0.781640625 0.4395833333333333 0.02421875 0.07083333333333333
0 0.58359375 0.4097222222222222 0.0234375 0.06666666666666667
0 0.883984375 0.5076388888888889 0.01796875 0.0875
