0 0.74453125 0.5715277777777777 0.0484375 0.12638888888888888
0 0.706640625 0.39444444444444443 0.04609375 0.09166666666666666
0 0.322265625 0.3375 0.02109375 0.09166666666666666
0 0.941015625 0.6743055555555556 0.05546875 0.16805555555555557
0 0.494140625 0.3104166666666667 0.02109375 0.07361111111111111
0 0.466796875 0.31527777777777777 0.02109375 0.07777777777777778
0 0.362109375 0.2986111111111111 0.02265625 0.075
0 0.012890625 0.5625 0.02578125 0.09722222222222222
0 0.40859375 0.2951388888888889 0.01875 0.06805555555555555
0 0.9859375 0.76875 0.0203125 0.13472222222222222
0 0.5875 0.20416666666666666 0.0125 0.05277777777777778
0 0.33125 0.2847222222222222 0.01875 0.075
1 0.073828125 0.5055555555555555 0.14609375 0.1361111111111111
1 0.54140625 0.2388888888888889 0.0359375 0.06388888888888888
1 0.44140625 0.41388888888888886 0.1109375 0.10277777777777777
1 0.53515625 0.32708333333333334 0.05625 0.07083333333333333
1 0.512109375 0.1736111111111111 0.02578125 0.058333333333333334
1 0.44296875 0.28055555555555556 0.03125 0.075
1 0.32265625 0.1701388888888889 0.034375 0.06805555555555555
3 0.457421875 0.21041666666666667 0.04296875 0.12638888888888888
