2 0.708203125 0.28125 0.10859375 0.10972222222222222
3 0.484765625 0.25416666666666665 0.05234375 0.1638888888888889
0 0.586328125 0.3034722222222222 0.01484375 0.05416666666666667
3 0.89609375 0.31527777777777777 0.2015625 0.20833333333333334
1 0.708203125 0.28125 0.10546875 0.10694444444444444
0 0.27578125 0.3298611111111111 0.0203125 0.07083333333333333
0 0.598046875 0.4375 0.02578125 0.10277777777777777
1 0.3171875 0.3541666666666667 0.0421875 0.07777777777777778
0 0.662109375 0.3875 0.02734375 0.10833333333333334
0 0.696875 0.5048611111111111 0.0375 0.16805555555555557
3 0.627734375 0.8152777777777778 0.21953125 0.36944444444444446
3 0.375 0.24861111111111112 0.040625 0.1
