0 0.7109375 0.48125 0.040625 0.12083333333333333
0 0.700390625 0.4 0.04921875 0.08333333333333333
0 0.40703125 0.5847222222222223 0.0625 0.18333333333333332
0 0.2015625 0.35555555555555557 0.028125 0.09722222222222222
0 0.1421875 0.3284722222222222 0.0203125 0.09027777777777778
0 0.11953125 0.29375 0.01875 0.07361111111111111
0 0.121875 0.2548611111111111 0.015625 0.05416666666666667
0 0.3640625 0.2534722222222222 0.046875 0.07083333333333333
1 0.18515625 0.2611111111111111 0.053125 0.07222222222222222
1 0.32890625 0.7951388888888888 0.1484375 0.39861111111111114
