0 0.590234375 0.5493055555555556 0.02421875 0.07916666666666666
0 0.692578125 0.6458333333333334 0.02265625 0.10555555555555556
0 0.718359375 0.71875 0.02578125 0.12638888888888888
0 0.746875 0.5708333333333333 0.021875 0.06944444444444445
0 0.757421875 0.6652777777777777 0.02890625 0.11944444444444445
0 0.63125 0.8090277777777778 0.034375 0.1486111111111111
0 0.768359375 0.7916666666666666 0.03203125 0.1361111111111111
0 0.763671875 0.9298611111111111 0.05078125 0.14027777777777778
0 0.487890625 0.8333333333333334 0.01953125 0.14166666666666666
0 0.51171875 0.8798611111111111 0.04375 0.16805555555555557
0 0.526953125 0.9395833333333333 0.05546875 0.12083333333333333
0 0.921484375 0.6173611111111111 0.02109375 0.09305555555555556
1 0.370703125 0.8263888888888888 0.16484375 0.16944444444444445
3 0.315234375 0.6430555555555556 0.19609375 0.24166666666666667
