0 0.15546875 0.39652777777777776 0.028125 0.1125
0 0.18984375 0.38055555555555554 0.028125 0.10833333333333334
0 0.241015625 0.38055555555555554 0.03046875 0.10277777777777777
0 0.178515625 0.3215277777777778 0.01796875 0.08194444444444444
0 0.146484375 0.29305555555555557 0.02109375 0.06944444444444445
0 0.106640625 0.2916666666666667 0.01796875 0.06944444444444445
0 0.121875 0.2638888888888889 0.0125 0.07222222222222222
0 0.663671875 0.4486111111111111 0.03046875 0.08888888888888889
0 0.764453125 0.45625 0.04296875 0.09305555555555556
0 0.745703125 0.41805555555555557 0.03671875 0.08611111111111111
1 0.237890625 0.2652777777777778 0.04765625 0.06666666666666667
1 0.67578125 0.5868055555555556 0.1234375 0.20972222222222223
