0 0.463671875 0.7833333333333333 0.08828125 0.23333333333333334
0 0.32265625 0.7347222222222223 0.0671875 0.23333333333333334
0 0.21328125 0.5652777777777778 0.0421875 0.15833333333333333
0 0.216796875 0.47430555555555554 0.03828125 0.12361111111111112
0 0.11484375 0.30069444444444443 0.0171875 0.08194444444444444
0 0.375390625 0.2548611111111111 0.03359375 0.05694444444444444
3 0.316015625 0.4263888888888889 0.14453125 0.26666666666666666
1 0.173828125 0.32708333333333334 0.05859375 0.08194444444444444
1 0.14921875 0.2791666666666667 0.04375 0.06111111111111111
1 0.19375 0.26180555555555557 0.046875 0.05694444444444444
1 0.75625 0.7138888888888889 0.2640625 0.3527777777777778
