0 0.92265625 0.6013888888888889 0.0234375 0.06944444444444445
0 0.63046875 0.6291666666666667 0.0203125 0.09722222222222222
0 0.67265625 0.5944444444444444 0.01875 0.09166666666666666
0 0.700390625 0.5555555555555556 0.01953125 0.07777777777777778
0 0.7328125 0.6270833333333333 0.0171875 0.09861111111111111
0 0.718359375 0.6923611111111111 0.02265625 0.13472222222222222
0 0.766015625 0.6284722222222222 0.02421875 0.09861111111111111
0 0.82265625 0.5833333333333334 0.021875 0.08888888888888889
0 0.848828125 0.6319444444444444 0.02734375 0.125
0 0.6015625 0.7423611111111111 0.0328125 0.13472222222222222
1 0.552734375 0.5923611111111111 0.09453125 0.13472222222222222
1 0.47109375 0.7583333333333333 0.1390625 0.16111111111111112
