0 0.3796875 0.3625 0.0421875 0.15
0 0.233203125 0.45069444444444445 0.08203125 0.2013888888888889
0 0.185546875 0.8027777777777778 0.11640625 0.2833333333333333
0 0.46875 0.30416666666666664 0.0375 0.10555555555555556
0 0.503515625 0.48541666666666666 0.05234375 0.17916666666666667
0 0.574609375 0.5243055555555556 0.03359375 0.1625
0 0.60625 0.3423611111111111 0.025 0.10972222222222222
0 0.628125 0.27291666666666664 0.01875 0.08194444444444444
0 0.601953125 0.20972222222222223 0.02109375 0.058333333333333334
0 0.553125 0.2548611111111111 0.021875 0.08472222222222223
0 0.53828125 0.2222222222222222 0.0203125 0.07222222222222222
0 0.670703125 0.2861111111111111 0.02109375 0.09444444444444444
0 0.579296875 0.17291666666666666 0.01953125 0.06805555555555555
0 0.636328125 0.18055555555555555 0.01484375 0.04722222222222222
0 0.65390625 0.18194444444444444 0.0171875 0.05
