0 0.54921875 0.8631944444444445 0.090625 0.20416666666666666
0 0.5578125 0.5555555555555556 0.040625 0.13055555555555556
0 0.583203125 0.6798611111111111 0.03515625 0.15416666666666667
0 0.745703125 0.5736111111111111 0.02734375 0.1
0 0.65234375 0.6145833333333334 0.046875 0.13472222222222222
0 0.801953125 0.7541666666666667 0.03828125 0.175
0 0.762890625 0.6145833333333334 0.03203125 0.12638888888888888
0 0.70625 0.6270833333333333 0.0375 0.13472222222222222
0 0.841015625 0.6388888888888888 0.02578125 0.12777777777777777
0 0.80625 0.6277777777777778 0.028125 0.1111111111111111
0 0.60546875 0.5493055555555556 0.021875 0.10416666666666667
0 0.80625 0.5590277777777778 0.0203125 0.07916666666666666
0 0.729296875 0.5347222222222222 0.02109375 0.08611111111111111
3 0.704296875 0.4083333333333333 0.14609375 0.2
2 0.8234375 0.42291666666666666 0.059375 0.09861111111111111
0 0.587890625 0.6145833333333334 0.06640625 0.13194444444444445
0 0.645703125 0.53125 0.02578125 0.09027777777777778
0 0.61875 0.4861111111111111 0.0296875 0.08888888888888889
0 0.830859375 0.575 0.01953125 0.09722222222222222
0 0.79609375 0.5034722222222222 0.021875 0.0875
0 0.76796875 0.5173611111111112 0.01875 0.09027777777777778
0 0.85234375 0.5375 0.01875 0.06944444444444445
