1 0.7546875 0.8145833333333333 0.26875 0.37083333333333335
1 0.5453125 0.5270833333333333 0.1828125 0.2375
1 0.216796875 0.28680555555555554 0.05390625 0.0763888888888889
1 0.161328125 0.2361111111111111 0.03828125 0.06111111111111111
0 0.119140625 0.25625 0.01640625 0.05138888888888889
0 0.236328125 0.23680555555555555 0.01953125 0.05416666666666667
0 0.26953125 0.2361111111111111 0.0328125 0.06388888888888888
0 0.328515625 0.24722222222222223 0.03203125 0.06111111111111111
0 0.346875 0.25 0.03125 0.05
0 0.426171875 0.2638888888888889 0.03515625 0.06111111111111111
0 0.25078125 0.4361111111111111 0.0375 0.125
0 0.7765625 0.5833333333333334 0.05 0.15
0 0.686328125 0.4534722222222222 0.02890625 0.11527777777777778
0 0.748046875 0.4638888888888889 0.03359375 0.10833333333333334
