0 0.425390625 0.7548611111111111 0.09296875 0.14027777777777778
0 0.5421875 0.31319444444444444 0.0203125 0.08194444444444444
0 0.5109375 0.6444444444444445 0.0796875 0.1388888888888889
0 0.885546875 0.5715277777777777 0.06484375 0.1125
0 0.588671875 0.5993055555555555 0.06328125 0.12083333333333333
0 0.198828125 0.42291666666666666 0.05546875 0.09861111111111111
0 0.18125 0.5451388888888888 0.075 0.11527777777777778
0 0.746875 0.6444444444444445 0.0546875 0.1361111111111111
0 0.11171875 0.5722222222222222 0.0734375 0.11666666666666667
0 0.649609375 0.6201388888888889 0.06328125 0.12083333333333333
0 0.596875 0.74375 0.0875 0.1375
0 0.416015625 0.39861111111111114 0.03984375 0.08888888888888889
0 0.66875 0.2972222222222222 0.021875 0.07222222222222222
0 0.446875 0.4375 0.0578125 0.09166666666666666
0 0.278125 0.4236111111111111 0.053125 0.09444444444444444
0 0.331640625 0.6020833333333333 0.07109375 0.11527777777777778
0 0.01796875 0.5458333333333333 0.0359375 0.13055555555555556
0 0.597265625 0.31527777777777777 0.01953125 0.08055555555555556
0 0.364453125 0.3090277777777778 0.02265625 0.0763888888888889
0 0.448046875 0.23055555555555557 0.01328125 0.06111111111111111
0 0.57578125 0.35138888888888886 0.021875 0.08055555555555556
0 0.32109375 0.39861111111111114 0.0484375 0.08888888888888889
0 0.40234375 0.6284722222222222 0.0734375 0.12361111111111112
0 0.276953125 0.5458333333333333 0.07109375 0.10833333333333334
0 0.44609375 0.3645833333333333 0.03125 0.0763888888888889
0 0.588671875 0.24444444444444444 0.01640625 0.05555555555555555
0 0.340625 0.2965277777777778 0.01875 0.07083333333333333
0 0.502734375 0.42083333333333334 0.06015625 0.07777777777777778
0 0.14296875 0.49166666666666664 0.05625 0.09722222222222222
0 0.5171875 0.4076388888888889 0.0453125 0.09027777777777778
0 0.424609375 0.575 0.05859375 0.11388888888888889
0 0.105078125 0.4625 0.06484375 0.10833333333333334
1 0.411328125 0.22708333333333333 0.03046875 0.0625
1 0.081640625 0.39444444444444443 0.12734375 0.10555555555555556
0 0.3265625 0.5097222222222222 0.028125 0.07222222222222222
0 0.3546875 0.5541666666666667 0.0546875 0.10555555555555556
0 0.5015625 0.5659722222222222 0.0640625 0.10416666666666667
