0 0.512109375 0.8236111111111111 0.04140625 0.19166666666666668
0 0.887109375 0.90625 0.05859375 0.15416666666666667
0 0.76953125 0.8659722222222223 0.0875 0.1625
0 0.10546875 0.7402777777777778 0.04375 0.18055555555555555
0 0.746875 0.5229166666666667 0.06875 0.11527777777777778
0 0.868359375 0.7854166666666667 0.05390625 0.1763888888888889
0 0.253125 0.5375 0.028125 0.14166666666666666
0 0.469921875 0.6701388888888888 0.03515625 0.14305555555555555
0 0.28515625 0.47638888888888886 0.021875 0.11666666666666667
0 0.67578125 0.3541666666666667 0.025 0.08611111111111111
0 0.169140625 0.7298611111111111 0.04296875 0.19583333333333333
0 0.200390625 0.4951388888888889 0.02890625 0.11805555555555555
0 0.266796875 0.4215277777777778 0.02578125 0.09861111111111111
0 0.683203125 0.47708333333333336 0.05703125 0.09583333333333334
0 0.648828125 0.36736111111111114 0.02265625 0.09861111111111111
0 0.533984375 0.3284722222222222 0.02890625 0.08194444444444444
0 0.50234375 0.29930555555555555 0.01875 0.07361111111111111
0 0.182421875 0.63125 0.03359375 0.1625
0 0.971875 0.9465277777777777 0.04375 0.10694444444444444
0 0.034375 0.9486111111111111 0.05625 0.10277777777777777
0 0.814453125 0.4361111111111111 0.03203125 0.08611111111111111
0 0.269140625 0.3645833333333333 0.03046875 0.08194444444444444
0 0.70625 0.45 0.046875 0.10277777777777777
0 0.581640625 0.2722222222222222 0.02421875 0.05277777777777778
0 0.708203125 0.38055555555555554 0.03046875 0.08055555555555556
1 0.542578125 0.63125 0.11015625 0.2013888888888889
1 0.67578125 0.6319444444444444 0.109375 0.18611111111111112
1 0.60546875 0.33541666666666664 0.040625 0.09583333333333334
1 0.519921875 0.21180555555555555 0.02890625 0.06527777777777778
1 0.34609375 0.35833333333333334 0.053125 0.09166666666666666
3 0.45546875 0.16944444444444445 0.0390625 0.1111111111111111
3 0.448046875 0.26944444444444443 0.04140625 0.13333333333333333
2 0.378515625 0.5423611111111111 0.13984375 0.3875
