1 0.738671875 0.8361111111111111 0.23671875 0.3277777777777778
1 0.3875 0.4930555555555556 0.1453125 0.23055555555555557
1 0.206640625 0.29444444444444445 0.05546875 0.06944444444444445
1 0.21953125 0.23194444444444445 0.0546875 0.06666666666666667
1 0.14765625 0.2298611111111111 0.0375 0.0625
0 0.1140625 0.30277777777777776 0.021875 0.08611111111111111
0 0.385546875 0.2625 0.03828125 0.058333333333333334
0 0.159375 0.36736111111111114 0.0265625 0.10694444444444444
0 0.265234375 0.35625 0.05703125 0.09583333333333334
0 0.275 0.5159722222222223 0.0546875 0.1736111111111111
0 0.26171875 0.6763888888888889 0.0796875 0.21944444444444444
0 0.329296875 0.6715277777777777 0.06328125 0.21805555555555556
0 0.47421875 0.3597222222222222 0.053125 0.08888888888888889
0 0.9015625 0.7180555555555556 0.0765625 0.2111111111111111
