0 0.414453125 0.6631944444444444 0.06171875 0.17916666666666667
0 0.314453125 0.5034722222222222 0.03984375 0.14027777777777778
0 0.21953125 0.4166666666666667 0.025 0.07777777777777778
0 0.17265625 0.38819444444444445 0.021875 0.08472222222222223
0 0.120703125 0.38333333333333336 0.01796875 0.08611111111111111
0 0.137109375 0.3236111111111111 0.01953125 0.05555555555555555
0 0.277734375 0.28194444444444444 0.03671875 0.044444444444444446
0 0.32265625 0.2611111111111111 0.028125 0.044444444444444446
3 0.44296875 0.25277777777777777 0.103125 0.07777777777777778
0 0.094140625 0.25555555555555554 0.01171875 0.03888888888888889
0 0.1109375 0.2673611111111111 0.0109375 0.05138888888888889
0 0.110546875 0.21666666666666667 0.00859375 0.030555555555555555
0 0.11953125 0.24513888888888888 0.0109375 0.04027777777777778
0 0.13671875 0.28402777777777777 0.0109375 0.05138888888888889
0 0.07890625 0.2298611111111111 0.009375 0.0375
1 0.172265625 0.2569444444444444 0.04296875 0.06111111111111111
1 0.215625 0.24513888888888888 0.0484375 0.06527777777777778
1 0.144921875 0.2263888888888889 0.02734375 0.03611111111111111
1 0.131640625 0.18888888888888888 0.02109375 0.025
1 0.085546875 0.175 0.01484375 0.025
1 0.56484375 0.2013888888888889 0.021875 0.030555555555555555
1 0.783203125 0.3104166666666667 0.06328125 0.04861111111111111
3 0.844140625 0.39444444444444443 0.13828125 0.15833333333333333
2 0.9171875 0.775 0.165625 0.4222222222222222
0 0.977734375 0.42430555555555555 0.03046875 0.04583333333333333
