0 0.55546875 0.7104166666666667 0.05 0.15416666666666667
0 0.261328125 0.8645833333333334 0.03984375 0.14027777777777778
1 0.440234375 0.5631944444444444 0.06328125 0.12083333333333333
1 0.463671875 0.4270833333333333 0.03515625 0.0625
0 0.534765625 0.5291666666666667 0.01953125 0.08888888888888889
0 0.578125 0.5534722222222223 0.028125 0.0625
0 0.32109375 0.6451388888888889 0.0296875 0.09305555555555556
0 0.36328125 0.5527777777777778 0.0234375 0.07222222222222222
0 0.509375 0.43194444444444446 0.0265625 0.05
0 0.4875 0.4173611111111111 0.0125 0.04583333333333333
