0 0.259375 0.8673611111111111 0.0359375 0.14027777777777778
0 0.658203125 0.9270833333333334 0.05859375 0.14583333333333334
0 0.41171875 0.675 0.0296875 0.14722222222222223
0 0.496484375 0.6395833333333333 0.02734375 0.14027777777777778
0 0.3203125 0.6430555555555556 0.0265625 0.08333333333333333
0 0.447265625 0.53125 0.02578125 0.09305555555555556
0 0.548828125 0.7152777777777778 0.03046875 0.15
0 0.54296875 0.6083333333333333 0.028125 0.09722222222222222
0 0.5046875 0.4375 0.0109375 0.05
0 0.49296875 0.42916666666666664 0.0109375 0.05
