0 0.07421875 0.8819444444444444 0.1484375 0.2361111111111111
0 0.32421875 0.7944444444444444 0.1046875 0.2722222222222222
0 0.4546875 0.5993055555555555 0.0703125 0.22916666666666666
0 0.491015625 0.46111111111111114 0.04921875 0.15
0 0.34453125 0.40902777777777777 0.06875 0.1875
0 0.39375 0.30277777777777776 0.0375 0.11666666666666667
0 0.425390625 0.33611111111111114 0.04765625 0.14166666666666666
0 0.50859375 0.21805555555555556 0.0265625 0.08611111111111111
0 0.654296875 0.45069444444444445 0.04765625 0.14583333333333334
0 0.677734375 0.47291666666666665 0.03515625 0.1597222222222222
0 0.658203125 0.24791666666666667 0.02265625 0.06805555555555555
0 0.478515625 0.16041666666666668 0.03984375 0.0625
0 0.040625 0.5416666666666666 0.08125 0.24444444444444444
0 0.593359375 0.1875 0.01484375 0.06111111111111111
0 0.633203125 0.18194444444444444 0.01484375 0.05555555555555555
0 0.616015625 0.1763888888888889 0.01484375 0.05
