0 0.321484375 0.5631944444444444 0.04765625 0.1625
0 0.181640625 0.4479166666666667 0.02734375 0.12083333333333333
0 0.226171875 0.4097222222222222 0.03359375 0.11388888888888889
0 0.285546875 0.4048611111111111 0.03203125 0.10972222222222222
0 0.2171875 0.3597222222222222 0.021875 0.07777777777777778
0 0.098828125 0.2590277777777778 0.01484375 0.05416666666666667
0 0.110546875 0.24583333333333332 0.01484375 0.044444444444444446
0 0.23046875 0.23541666666666666 0.0171875 0.04583333333333333
0 0.24453125 0.24375 0.021875 0.04027777777777778
2 0.33515625 0.24444444444444444 0.1375 0.10555555555555556
3 0.190625 0.24444444444444444 0.046875 0.09166666666666666
1 0.1421875 0.2298611111111111 0.0296875 0.05138888888888889
