0 0.785546875 0.7583333333333333 0.04609375 0.175
0 0.85625 0.4513888888888889 0.015625 0.06111111111111111
0 0.7515625 0.6131944444444445 0.0328125 0.13472222222222222
0 0.79765625 0.6013888888888889 0.0296875 0.11666666666666667
0 0.828125 0.50625 0.021875 0.08472222222222223
0 0.640234375 0.42291666666666666 0.03359375 0.059722222222222225
0 0.58515625 0.9284722222222223 0.06875 0.14027777777777778
0 0.474609375 0.4666666666666667 0.03515625 0.075
0 0.247265625 0.5881944444444445 0.06640625 0.11527777777777778
0 0.838671875 0.43680555555555556 0.01328125 0.05416666666666667
0 0.676171875 0.40347222222222223 0.01796875 0.0625
1 0.35546875 0.6638888888888889 0.2421875 0.3
3 0.5984375 0.6055555555555555 0.209375 0.3138888888888889
3 0.75390625 0.4201388888888889 0.1109375 0.24861111111111112
0 0.29921875 0.5611111111111111 0.04375 0.11666666666666667
0 0.68828125 0.4083333333333333 0.0140625 0.06111111111111111
0 0.557421875 0.42916666666666664 0.04453125 0.05277777777777778
0 0.93984375 0.8895833333333333 0.08125 0.10416666666666667
0 0.9234375 0.8291666666666667 0.06875 0.1
