0 0.35234375 0.7347222222222223 0.06875 0.2388888888888889
0 0.628515625 0.4152777777777778 0.05078125 0.09166666666666666
0 0.68828125 0.4166666666666667 0.040625 0.10555555555555556
0 0.71328125 0.4444444444444444 0.03125 0.08333333333333333
0 0.198828125 0.5777777777777777 0.04453125 0.16666666666666666
0 0.240234375 0.45694444444444443 0.03203125 0.1361111111111111
0 0.121484375 0.28958333333333336 0.01640625 0.07083333333333333
3 0.205078125 0.2673611111111111 0.06640625 0.14027777777777778
3 0.220703125 0.22777777777777777 0.06171875 0.08333333333333333
1 0.430078125 0.2569444444444444 0.08828125 0.07222222222222222
1 0.696484375 0.55 0.10234375 0.2111111111111111
1 0.7515625 0.8368055555555556 0.2984375 0.3263888888888889
