1 0.8265625 0.7159722222222222 0.2203125 0.35138888888888886
1 0.26875 0.29305555555555557 0.053125 0.075
0 0.094140625 0.2548611111111111 0.01640625 0.04861111111111111
0 0.16015625 0.34791666666666665 0.025 0.10138888888888889
0 0.171875 0.58125 0.04375 0.1625
0 0.22265625 0.4041666666666667 0.0390625 0.12777777777777777
0 0.269921875 0.24027777777777778 0.03046875 0.05277777777777778
0 0.294140625 0.6152777777777778 0.05390625 0.17777777777777778
0 0.330859375 0.5368055555555555 0.05234375 0.17083333333333334
0 0.470703125 0.6805555555555556 0.07265625 0.19722222222222222
