0 0.530078125 0.2604166666666667 0.02890625 0.09861111111111111
0 0.61875 0.35138888888888886 0.0296875 0.12222222222222222
0 0.533984375 0.40347222222222223 0.03828125 0.15138888888888888
0 0.546875 0.4875 0.0453125 0.175
0 0.6125 0.5972222222222222 0.0484375 0.23333333333333334
0 0.370703125 0.29097222222222224 0.05390625 0.14305555555555555
0 0.405078125 0.2722222222222222 0.03828125 0.1
0 0.44140625 0.26944444444444443 0.0296875 0.11388888888888889
0 0.280078125 0.8715277777777778 0.13828125 0.25416666666666665
0 0.034375 0.6361111111111111 0.06875 0.28055555555555556
0 0.621484375 0.1840277777777778 0.01796875 0.059722222222222225
0 0.64453125 0.18888888888888888 0.0140625 0.05555555555555555
