0 0.53203125 0.5020833333333333 0.0390625 0.10972222222222222
0 0.72109375 0.6715277777777777 0.0421875 0.15416666666666667
0 0.791796875 0.6638888888888889 0.04296875 0.14166666666666666
0 0.6984375 0.4111111111111111 0.0171875 0.06666666666666667
0 0.784765625 0.5694444444444444 0.02578125 0.11388888888888889
0 0.806640625 0.5458333333333333 0.02421875 0.08888888888888889
0 0.7546875 0.5777777777777777 0.03125 0.1361111111111111
0 0.837109375 0.55625 0.02734375 0.10694444444444444
0 0.818359375 0.475 0.01953125 0.07777777777777778
0 0.620703125 0.41805555555555557 0.01953125 0.075
1 0.437109375 0.6041666666666666 0.17890625 0.19166666666666668
1 0.6515625 0.45902777777777776 0.08125 0.10694444444444444
1 0.703515625 0.5465277777777777 0.08671875 0.12361111111111112
3 0.762890625 0.42083333333333334 0.08203125 0.15833333333333333
1 0.237890625 0.8986111111111111 0.40703125 0.20277777777777778
0 0.401171875 0.5194444444444445 0.05390625 0.125
0 0.554296875 0.4201388888888889 0.04609375 0.05416666666666667
0 0.759765625 0.4875 0.03828125 0.06666666666666667
0 0.832421875 0.4638888888888889 0.01484375 0.06388888888888888
0 0.78125 0.5194444444444445 0.025 0.08888888888888889
0 0.94375 0.8902777777777777 0.090625 0.10833333333333334
0 0.91640625 0.8347222222222223 0.0546875 0.10555555555555556
0 0.509765625 0.9340277777777778 0.08671875 0.13194444444444445
0 0.59140625 0.4125 0.0296875 0.04722222222222222
0 0.608984375 0.6256944444444444 0.10234375 0.17916666666666667
