0 0.8015625 0.35 0.01875 0.07222222222222222
0 0.6734375 0.49930555555555556 0.0234375 0.10138888888888889
0 0.66796875 0.40694444444444444 0.01875 0.08333333333333333
0 0.58671875 0.3375 0.015625 0.06388888888888888
0 0.60078125 0.31875 0.0125 0.04861111111111111
0 0.6171875 0.29791666666666666 0.0125 0.05138888888888889
0 0.63984375 0.34444444444444444 0.015625 0.06388888888888888
0 0.656640625 0.3326388888888889 0.01796875 0.05694444444444444
0 0.64375 0.29930555555555555 0.0140625 0.03194444444444444
0 0.2421875 0.3611111111111111 0.0140625 0.05277777777777778
0 0.080859375 0.56875 0.03515625 0.08472222222222223
2 0.553515625 0.24583333333333332 0.11171875 0.1
1 0.47421875 0.2861111111111111 0.034375 0.04722222222222222
3 0.353515625 0.2638888888888889 0.05078125 0.10833333333333334
