1 0.694140625 0.8006944444444445 0.25703125 0.31527777777777777
1 0.1375 0.2638888888888889 0.0421875 0.06944444444444445
1 0.1671875 0.24375 0.0421875 0.059722222222222225
1 0.203515625 0.23819444444444443 0.03984375 0.05416666666666667
1 0.221484375 0.3 0.06796875 0.08611111111111111
1 0.262890625 0.27708333333333335 0.05234375 0.05694444444444444
1 0.4203125 0.5090277777777777 0.1359375 0.19027777777777777
0 0.083984375 0.2625 0.01328125 0.05
0 0.09453125 0.3055555555555556 0.0234375 0.075
0 0.112109375 0.3819444444444444 0.02578125 0.1111111111111111
0 0.1171875 0.33541666666666664 0.0171875 0.07916666666666666
0 0.126953125 0.32013888888888886 0.02265625 0.09027777777777778
0 0.2015625 0.44930555555555557 0.0328125 0.13194444444444445
0 0.1953125 0.4736111111111111 0.0390625 0.08333333333333333
0 0.209765625 0.5840277777777778 0.05078125 0.18472222222222223
0 0.401171875 0.2638888888888889 0.04453125 0.075
