0 0.61875 0.7979166666666667 0.0453125 0.17916666666666667
0 0.6375 0.5180555555555556 0.0640625 0.11666666666666667
0 0.33203125 0.7381944444444445 0.05 0.16805555555555557
0 0.619140625 0.32916666666666666 0.02109375 0.1
0 0.590234375 0.22708333333333333 0.01640625 0.06805555555555555
0 0.80234375 0.6173611111111111 0.046875 0.1375
0 0.140625 0.5208333333333334 0.0578125 0.11944444444444445
0 0.71328125 0.3701388888888889 0.0265625 0.09583333333333334
0 0.324609375 0.36875 0.02265625 0.09861111111111111
0 0.972265625 0.8125 0.04453125 0.14722222222222223
0 0.37109375 0.35138888888888886 0.0171875 0.08888888888888889
0 0.8640625 0.8236111111111111 0.0671875 0.17777777777777778
0 0.03515625 0.6284722222222222 0.0703125 0.12916666666666668
0 0.464453125 0.3215277777777778 0.01953125 0.06527777777777778
0 0.1046875 0.3645833333333333 0.05 0.07916666666666666
0 0.4953125 0.29583333333333334 0.01875 0.06944444444444445
0 0.4328125 0.3090277777777778 0.01875 0.06527777777777778
0 0.29140625 0.3277777777777778 0.0265625 0.08333333333333333
0 0.348046875 0.29930555555555555 0.01953125 0.07083333333333333
1 0.541796875 0.28541666666666665 0.04296875 0.06805555555555555
1 0.43125 0.3875 0.1078125 0.09166666666666666
1 0.527734375 0.21805555555555556 0.03203125 0.058333333333333334
3 0.562109375 0.34652777777777777 0.06484375 0.09861111111111111
1 0.509765625 0.1451388888888889 0.01953125 0.05416666666666667
3 0.4625 0.22708333333333333 0.03125 0.08194444444444444
