0 0.31328125 0.5930555555555556 0.059375 0.18611111111111112
0 0.23125 0.5152777777777777 0.0484375 0.14444444444444443
0 0.25625 0.45208333333333334 0.0390625 0.12083333333333333
0 0.197265625 0.4173611111111111 0.03515625 0.10138888888888889
0 0.20625 0.36527777777777776 0.025 0.09166666666666666
0 0.091796875 0.25972222222222224 0.01640625 0.06111111111111111
0 0.10703125 0.23680555555555555 0.0140625 0.04861111111111111
0 0.118359375 0.2604166666666667 0.01015625 0.05694444444444444
0 0.126171875 0.30069444444444443 0.01640625 0.05694444444444444
0 0.115625 0.3298611111111111 0.0203125 0.09583333333333334
0 0.30859375 0.23958333333333334 0.0375 0.05694444444444444
0 0.3921875 0.2548611111111111 0.0515625 0.06805555555555555
0 0.430078125 0.2763888888888889 0.04296875 0.058333333333333334
3 0.3875 0.39444444444444443 0.184375 0.2722222222222222
3 0.462109375 0.25 0.08671875 0.09166666666666666
1 0.6421875 0.7152777777777778 0.234375 0.2972222222222222
1 0.15859375 0.24097222222222223 0.0375 0.05694444444444444
1 0.20703125 0.2361111111111111 0.0421875 0.05277777777777778
