1 0.651171875 0.6076388888888888 0.17734375 0.2152777777777778
1 0.153125 0.26875 0.0390625 0.0625
3 0.3171875 0.23194444444444445 0.1015625 0.10555555555555556
0 0.377734375 0.3590277777777778 0.05546875 0.09305555555555556
0 0.717578125 0.44166666666666665 0.03671875 0.10833333333333334
0 0.194921875 0.4201388888888889 0.02890625 0.11805555555555555
0 0.11171875 0.3125 0.0171875 0.07222222222222222
0 0.0828125 0.3020833333333333 0.0140625 0.05416666666666667
0 0.098828125 0.2798611111111111 0.01484375 0.0625
0 0.11953125 0.27361111111111114 0.01875 0.06666666666666667
