0 0.430859375 0.26666666666666666 0.03984375 0.11666666666666667
0 0.39296875 0.36319444444444443 0.0609375 0.1597222222222222
0 0.4171875 0.5194444444444445 0.06875 0.24166666666666667
0 0.46171875 0.79375 0.1203125 0.31527777777777777
0 0.523828125 0.43125 0.05234375 0.1736111111111111
0 0.60703125 0.45069444444444445 0.0328125 0.14305555555555555
0 0.6453125 0.37777777777777777 0.028125 0.12777777777777777
0 0.630859375 0.3194444444444444 0.04140625 0.10555555555555556
0 0.5828125 0.23680555555555555 0.0171875 0.07916666666666666
0 0.521484375 0.23472222222222222 0.02890625 0.08888888888888889
0 0.6609375 0.21388888888888888 0.0171875 0.05555555555555555
0 0.576953125 0.1909722222222222 0.01953125 0.05694444444444444
0 0.67578125 0.2048611111111111 0.015625 0.05694444444444444
0 0.68828125 0.22430555555555556 0.0171875 0.07083333333333333
