0 0.6125 0.5194444444444445 0.059375 0.11666666666666667
0 0.60546875 0.7944444444444444 0.040625 0.18055555555555555
0 0.392578125 0.3416666666666667 0.01953125 0.09444444444444444
0 0.32421875 0.3645833333333333 0.025 0.09305555555555556
0 0.35703125 0.37916666666666665 0.025 0.09722222222222222
0 0.49453125 0.725 0.05 0.16111111111111112
0 0.777734375 0.6722222222222223 0.05078125 0.15
0 0.3921875 0.2847222222222222 0.0203125 0.06666666666666667
0 0.51484375 0.875 0.103125 0.1638888888888889
0 0.430859375 0.20347222222222222 0.01328125 0.06527777777777778
0 0.066796875 0.38680555555555557 0.05859375 0.07083333333333333
0 0.723828125 0.5305555555555556 0.02890625 0.11944444444444445
0 0.009765625 0.33958333333333335 0.01796875 0.0875
0 0.39453125 0.1986111111111111 0.0109375 0.05555555555555555
0 0.628515625 0.26180555555555557 0.02109375 0.06805555555555555
0 0.89921875 0.6 0.0375 0.11666666666666667
0 0.1515625 0.36875 0.0375 0.08194444444444444
0 0.33828125 0.42430555555555555 0.0203125 0.10138888888888889
0 0.74375 0.36527777777777776 0.025 0.08333333333333333
0 0.814453125 0.4361111111111111 0.03359375 0.08055555555555556
1 0.2234375 0.3958333333333333 0.0953125 0.09722222222222222
1 0.509765625 0.1840277777777778 0.03359375 0.06805555555555555
1 0.355078125 0.7013888888888888 0.10859375 0.2833333333333333
1 0.760546875 0.49027777777777776 0.06953125 0.10277777777777777
1 0.512109375 0.5465277777777777 0.07890625 0.18194444444444444
1 0.630078125 0.34930555555555554 0.04921875 0.09027777777777778
1 0.637890625 0.4111111111111111 0.06640625 0.12222222222222222
1 0.45 0.3451388888888889 0.0453125 0.09583333333333334
1 0.901953125 0.9513888888888888 0.12734375 0.09722222222222222
1 0.465625 0.18333333333333332 0.0234375 0.05555555555555555
3 0.559375 0.28888888888888886 0.05625 0.13055555555555556
0 0.47734375 0.6465277777777778 0.040625 0.12361111111111112
0 0.50703125 0.6180555555555556 0.028125 0.13055555555555556
0 0.803125 0.6277777777777778 0.0546875 0.15
