0 0.658984375 0.4340277777777778 0.02578125 0.08194444444444444
0 0.775 0.5173611111111112 0.025 0.10416666666666667
0 0.751171875 0.4215277777777778 0.01796875 0.06805555555555555
0 0.698828125 0.43194444444444446 0.02265625 0.07777777777777778
0 0.52734375 0.49027777777777776 0.0421875 0.1111111111111111
0 0.72734375 0.41875 0.01875 0.06527777777777778
0 0.80625 0.5430555555555555 0.0265625 0.10833333333333334
0 0.825390625 0.45069444444444445 0.01640625 0.06527777777777778
0 0.6125 0.4305555555555556 0.0296875 0.08611111111111111
0 0.862109375 0.45625 0.01640625 0.05694444444444444
1 0.427734375 0.8118055555555556 0.23359375 0.2708333333333333
0 0.808984375 0.4076388888888889 0.01484375 0.04861111111111111
