0 0.808203125 0.49444444444444446 0.02265625 0.08055555555555556
0 0.74609375 0.8520833333333333 0.0609375 0.2125
0 0.096484375 0.7131944444444445 0.09453125 0.18194444444444444
0 0.033984375 0.8506944444444444 0.06484375 0.2013888888888889
0 0.559765625 0.4895833333333333 0.02734375 0.08194444444444444
0 0.5875 0.4701388888888889 0.025 0.08194444444444444
0 0.83125 0.4409722222222222 0.0140625 0.05138888888888889
0 0.69609375 0.40347222222222223 0.0171875 0.05694444444444444
0 0.018359375 0.7006944444444444 0.03671875 0.12361111111111112
3 0.6578125 0.5180555555555556 0.1390625 0.2111111111111111
3 0.380078125 0.7222222222222222 0.39921875 0.5166666666666667
1 0.780078125 0.4527777777777778 0.02265625 0.08333333333333333
3 0.741015625 0.4701388888888889 0.04765625 0.14583333333333334
