0 0.04296875 0.7819444444444444 0.0859375 0.19444444444444445
0 0.65234375 0.8076388888888889 0.053125 0.1875
0 0.821875 0.5479166666666667 0.0234375 0.09861111111111111
0 0.737109375 0.6402777777777777 0.03359375 0.1361111111111111
0 0.79921875 0.6472222222222223 0.0328125 0.1361111111111111
0 0.87578125 0.5041666666666667 0.021875 0.08055555555555556
0 0.8421875 0.44375 0.015625 0.05138888888888889
0 0.791796875 0.5631944444444444 0.02578125 0.09305555555555556
3 0.480078125 0.64375 0.26953125 0.38472222222222224
3 0.68984375 0.5027777777777778 0.1125 0.18055555555555555
3 0.758984375 0.4479166666666667 0.04296875 0.11805555555555555
1 0.79375 0.4361111111111111 0.0203125 0.06666666666666667
0 0.81328125 0.5013888888888889 0.0171875 0.06944444444444445
0 0.83046875 0.48194444444444445 0.0171875 0.05555555555555555
