0 0.112890625 0.8840277777777777 0.05234375 0.20416666666666666
0 0.29921875 0.8694444444444445 0.05 0.2111111111111111
0 0.192578125 0.6972222222222222 0.04296875 0.1638888888888889
0 0.799609375 0.5722222222222222 0.03046875 0.14444444444444443
0 0.744921875 0.5479166666666667 0.02890625 0.14305555555555555
0 0.714453125 0.4486111111111111 0.03359375 0.10277777777777777
0 0.6296875 0.3 0.01875 0.075
0 0.58984375 0.28541666666666665 0.015625 0.07083333333333333
0 0.790234375 0.4895833333333333 0.02890625 0.10416666666666667
0 0.706640625 0.35555555555555557 0.02890625 0.08888888888888889
0 0.68046875 0.3972222222222222 0.03125 0.09722222222222222
0 0.31796875 0.3090277777777778 0.0234375 0.0763888888888889
0 0.633984375 0.3770833333333333 0.03359375 0.0875
0 0.661328125 0.32708333333333334 0.02421875 0.07916666666666666
0 0.610546875 0.33958333333333335 0.02734375 0.08472222222222223
0 0.01953125 0.4909722222222222 0.0390625 0.09583333333333334
0 0.01328125 0.9479166666666666 0.0265625 0.10416666666666667
0 0.81484375 0.43472222222222223 0.03125 0.08333333333333333
0 0.56640625 0.18611111111111112 0.015625 0.04722222222222222
1 0.925 0.9236111111111112 0.1359375 0.1527777777777778
1 0.549609375 0.27847222222222223 0.04140625 0.0763888888888889
1 0.277734375 0.38680555555555557 0.11015625 0.09861111111111111
1 0.41875 0.6465277777777778 0.090625 0.22916666666666666
1 0.365234375 0.3 0.04609375 0.08333333333333333
1 0.410546875 0.24583333333333332 0.03671875 0.08333333333333333
2 0.449609375 0.27708333333333335 0.03359375 0.08194444444444444
3 0.440625 0.41944444444444445 0.075 0.20277777777777778
3 0.462890625 0.1986111111111111 0.03046875 0.08888888888888889
3 0.683984375 0.6993055555555555 0.28671875 0.5986111111111111
