0 0.41640625 0.5944444444444444 0.0640625 0.16944444444444445
0 0.790625 0.4652777777777778 0.021875 0.075
0 0.06328125 0.6902777777777778 0.109375 0.21666666666666667
0 0.830078125 0.46597222222222223 0.01796875 0.06527777777777778
0 0.346875 0.5631944444444444 0.0640625 0.1597222222222222
0 0.708203125 0.4465277777777778 0.02421875 0.07916666666666666
0 0.571875 0.5020833333333333 0.0421875 0.1125
0 0.854296875 0.46041666666666664 0.01796875 0.06527777777777778
0 0.622265625 0.6166666666666667 0.04453125 0.125
0 0.6109375 0.5069444444444444 0.0375 0.10833333333333334
0 0.675 0.55625 0.0375 0.1125
0 0.8171875 0.45208333333333334 0.015625 0.0625
0 0.5109375 0.7284722222222222 0.06875 0.17083333333333334
0 0.771875 0.41805555555555557 0.015625 0.05555555555555555
0 0.736328125 0.39166666666666666 0.01328125 0.04722222222222222
2 0.58046875 0.8444444444444444 0.353125 0.3111111111111111
0 0.87421875 0.5159722222222223 0.046875 0.0763888888888889
0 0.75625 0.3861111111111111 0.0171875 0.05277777777777778
0 0.8015625 0.43125 0.015625 0.04861111111111111
