0 0.9015625 0.73125 0.0453125 0.15416666666666667
0 0.18984375 0.5902777777777778 0.0390625 0.15
0 0.836328125 0.7694444444444445 0.05078125 0.16944444444444445
0 0.41015625 0.4652777777777778 0.05625 0.11944444444444445
0 0.621484375 0.7548611111111111 0.08515625 0.1597222222222222
0 0.180859375 0.8375 0.04765625 0.21944444444444444
0 0.118359375 0.38125 0.05703125 0.09305555555555556
0 0.758203125 0.6326388888888889 0.03828125 0.15138888888888888
0 0.569140625 0.32013888888888886 0.02265625 0.07083333333333333
0 0.7453125 0.55 0.0328125 0.125
0 0.8953125 0.5076388888888889 0.0625 0.10416666666666667
0 0.504296875 0.7951388888888888 0.04140625 0.18472222222222223
0 0.606640625 0.32569444444444445 0.01796875 0.08472222222222223
0 0.362109375 0.40555555555555556 0.02578125 0.10555555555555556
0 0.540234375 0.2965277777777778 0.01953125 0.08472222222222223
0 0.473046875 0.6638888888888889 0.03671875 0.14722222222222223
0 0.25 0.6458333333333334 0.0421875 0.15
0 0.05625 0.8944444444444445 0.0609375 0.2
0 0.65 0.31180555555555556 0.025 0.0763888888888889
0 0.51171875 0.3125 0.0234375 0.07777777777777778
0 0.831640625 0.6284722222222222 0.05234375 0.12638888888888888
0 0.04140625 0.7694444444444445 0.0578125 0.15833333333333333
0 0.66875 0.3 0.0234375 0.075
0 0.298828125 0.325 0.03984375 0.08055555555555556
0 0.010546875 0.3388888888888889 0.01796875 0.08333333333333333
0 0.814453125 0.43680555555555556 0.03203125 0.0875
1 0.628125 0.49166666666666664 0.078125 0.14166666666666666
1 0.53359375 0.6145833333333334 0.096875 0.18194444444444444
1 0.416796875 0.39652777777777776 0.05234375 0.10694444444444444
1 0.306640625 0.3840277777777778 0.07578125 0.09027777777777778
1 0.51171875 0.18611111111111112 0.0265625 0.05277777777777778
1 0.58359375 0.27291666666666664 0.03125 0.06527777777777778
1 0.563671875 0.22847222222222222 0.02734375 0.04861111111111111
3 0.44140625 0.30486111111111114 0.0515625 0.1375
3 0.455078125 0.1701388888888889 0.03046875 0.09305555555555556
2 0.30859375 0.7638888888888888 0.2484375 0.4722222222222222
