0 0.683984375 0.46111111111111114 0.04765625 0.15555555555555556
0 0.62109375 0.2659722222222222 0.0296875 0.09305555555555556
0 0.653125 0.3347222222222222 0.0359375 0.12222222222222222
0 0.59921875 0.3486111111111111 0.04375 0.13333333333333333
0 0.57734375 0.21666666666666667 0.025 0.06944444444444445
0 0.49375 0.28055555555555556 0.03125 0.1
0 0.4203125 0.2548611111111111 0.05625 0.11805555555555555
0 0.421484375 0.33194444444444443 0.04296875 0.13055555555555556
0 0.369921875 0.28194444444444444 0.04296875 0.11388888888888889
0 0.283203125 0.4041666666666667 0.06328125 0.18888888888888888
0 0.32734375 0.8361111111111111 0.09375 0.3277777777777778
0 0.49765625 0.7131944444444445 0.065625 0.2569444444444444
0 0.56015625 0.5402777777777777 0.046875 0.18888888888888888
0 0.61171875 0.1840277777777778 0.01875 0.05694444444444444
0 0.634375 0.1875 0.0140625 0.05
0 0.675 0.2263888888888889 0.0171875 0.06388888888888888
