0 0.544921875 0.64375 0.02890625 0.12916666666666668
0 0.383984375 0.6784722222222223 0.03359375 0.15694444444444444
0 0.32265625 0.6416666666666667 0.028125 0.10555555555555556
0 0.36328125 0.55 0.0234375 0.07777777777777778
0 0.258984375 0.8625 0.03828125 0.13333333333333333
0 0.523828125 0.5666666666666667 0.02421875 0.10555555555555556
0 0.51875 0.4847222222222222 0.0171875 0.075
0 0.448046875 0.45208333333333334 0.01484375 0.06527777777777778
0 0.49609375 0.44166666666666665 0.0109375 0.05555555555555555
0 0.4765625 0.4013888888888889 0.009375 0.041666666666666664
0 0.48828125 0.4 0.00625 0.03888888888888889
