0 0.696484375 0.7902777777777777 0.05546875 0.17777777777777778
0 0.74453125 0.6652777777777777 0.040625 0.15833333333333333
0 0.812109375 0.6104166666666667 0.02421875 0.12083333333333333
0 0.737890625 0.49444444444444446 0.02109375 0.09166666666666666
0 0.816796875 0.5048611111111111 0.01484375 0.08194444444444444
0 0.836328125 0.5083333333333333 0.01953125 0.08333333333333333
0 0.849609375 0.48819444444444443 0.01328125 0.06805555555555555
3 0.64296875 0.4326388888888889 0.20625 0.2847222222222222
1 0.776953125 0.4930555555555556 0.04296875 0.09166666666666666
3 0.7921875 0.38472222222222224 0.0828125 0.13055555555555556
