0 0.44609375 0.8465277777777778 0.05625 0.24861111111111112
0 0.59765625 0.6659722222222222 0.0375 0.14305555555555555
0 0.319921875 0.6409722222222223 0.02734375 0.09583333333333334
0 0.256640625 0.8659722222222223 0.03828125 0.14583333333333334
0 0.364453125 0.5576388888888889 0.02109375 0.0875
0 0.487890625 0.45694444444444443 0.02265625 0.06111111111111111
0 0.463671875 0.46597222222222223 0.02265625 0.06527777777777778
0 0.45625 0.5590277777777778 0.0265625 0.0625
0 0.576171875 0.5479166666666667 0.02734375 0.0763888888888889
0 0.521875 0.4375 0.0171875 0.058333333333333334
