0 0.80078125 0.5611111111111111 0.0703125 0.11388888888888889
0 0.642578125 0.5638888888888889 0.06484375 0.11388888888888889
0 0.112890625 0.4340277777777778 0.05859375 0.09583333333333334
0 0.907421875 0.5611111111111111 0.07265625 0.1111111111111111
0 0.6671875 0.4548611111111111 0.0578125 0.10416666666666667
0 0.30859375 0.39375 0.0375 0.09027777777777778
0 0.44921875 0.33819444444444446 0.03125 0.0763888888888889
0 0.580078125 0.29583333333333334 0.01640625 0.07777777777777778
0 0.625390625 0.3229166666666667 0.02421875 0.09027777777777778
0 0.5125 0.45625 0.0546875 0.09861111111111111
0 0.37109375 0.4618055555555556 0.0609375 0.09861111111111111
0 0.064453125 0.3770833333333333 0.05546875 0.08472222222222223
0 0.411328125 0.42430555555555555 0.03359375 0.09861111111111111
0 0.5421875 0.2604166666666667 0.0171875 0.06527777777777778
0 0.58359375 0.5166666666666667 0.0578125 0.10833333333333334
0 0.384765625 0.29791666666666666 0.02265625 0.07361111111111111
0 0.4625 0.43680555555555556 0.04375 0.0875
0 0.775 0.5208333333333334 0.0578125 0.10555555555555556
0 0.4234375 0.2986111111111111 0.015625 0.07222222222222222
0 0.634765625 0.25763888888888886 0.01796875 0.06527777777777778
0 0.68359375 0.3138888888888889 0.028125 0.08333333333333333
0 0.7125 0.3645833333333333 0.0265625 0.0875
0 0.35390625 0.29444444444444445 0.0203125 0.07222222222222222
0 0.333203125 0.29444444444444445 0.02265625 0.07222222222222222
0 0.813671875 0.4361111111111111 0.03671875 0.09166666666666666
0 0.008984375 0.33819444444444446 0.01796875 0.09027777777777778
0 0.401953125 0.29791666666666666 0.02109375 0.07083333333333333
0 0.34609375 0.43680555555555556 0.0390625 0.10138888888888889
0 0.613671875 0.24444444444444444 0.01484375 0.058333333333333334
0 0.485546875 0.4215277777777778 0.03203125 0.09027777777777778
1 0.075 0.8138888888888889 0.1515625 0.2972222222222222
1 0.23046875 0.4486111111111111 0.115625 0.10277777777777777
1 0.5125 0.3458333333333333 0.090625 0.09166666666666666
1 0.45625 0.28125 0.034375 0.08194444444444444
