0 0.1390625 0.53125 0.0953125 0.2708333333333333
0 0.2796875 0.7381944444444445 0.1265625 0.2847222222222222
0 0.287890625 0.9333333333333333 0.13515625 0.13333333333333333
0 0.57421875 0.42083333333333334 0.053125 0.15555555555555556
0 0.653125 0.45208333333333334 0.046875 0.1597222222222222
0 0.683984375 0.46875 0.05859375 0.16527777777777777
0 0.498828125 0.22847222222222222 0.03203125 0.09583333333333334
0 0.543359375 0.21944444444444444 0.03046875 0.09722222222222222
0 0.5765625 0.2111111111111111 0.0296875 0.09166666666666666
0 0.480859375 0.15833333333333333 0.04140625 0.06944444444444445
0 0.6484375 0.27152777777777776 0.0328125 0.0875
0 0.60625 0.18541666666666667 0.015625 0.059722222222222225
0 0.625390625 0.19722222222222222 0.01953125 0.06944444444444445
0 0.662890625 0.21805555555555556 0.01796875 0.05277777777777778
