0 0.448828125 0.5340277777777778 0.07109375 0.12361111111111112
0 0.728125 0.5201388888888889 0.0328125 0.12916666666666668
0 0.323046875 0.425 0.02421875 0.1111111111111111
0 0.89296875 0.7152777777777778 0.0640625 0.14722222222222223
0 0.51171875 0.3645833333333333 0.0296875 0.09861111111111111
0 0.412109375 0.36736111111111114 0.02265625 0.09305555555555556
0 0.628125 0.34375 0.021875 0.0875
0 0.380078125 0.35347222222222224 0.01796875 0.09027777777777778
0 0.28515625 0.36319444444444443 0.025 0.09027777777777778
0 0.321875 0.35138888888888886 0.021875 0.09444444444444444
0 0.352734375 0.3277777777777778 0.01953125 0.09166666666666666
0 0.85546875 0.6305555555555555 0.059375 0.13333333333333333
0 0.501953125 0.29583333333333334 0.02890625 0.06666666666666667
0 0.393359375 0.2972222222222222 0.01640625 0.08611111111111111
0 0.884375 0.6145833333333334 0.05 0.11805555555555555
1 0.534375 0.23819444444444443 0.0390625 0.07361111111111111
1 0.567578125 0.325 0.04453125 0.08888888888888889
1 0.400390625 0.25416666666666665 0.03515625 0.075
1 0.44609375 0.2701388888888889 0.0375 0.08472222222222223
1 0.32265625 0.16805555555555557 0.034375 0.06388888888888888
1 0.415625 0.19930555555555557 0.028125 0.05416666666666667
