0 0.685546875 0.37222222222222223 0.02421875 0.10277777777777777
0 0.378125 0.16111111111111112 0.0515625 0.10555555555555556
0 0.291015625 0.1326388888888889 0.04453125 0.10138888888888889
0 0.228125 0.4895833333333333 0.10625 0.2513888888888889
0 0.3734375 0.35138888888888886 0.040625 0.14166666666666666
0 0.4625 0.7993055555555556 0.0921875 0.2902777777777778
0 0.3625 0.2611111111111111 0.0515625 0.13055555555555556
0 0.4078125 0.26319444444444445 0.0328125 0.10416666666666667
0 0.50546875 0.27291666666666664 0.0234375 0.09305555555555556
0 0.553125 0.24930555555555556 0.0265625 0.09027777777777778
0 0.577734375 0.34652777777777777 0.02734375 0.12638888888888888
0 0.630078125 0.39791666666666664 0.03203125 0.12916666666666668
0 0.495703125 0.2520833333333333 0.02265625 0.09305555555555556
0 0.630078125 0.23055555555555557 0.01640625 0.07222222222222222
0 0.651953125 0.22916666666666666 0.01640625 0.06944444444444445
0 0.6703125 0.24375 0.0171875 0.08194444444444444
0 0.572265625 0.1986111111111111 0.01484375 0.06111111111111111
0 0.59453125 0.2875 0.0203125 0.09444444444444444
0 0.6390625 0.30625 0.0234375 0.08194444444444444
