0 0.630859375 0.8284722222222223 0.05234375 0.20416666666666666
0 0.773046875 0.6847222222222222 0.04140625 0.16944444444444445
0 0.12734375 0.7604166666666666 0.0828125 0.16527777777777777
0 0.478515625 0.49236111111111114 0.03984375 0.10416666666666667
0 0.710546875 0.5131944444444444 0.02890625 0.09305555555555556
0 0.8265625 0.5597222222222222 0.028125 0.10277777777777777
0 0.79921875 0.5111111111111111 0.01875 0.09444444444444444
0 0.76640625 0.4979166666666667 0.0234375 0.0875
0 0.684375 0.42777777777777776 0.021875 0.08888888888888889
0 0.633203125 0.4597222222222222 0.02109375 0.07222222222222222
0 0.616015625 0.4326388888888889 0.01953125 0.07083333333333333
0 0.590625 0.45208333333333334 0.025 0.08194444444444444
1 0.539453125 0.6236111111111111 0.23359375 0.3388888888888889
