0 0.977734375 0.7833333333333333 0.04453125 0.16666666666666666
0 0.933203125 0.8069444444444445 0.05234375 0.16944444444444445
0 0.901171875 0.53125 0.04296875 0.10416666666666667
0 0.582421875 0.2923611111111111 0.01171875 0.04583333333333333
0 0.566015625 0.2638888888888889 0.01015625 0.041666666666666664
0 0.386328125 0.35555555555555557 0.04921875 0.058333333333333334
0 0.28671875 0.2972222222222222 0.009375 0.03888888888888889
0 0.261328125 0.3625 0.01484375 0.058333333333333334
0 0.22109375 0.42430555555555555 0.0265625 0.06805555555555555
0 0.14921875 0.5527777777777778 0.0265625 0.09722222222222222
0 0.052734375 0.6451388888888889 0.03515625 0.11805555555555555
1 0.24609375 0.5909722222222222 0.0984375 0.18472222222222223
2 0.13046875 0.8145833333333333 0.25 0.37083333333333335
3 0.851953125 0.30486111111111114 0.29609375 0.2763888888888889
