0 0.119140625 0.7402777777777778 0.09921875 0.175
0 0.653125 0.4486111111111111 0.0265625 0.08888888888888889
0 0.81484375 0.5291666666666667 0.0234375 0.09722222222222222
0 0.408984375 0.6979166666666666 0.06953125 0.1597222222222222
0 0.49375 0.5180555555555556 0.0484375 0.11666666666666667
0 0.690625 0.4597222222222222 0.0234375 0.08333333333333333
0 0.541015625 0.46111111111111114 0.03515625 0.09444444444444444
0 0.86171875 0.4638888888888889 0.0171875 0.06388888888888888
0 0.57421875 0.5159722222222223 0.04375 0.11527777777777778
0 0.770703125 0.5909722222222222 0.03359375 0.13472222222222222
0 0.790234375 0.5013888888888889 0.01953125 0.07777777777777778
0 0.845703125 0.46111111111111114 0.01640625 0.06388888888888888
0 0.394921875 0.5861111111111111 0.04921875 0.125
0 0.7390625 0.40347222222222223 0.0171875 0.0625
0 0.732421875 0.49375 0.05078125 0.09583333333333334
0 0.821484375 0.47708333333333336 0.01640625 0.05694444444444444
0 0.715625 0.42430555555555555 0.0171875 0.06527777777777778
1 0.769140625 0.46111111111111114 0.04296875 0.06666666666666667
