0 0.521484375 0.7833333333333333 0.08359375 0.11666666666666667
0 0.055859375 0.5993055555555555 0.04609375 0.09861111111111111
0 0.178515625 0.4361111111111111 0.02265625 0.06388888888888888
0 0.2375 0.3958333333333333 0.0203125 0.06666666666666667
0 0.262109375 0.325 0.01484375 0.058333333333333334
1 0.280078125 0.44930555555555557 0.05390625 0.12083333333333333
3 0.32578125 0.29305555555555557 0.0390625 0.10555555555555556
2 0.37734375 0.28680555555555554 0.0328125 0.08472222222222223
3 0.46875 0.2708333333333333 0.05625 0.12777777777777777
2 0.147265625 0.8722222222222222 0.19140625 0.25555555555555554
0 0.570703125 0.2520833333333333 0.01796875 0.05138888888888889
