0 0.1578125 0.6875 0.0828125 0.15555555555555556
0 0.74375 0.6541666666666667 0.040625 0.1527777777777778
0 0.331640625 0.5458333333333333 0.04765625 0.11388888888888889
0 0.817578125 0.5930555555555556 0.02265625 0.10277777777777777
0 0.641796875 0.43125 0.02578125 0.07361111111111111
0 0.773828125 0.5479166666666667 0.02421875 0.09861111111111111
0 0.835546875 0.5055555555555555 0.01953125 0.08055555555555556
0 0.8015625 0.5305555555555556 0.0203125 0.08611111111111111
0 0.875390625 0.5020833333333333 0.01796875 0.07361111111111111
0 0.658203125 0.41041666666666665 0.01640625 0.0625
0 0.8171875 0.4826388888888889 0.0109375 0.06527777777777778
3 0.500390625 0.6229166666666667 0.28671875 0.3902777777777778
3 0.704296875 0.48541666666666666 0.10390625 0.17083333333333334
3 0.769921875 0.4409722222222222 0.03359375 0.11805555555555555
1 0.795703125 0.4375 0.01953125 0.06944444444444445
