0 0.0953125 0.8923611111111112 0.05625 0.19027777777777777
0 0.863671875 0.7541666666666667 0.05078125 0.17222222222222222
0 0.47890625 0.5340277777777778 0.028125 0.13194444444444445
0 0.28203125 0.6854166666666667 0.0375 0.16805555555555557
0 0.305859375 0.45208333333333334 0.02578125 0.11805555555555555
0 0.19921875 0.6625 0.0375 0.16666666666666666
0 0.74453125 0.4791666666666667 0.0328125 0.11666666666666667
0 0.1734375 0.8784722222222222 0.0484375 0.20694444444444443
0 0.34765625 0.3506944444444444 0.0234375 0.09027777777777778
0 0.76796875 0.5576388888888889 0.03125 0.13194444444444445
0 0.646484375 0.6493055555555556 0.05234375 0.14583333333333334
0 0.369921875 0.28055555555555556 0.01484375 0.08055555555555556
0 0.065625 0.3923611111111111 0.0546875 0.0875
0 0.471484375 0.8104166666666667 0.04453125 0.18472222222222223
0 0.48046875 0.7125 0.05 0.16111111111111112
0 0.406640625 0.2798611111111111 0.01953125 0.07361111111111111
0 0.219140625 0.37777777777777777 0.04140625 0.08611111111111111
0 0.512109375 0.46597222222222223 0.02578125 0.1125
0 0.535546875 0.5347222222222222 0.03671875 0.14722222222222223
0 0.501953125 0.60625 0.03828125 0.1125
0 0.472265625 0.22777777777777777 0.01328125 0.05277777777777778
0 0.437890625 0.22569444444444445 0.01640625 0.0625
0 0.01015625 0.33819444444444446 0.0171875 0.0875
0 0.94140625 0.48125 0.075 0.10138888888888889
1 0.74609375 0.9194444444444444 0.16875 0.16111111111111112
1 0.66796875 0.42569444444444443 0.071875 0.11527777777777778
1 0.5875 0.2722222222222222 0.0359375 0.06666666666666667
1 0.3640625 0.8118055555555556 0.096875 0.2708333333333333
3 0.532421875 0.2701388888888889 0.04765625 0.10694444444444444
0 0.494921875 0.65 0.03515625 0.15
1 0.390625 0.47847222222222224 0.075 0.16527777777777777
1 0.398828125 0.36666666666666664 0.05859375 0.06944444444444445
