0 0.4 0.8486111111111111 0.078125 0.25277777777777777
0 0.645703125 0.9375 0.04921875 0.125
0 0.51796875 0.5993055555555555 0.0296875 0.13194444444444445
0 0.544140625 0.5444444444444444 0.02109375 0.08611111111111111
0 0.57578125 0.5486111111111112 0.025 0.075
0 0.259765625 0.8631944444444445 0.03828125 0.1486111111111111
0 0.31484375 0.6458333333333334 0.0265625 0.1
0 0.363671875 0.5520833333333334 0.02265625 0.07361111111111111
0 0.5046875 0.46111111111111114 0.01875 0.06388888888888888
0 0.498046875 0.40902777777777777 0.01796875 0.043055555555555555
