0 0.575 0.7777777777777778 0.0484375 0.19722222222222222
0 0.3203125 0.75625 0.0453125 0.1736111111111111
0 0.258203125 0.86875 0.03515625 0.1597222222222222
0 0.216015625 0.9006944444444445 0.04765625 0.15138888888888888
0 0.319140625 0.6423611111111112 0.02421875 0.09583333333333334
0 0.417578125 0.64375 0.02578125 0.13194444444444445
0 0.36640625 0.5458333333333333 0.021875 0.07222222222222222
0 0.40234375 0.525 0.025 0.1
0 0.454296875 0.5270833333333333 0.02421875 0.09027777777777778
0 0.628515625 0.6138888888888889 0.02421875 0.1
0 0.519140625 0.5152777777777777 0.02265625 0.08888888888888889
0 0.533203125 0.48680555555555555 0.01796875 0.07916666666666666
0 0.5078125 0.46458333333333335 0.01875 0.0763888888888889
0 0.4734375 0.4326388888888889 0.015625 0.05138888888888889
