0 0.528125 0.8145833333333333 0.040625 0.18194444444444444
0 0.883984375 0.7701388888888889 0.04453125 0.1625
0 0.1578125 0.4222222222222222 0.05 0.09444444444444444
0 0.253515625 0.6708333333333333 0.03671875 0.16111111111111112
0 0.761328125 0.55 0.03046875 0.12777777777777777
0 0.3234375 0.5229166666666667 0.0296875 0.1375
0 0.9421875 0.7291666666666666 0.0453125 0.1527777777777778
0 0.840234375 0.6611111111111111 0.04609375 0.15555555555555556
0 0.80546875 0.575 0.0296875 0.12777777777777777
0 0.520703125 0.6701388888888888 0.03515625 0.1486111111111111
0 0.50546875 0.5618055555555556 0.0296875 0.12916666666666668
0 0.274609375 0.3548611111111111 0.03203125 0.08472222222222223
0 0.33671875 0.28541666666666665 0.0171875 0.0763888888888889
0 0.36796875 0.25972222222222224 0.015625 0.07222222222222222
0 0.08203125 0.36527777777777776 0.0484375 0.06944444444444445
0 0.696484375 0.4076388888888889 0.03515625 0.09027777777777778
0 0.805078125 0.4951388888888889 0.03046875 0.09861111111111111
0 0.809375 0.42569444444444443 0.028125 0.0875
0 0.675 0.36736111111111114 0.028125 0.0875
1 0.44609375 0.25833333333333336 0.0359375 0.07777777777777778
3 0.58125 0.42291666666666666 0.1015625 0.2569444444444444
3 0.462109375 0.17291666666666666 0.02890625 0.07916666666666666
3 0.4109375 0.1840277777777778 0.0328125 0.09305555555555556
3 0.7296875 0.8513888888888889 0.2015625 0.2861111111111111
3 0.698828125 0.5194444444444445 0.09609375 0.2
3 0.433203125 0.45 0.07265625 0.23333333333333334
2 0.615625 0.29583333333333334 0.0765625 0.14722222222222223
