0 0.47890625 0.16041666666666668 0.0390625 0.06805555555555555
0 0.582421875 0.19791666666666666 0.02109375 0.06527777777777778
0 0.59921875 0.26944444444444443 0.025 0.09444444444444444
0 0.62734375 0.3104166666666667 0.028125 0.10694444444444444
0 0.57421875 0.33194444444444443 0.0359375 0.11388888888888889
0 0.634765625 0.24791666666666667 0.01796875 0.07083333333333333
0 0.6640625 0.25416666666666665 0.0203125 0.07222222222222222
0 0.444140625 0.5611111111111111 0.07578125 0.21388888888888888
0 0.4734375 0.6638888888888889 0.078125 0.24722222222222223
0 0.271875 0.41597222222222224 0.0671875 0.1875
0 0.211328125 0.6763888888888889 0.10703125 0.2777777777777778
0 0.650390625 0.45069444444444445 0.04453125 0.1486111111111111
0 0.67890625 0.4791666666666667 0.046875 0.1527777777777778
0 0.525 0.24930555555555556 0.0359375 0.09305555555555556
0 0.603515625 0.1763888888888889 0.01484375 0.05277777777777778
