0 0.573046875 0.4895833333333333 0.03671875 0.10138888888888889
0 0.605859375 0.74375 0.05078125 0.1875
0 0.620703125 0.44583333333333336 0.03046875 0.08611111111111111
0 0.45703125 0.78125 0.08125 0.1763888888888889
0 0.3546875 0.5875 0.0640625 0.1361111111111111
0 0.844921875 0.4638888888888889 0.01796875 0.06388888888888888
0 0.48671875 0.5361111111111111 0.05 0.12222222222222222
0 0.01328125 0.7430555555555556 0.0265625 0.20555555555555555
1 0.762109375 0.4708333333333333 0.05859375 0.08888888888888889
1 0.20625 0.79375 0.3203125 0.3402777777777778
1 0.809375 0.4215277777777778 0.0234375 0.05416666666666667
3 0.8265625 0.36875 0.046875 0.0875
0 0.202734375 0.5902777777777778 0.08984375 0.08055555555555556
