0 0.72890625 0.4527777777777778 0.025 0.1111111111111111
0 0.721875 0.5923611111111111 0.03125 0.14027777777777778
0 0.830859375 0.5875 0.03828125 0.12777777777777777
0 0.198828125 0.89375 0.05859375 0.19027777777777777
0 0.3140625 0.4354166666666667 0.025 0.11805555555555555
0 0.68359375 0.5194444444444445 0.0296875 0.125
0 0.15078125 0.3798611111111111 0.0578125 0.09027777777777778
0 0.153125 0.7 0.0390625 0.1638888888888889
0 0.97109375 0.8791666666666667 0.04375 0.18333333333333332
0 0.35546875 0.4673611111111111 0.025 0.12638888888888888
0 0.130078125 0.8388888888888889 0.05078125 0.19444444444444445
0 0.51015625 0.4673611111111111 0.028125 0.12638888888888888
0 0.784765625 0.5083333333333333 0.03203125 0.10833333333333334
0 0.665234375 0.42083333333333334 0.02734375 0.10277777777777777
0 0.296875 0.5479166666666667 0.0296875 0.13472222222222222
0 0.683984375 0.36527777777777776 0.02421875 0.09444444444444444
0 0.8828125 0.7111111111111111 0.0453125 0.1527777777777778
0 0.64453125 0.30833333333333335 0.01875 0.075
0 0.7625 0.5625 0.0375 0.12777777777777777
0 0.83828125 0.89375 0.0453125 0.1875
0 0.23984375 0.5763888888888888 0.03125 0.14444444444444443
0 0.263671875 0.8416666666666667 0.04296875 0.19722222222222222
0 0.296875 0.36666666666666664 0.0234375 0.09444444444444444
0 0.493359375 0.30972222222222223 0.02265625 0.07777777777777778
0 0.309765625 0.6729166666666667 0.03359375 0.15416666666666667
0 0.3703125 0.29444444444444445 0.015625 0.08055555555555556
0 0.08046875 0.3659722222222222 0.053125 0.07916666666666666
0 0.808984375 0.425 0.03203125 0.09166666666666666
0 0.3578125 0.38958333333333334 0.0171875 0.06805555555555555
0 0.6203125 0.25277777777777777 0.01875 0.05277777777777778
0 0.403515625 0.2548611111111111 0.01484375 0.06805555555555555
0 0.425390625 0.22777777777777777 0.01171875 0.06388888888888888
0 0.59609375 0.23958333333333334 0.0171875 0.059722222222222225
0 0.009765625 0.3388888888888889 0.01640625 0.08611111111111111
0 0.566015625 0.22708333333333333 0.01484375 0.05694444444444444
1 0.580078125 0.4527777777777778 0.06640625 0.11666666666666667
1 0.534375 0.2791666666666667 0.0359375 0.08055555555555556
1 0.433984375 0.29583333333333334 0.04140625 0.06944444444444445
1 0.442578125 0.46875 0.05703125 0.14583333333333334
1 0.44609375 0.3659722222222222 0.05 0.09861111111111111
1 0.520703125 0.2111111111111111 0.02890625 0.07222222222222222
1 0.60703125 0.3284722222222222 0.0546875 0.10694444444444444
1 0.4578125 0.2375 0.0296875 0.08888888888888889
3 0.690625 0.8215277777777777 0.203125 0.35694444444444445
3 0.401953125 0.7701388888888889 0.15546875 0.42916666666666664
3 0.458203125 0.2298611111111111 0.03203125 0.0875
0 0.34609375 0.35347222222222224 0.015625 0.08194444444444444
