0 0.31171875 0.25 0.0375 0.06944444444444445
0 0.18203125 0.225 0.021875 0.058333333333333334
0 0.084375 0.24583333333333332 0.01875 0.05277777777777778
0 0.1484375 0.30972222222222223 0.0234375 0.08611111111111111
0 0.27890625 0.50625 0.04375 0.1597222222222222
0 0.25390625 0.5881944444444445 0.059375 0.18194444444444444
0 0.394921875 0.3680555555555556 0.04609375 0.11666666666666667
1 0.1484375 0.23472222222222222 0.034375 0.06111111111111111
1 0.21171875 0.23680555555555555 0.0484375 0.06527777777777778
1 0.219921875 0.2986111111111111 0.05703125 0.08611111111111111
1 0.479296875 0.42986111111111114 0.16015625 0.17083333333333334
