0 0.480078125 0.15833333333333333 0.03984375 0.06944444444444445
0 0.428515625 0.31527777777777777 0.03828125 0.14444444444444443
0 0.2671875 0.41388888888888886 0.065625 0.18611111111111112
0 0.035546875 0.6444444444444445 0.07109375 0.26944444444444443
0 0.56875 0.26458333333333334 0.0265625 0.09583333333333334
0 0.587109375 0.3277777777777778 0.03984375 0.10833333333333334
0 0.628515625 0.3194444444444444 0.03359375 0.1111111111111111
0 0.659375 0.2722222222222222 0.0265625 0.08611111111111111
0 0.654296875 0.45 0.05078125 0.14166666666666666
0 0.67890625 0.4826388888888889 0.046875 0.15138888888888888
1 0.5078125 0.2673611111111111 0.08125 0.10972222222222222
0 0.155078125 0.14444444444444443 0.03046875 0.08333333333333333
