0 0.82421875 0.86875 0.0578125 0.19583333333333333
0 0.66640625 0.4125 0.025 0.10555555555555556
0 0.30859375 0.40694444444444444 0.0203125 0.10555555555555556
0 0.726953125 0.4395833333333333 0.03046875 0.10416666666666667
0 0.26953125 0.8805555555555555 0.0453125 0.19722222222222222
0 0.183203125 0.55 0.02734375 0.14444444444444443
0 0.3015625 0.5041666666666667 0.0234375 0.12222222222222222
0 0.096484375 0.3701388888888889 0.05703125 0.08472222222222223
0 0.66953125 0.3 0.021875 0.08055555555555556
0 0.226953125 0.4666666666666667 0.02421875 0.1111111111111111
0 0.270703125 0.47708333333333336 0.02265625 0.11527777777777778
0 0.59609375 0.26875 0.0203125 0.07361111111111111
0 0.228125 0.7 0.0375 0.1638888888888889
0 0.555859375 0.31527777777777777 0.02265625 0.08333333333333333
0 0.278125 0.6430555555555556 0.03125 0.14166666666666666
0 0.26875 0.5611111111111111 0.0265625 0.1111111111111111
0 0.220703125 0.5868055555555556 0.03203125 0.13472222222222222
0 0.5828125 0.28194444444444444 0.015625 0.07222222222222222
0 0.410546875 0.24166666666666667 0.01328125 0.06666666666666667
0 0.010546875 0.3388888888888889 0.01796875 0.08888888888888889
0 0.348046875 0.2708333333333333 0.01484375 0.06388888888888888
0 0.25859375 0.7416666666666667 0.04375 0.14722222222222223
0 0.81484375 0.4361111111111111 0.028125 0.08611111111111111
1 0.0890625 0.6020833333333333 0.1359375 0.19583333333333333
1 0.481640625 0.39791666666666664 0.05859375 0.11805555555555555
1 0.455859375 0.28194444444444444 0.03984375 0.09166666666666666
1 0.0140625 0.5041666666666667 0.028125 0.09444444444444444
1 0.450390625 0.19652777777777777 0.03203125 0.07916666666666666
1 0.51015625 0.17083333333333334 0.0296875 0.07222222222222222
1 0.4609375 0.8444444444444444 0.1328125 0.3
3 0.453125 0.18819444444444444 0.0328125 0.07083333333333333
3 0.510546875 0.16458333333333333 0.03203125 0.07916666666666666
2 0.38984375 0.49722222222222223 0.1328125 0.3861111111111111
