1 0.187109375 0.26875 0.03984375 0.0763888888888889
0 0.12109375 0.2652777777777778 0.01875 0.06388888888888888
0 0.148828125 0.28958333333333336 0.01796875 0.07083333333333333
0 0.3921875 0.24861111111111112 0.0359375 0.06666666666666667
0 0.480859375 0.2673611111111111 0.02734375 0.0625
0 0.51015625 0.25972222222222224 0.0265625 0.058333333333333334
0 0.48046875 0.49236111111111114 0.0515625 0.16805555555555557
0 0.5546875 0.5444444444444444 0.05 0.15
0 0.6765625 0.54375 0.046875 0.14305555555555555
0 0.759765625 0.5833333333333334 0.04765625 0.16111111111111112
0 0.704296875 0.40902777777777777 0.03359375 0.10138888888888889
0 0.723046875 0.4263888888888889 0.03359375 0.10277777777777777
0 0.76875 0.42430555555555555 0.0421875 0.09861111111111111
