1 0.471875 0.5215277777777778 0.146875 0.17083333333333334
1 0.704296875 0.42569444444444443 0.11796875 0.12361111111111112
1 0.197265625 0.27569444444444446 0.04765625 0.07361111111111111
3 0.21953125 0.22083333333333333 0.065625 0.09722222222222222
0 0.1265625 0.26319444444444445 0.015625 0.06527777777777778
0 0.11640625 0.3590277777777778 0.04375 0.08194444444444444
0 0.11875 0.39652777777777776 0.034375 0.08194444444444444
0 0.206640625 0.3527777777777778 0.02578125 0.1
0 0.278515625 0.4465277777777778 0.03203125 0.13194444444444445
0 0.29296875 0.6347222222222222 0.046875 0.19722222222222222
0 0.384765625 0.6333333333333333 0.06015625 0.18611111111111112
0 0.495703125 0.6916666666666667 0.07265625 0.20833333333333334
0 0.728125 0.5166666666666667 0.040625 0.1388888888888889
