0 0.565625 0.7673611111111112 0.0515625 0.20694444444444443
0 0.525390625 0.6381944444444444 0.04296875 0.15416666666666667
0 0.259375 0.8631944444444445 0.053125 0.1597222222222222
0 0.317578125 0.6375 0.03046875 0.1
0 0.449609375 0.47152777777777777 0.01796875 0.0625
0 0.505859375 0.4652777777777778 0.02421875 0.07777777777777778
0 0.57734375 0.5465277777777777 0.0296875 0.0763888888888889
0 0.483203125 0.39444444444444443 0.01015625 0.03888888888888889
0 0.500390625 0.39375 0.01015625 0.034722222222222224
0 0.4515625 0.38055555555555554 0.009375 0.025
