0 0.47890625 0.1625 0.0375 0.06944444444444445
0 0.354296875 0.3701388888888889 0.05703125 0.1625
0 0.1359375 0.4625 0.08125 0.2222222222222222
0 0.071875 0.64375 0.13125 0.2847222222222222
0 0.36015625 0.9125 0.115625 0.175
0 0.544921875 0.41597222222222224 0.04921875 0.1597222222222222
0 0.53671875 0.26458333333333334 0.03125 0.10416666666666667
0 0.60078125 0.34375 0.034375 0.12361111111111112
0 0.651953125 0.29583333333333334 0.03203125 0.09166666666666666
0 0.653515625 0.45 0.04765625 0.15555555555555556
0 0.6828125 0.47847222222222224 0.04375 0.15416666666666667
0 0.601171875 0.18680555555555556 0.01640625 0.04861111111111111
0 0.6484375 0.2534722222222222 0.0234375 0.0625
0 0.6828125 0.25833333333333336 0.01875 0.06944444444444445
0 0.66953125 0.23402777777777778 0.0171875 0.07083333333333333
