0 0.4953125 0.3284722222222222 0.01875 0.09583333333333334
0 0.197265625 0.7555555555555555 0.04453125 0.2
0 0.10234375 0.9055555555555556 0.0546875 0.17777777777777778
0 0.028515625 0.7256944444444444 0.05703125 0.1736111111111111
0 0.62578125 0.6034722222222222 0.034375 0.1375
0 0.3796875 0.39791666666666664 0.01875 0.1125
0 0.57578125 0.3548611111111111 0.01875 0.09583333333333334
0 0.3484375 0.6326388888888889 0.040625 0.16805555555555557
0 0.19140625 0.5465277777777777 0.0296875 0.12361111111111112
0 0.962890625 0.8791666666666667 0.04921875 0.17777777777777778
0 0.2453125 0.5868055555555556 0.0359375 0.14027777777777778
0 0.29765625 0.5493055555555556 0.03125 0.14583333333333334
0 0.34140625 0.4125 0.021875 0.10555555555555556
0 0.885546875 0.47708333333333336 0.06484375 0.09305555555555556
0 0.87890625 0.8027777777777778 0.059375 0.125
0 0.27734375 0.7263888888888889 0.0359375 0.17222222222222222
0 0.190234375 0.3909722222222222 0.05390625 0.08194444444444444
0 0.6484375 0.46597222222222223 0.0296875 0.10694444444444444
0 0.90859375 0.9215277777777777 0.0671875 0.14027777777777778
0 0.76875 0.5895833333333333 0.0375 0.12638888888888888
0 0.290234375 0.3680555555555556 0.02421875 0.08888888888888889
0 0.24375 0.39375 0.04375 0.08194444444444444
0 0.5671875 0.28125 0.015625 0.06527777777777778
0 0.89921875 0.6013888888888889 0.0359375 0.11666666666666667
0 0.3125 0.3784722222222222 0.0203125 0.09583333333333334
0 0.783203125 0.4930555555555556 0.03046875 0.10833333333333334
0 0.70625 0.47430555555555554 0.0375 0.09861111111111111
0 0.7234375 0.5868055555555556 0.046875 0.1125
0 0.104296875 0.3541666666666667 0.04921875 0.07777777777777778
0 0.84453125 0.7423611111111111 0.04375 0.1375
0 0.9265625 0.7430555555555556 0.05625 0.14444444444444443
0 0.1828125 0.6430555555555556 0.0359375 0.1361111111111111
0 0.815625 0.6444444444444445 0.0453125 0.13055555555555556
0 0.815625 0.4625 0.0359375 0.08611111111111111
0 0.66796875 0.7541666666666667 0.0390625 0.14166666666666666
0 0.8375 0.4618055555555556 0.046875 0.08194444444444444
0 0.34609375 0.3402777777777778 0.0234375 0.07777777777777778
0 0.2609375 0.44930555555555557 0.0203125 0.10416666666666667
0 0.847265625 0.64375 0.03671875 0.11805555555555555
1 0.5265625 0.24305555555555555 0.0390625 0.08333333333333333
1 0.4625 0.2548611111111111 0.0359375 0.0763888888888889
1 0.612109375 0.8638888888888889 0.14609375 0.26944444444444443
1 0.53671875 0.3263888888888889 0.0421875 0.08333333333333333
1 0.387109375 0.2875 0.04140625 0.07777777777777778
1 0.74453125 0.7576388888888889 0.1359375 0.2263888888888889
1 0.43515625 0.3972222222222222 0.0609375 0.14722222222222223
1 0.409765625 0.8465277777777778 0.13359375 0.30694444444444446
1 0.32421875 0.17152777777777778 0.0375 0.059722222222222225
2 0.643359375 0.3284722222222222 0.11953125 0.20694444444444443
0 0.271484375 0.5958333333333333 0.02265625 0.09722222222222222
0 0.2359375 0.51875 0.021875 0.10972222222222222
0 0.737109375 0.46041666666666664 0.02421875 0.09027777777777778
0 0.758984375 0.5270833333333333 0.03828125 0.0875
0 0.812890625 0.5361111111111111 0.03515625 0.09722222222222222
0 0.824609375 0.5611111111111111 0.03203125 0.06111111111111111
