0 0.17734375 0.5347222222222222 0.0953125 0.2388888888888889
0 0.366015625 0.38680555555555557 0.05546875 0.18194444444444444
0 0.586328125 0.38819444444444445 0.04296875 0.1486111111111111
0 0.65 0.4548611111111111 0.04375 0.14583333333333334
0 0.680078125 0.48194444444444445 0.04921875 0.15833333333333333
0 0.63359375 0.25069444444444444 0.025 0.07361111111111111
0 0.59375 0.2048611111111111 0.0234375 0.06805555555555555
0 0.48671875 0.16805555555555557 0.040625 0.06666666666666667
0 0.673046875 0.24861111111111112 0.02109375 0.06666666666666667
0 0.653125 0.2298611111111111 0.0234375 0.07083333333333333
0 0.6171875 0.21388888888888888 0.0234375 0.07222222222222222
0 0.62421875 0.18472222222222223 0.015625 0.05
