0 0.923046875 0.6055555555555555 0.02265625 0.075
0 0.609375 0.6090277777777777 0.034375 0.10694444444444444
0 0.69609375 0.5958333333333333 0.0328125 0.09722222222222222
0 0.7421875 0.5645833333333333 0.021875 0.08472222222222223
0 0.798828125 0.5756944444444444 0.02265625 0.0763888888888889
0 0.851171875 0.5819444444444445 0.02890625 0.075
0 0.861328125 0.7256944444444444 0.03359375 0.14305555555555555
0 0.797265625 0.7333333333333333 0.03828125 0.15555555555555556
0 0.71171875 0.675 0.03125 0.11388888888888889
0 0.712890625 0.7923611111111111 0.03671875 0.14583333333333334
1 0.49140625 0.8673611111111111 0.1734375 0.23194444444444445
1 0.464453125 0.7090277777777778 0.13359375 0.15694444444444444
1 0.494921875 0.5548611111111111 0.06640625 0.09305555555555556
