0 0.329296875 0.9125 0.05390625 0.175
0 0.38984375 0.89375 0.0453125 0.2125
0 0.40390625 0.8006944444444445 0.0421875 0.17916666666666667
0 0.426953125 0.6583333333333333 0.03359375 0.15
0 0.40546875 0.58125 0.028125 0.10138888888888889
0 0.362890625 0.5458333333333333 0.02265625 0.06666666666666667
0 0.321875 0.6409722222222223 0.0328125 0.09861111111111111
0 0.5171875 0.5506944444444445 0.025 0.10972222222222222
0 0.611328125 0.8631944444444445 0.05078125 0.2125
0 0.45078125 0.48680555555555555 0.0234375 0.08194444444444444
0 0.47109375 0.44930555555555557 0.01875 0.06527777777777778
