0 0.68515625 0.42986111111111114 0.04375 0.10416666666666667
0 0.6578125 0.40555555555555556 0.04375 0.09444444444444444
0 0.238671875 0.5604166666666667 0.05703125 0.1625
0 0.252734375 0.23333333333333334 0.03359375 0.058333333333333334
0 0.314453125 0.24722222222222223 0.03828125 0.058333333333333334
0 0.358203125 0.2569444444444444 0.03515625 0.06666666666666667
0 0.41171875 0.2520833333333333 0.040625 0.06527777777777778
1 0.1640625 0.2590277777777778 0.046875 0.05416666666666667
1 0.1703125 0.3194444444444444 0.0609375 0.10555555555555556
3 0.428125 0.3645833333333333 0.1140625 0.18472222222222223
3 0.54765625 0.3486111111111111 0.1640625 0.16111111111111112
3 0.599609375 0.6048611111111111 0.25390625 0.4013888888888889
