1 0.692578125 0.5472222222222223 0.10703125 0.19722222222222222
1 0.24296875 0.2388888888888889 0.0671875 0.06666666666666667
1 0.153515625 0.24444444444444444 0.04296875 0.05555555555555555
3 0.426171875 0.24444444444444444 0.09609375 0.09166666666666666
0 0.1421875 0.2847222222222222 0.01875 0.07222222222222222
0 0.137890625 0.34444444444444444 0.02421875 0.09444444444444444
0 0.18359375 0.3625 0.025 0.1111111111111111
0 0.169140625 0.44375 0.03828125 0.13472222222222222
0 0.30234375 0.25555555555555554 0.0390625 0.06111111111111111
0 0.3328125 0.25069444444444444 0.0265625 0.05694444444444444
0 0.373046875 0.2638888888888889 0.03984375 0.06666666666666667
0 0.265625 0.6555555555555556 0.065625 0.19722222222222222
0 0.42578125 0.5333333333333333 0.05 0.16944444444444445
0 0.571484375 0.5729166666666666 0.04921875 0.17916666666666667
