1 0.26015625 0.33055555555555555 0.0765625 0.125
1 0.178515625 0.2548611111111111 0.03984375 0.059722222222222225
3 0.198046875 0.22013888888888888 0.06328125 0.09305555555555556
0 0.10078125 0.27152777777777776 0.015625 0.06805555555555555
0 0.11328125 0.2659722222222222 0.015625 0.06527777777777778
0 0.128125 0.2833333333333333 0.0234375 0.06944444444444445
0 0.128125 0.3423611111111111 0.025 0.09583333333333334
0 0.14921875 0.2798611111111111 0.0203125 0.07361111111111111
0 0.323828125 0.2534722222222222 0.03671875 0.0625
0 0.39921875 0.2625 0.0390625 0.06666666666666667
0 0.701171875 0.6020833333333333 0.05234375 0.17916666666666667
0 0.74921875 0.5520833333333334 0.05 0.14027777777777778
