0 0.573828125 0.5756944444444444 0.06640625 0.12638888888888888
0 0.06640625 0.39444444444444443 0.0578125 0.08888888888888889
0 0.1671875 0.45069444444444445 0.0640625 0.09583333333333334
0 0.6765625 0.5479166666666667 0.06875 0.12361111111111112
0 0.60546875 0.4479166666666667 0.0578125 0.10416666666666667
0 0.34765625 0.60625 0.0625 0.1375
0 0.1140625 0.5458333333333333 0.075 0.11666666666666667
0 0.43984375 0.39652777777777776 0.0390625 0.0875
0 0.270703125 0.4375 0.05546875 0.1
0 0.762109375 0.6333333333333333 0.05546875 0.1388888888888889
0 0.406640625 0.44027777777777777 0.04140625 0.09722222222222222
0 0.55703125 0.3909722222222222 0.025 0.09861111111111111
0 0.603125 0.7944444444444444 0.046875 0.18611111111111112
0 0.87109375 0.4652777777777778 0.0671875 0.09166666666666666
0 0.042578125 0.6729166666666667 0.06953125 0.13472222222222222
0 0.41953125 0.25972222222222224 0.0171875 0.07222222222222222
0 0.326171875 0.2833333333333333 0.02109375 0.07222222222222222
0 0.363671875 0.48125 0.04609375 0.09583333333333334
0 0.3796875 0.5451388888888888 0.046875 0.11527777777777778
0 0.74453125 0.4479166666666667 0.05625 0.09027777777777778
0 0.230078125 0.36736111111111114 0.04765625 0.07916666666666666
0 0.35390625 0.4041666666666667 0.0421875 0.08888888888888889
0 0.5890625 0.7 0.04375 0.15
0 0.778125 0.5041666666666667 0.0640625 0.09444444444444444
0 0.378125 0.2875 0.0203125 0.075
0 0.010546875 0.6430555555555556 0.02109375 0.12222222222222222
0 0.79296875 0.5770833333333333 0.05 0.13194444444444445
0 0.15859375 0.37777777777777777 0.0421875 0.08055555555555556
0 0.964453125 0.9354166666666667 0.03359375 0.11805555555555555
0 0.45078125 0.21319444444444444 0.0140625 0.05138888888888889
0 0.009765625 0.3388888888888889 0.01796875 0.08888888888888889
0 0.362109375 0.28541666666666665 0.02421875 0.07083333333333333
0 0.542578125 0.18680555555555556 0.01796875 0.05138888888888889
1 0.300390625 0.3729166666666667 0.10546875 0.09861111111111111
