0 0.38203125 0.8159722222222222 0.046875 0.22361111111111112
0 0.50703125 0.7298611111111111 0.034375 0.19027777777777777
0 0.61328125 0.8479166666666667 0.05625 0.22916666666666666
0 0.421484375 0.6069444444444444 0.03046875 0.125
0 0.32109375 0.6368055555555555 0.028125 0.09027777777777778
0 0.363671875 0.5472222222222223 0.01953125 0.06944444444444445
0 0.260546875 0.86875 0.03671875 0.14305555555555555
0 0.6140625 0.5805555555555556 0.03125 0.10833333333333334
0 0.451171875 0.46458333333333335 0.01640625 0.06527777777777778
0 0.475390625 0.46111111111111114 0.01484375 0.07222222222222222
0 0.507421875 0.4583333333333333 0.01328125 0.06111111111111111
