0 0.7296875 0.6854166666666667 0.0359375 0.16527777777777777
0 0.68203125 0.6444444444444445 0.0359375 0.1388888888888889
0 0.53515625 0.7118055555555556 0.0546875 0.17916666666666667
0 0.31953125 0.6361111111111111 0.071875 0.15
0 0.06796875 0.7319444444444444 0.115625 0.18333333333333332
0 0.469921875 0.49722222222222223 0.04765625 0.08611111111111111
0 0.66875 0.44722222222222224 0.0234375 0.075
0 0.708984375 0.5430555555555555 0.03359375 0.09444444444444444
0 0.780859375 0.5152777777777777 0.02578125 0.09722222222222222
0 0.84765625 0.49583333333333335 0.021875 0.075
0 0.759765625 0.4048611111111111 0.02265625 0.05138888888888889
0 0.809375 0.43472222222222223 0.015625 0.06111111111111111
