0 0.541796875 0.3840277777777778 0.02421875 0.09861111111111111
0 0.49375 0.38472222222222224 0.0265625 0.09722222222222222
0 0.3828125 0.45 0.0578125 0.10277777777777777
0 0.195703125 0.48055555555555557 0.06328125 0.10555555555555556
0 0.36875 0.31180555555555556 0.0203125 0.08194444444444444
0 0.668359375 0.2986111111111111 0.02421875 0.07777777777777778
0 0.455078125 0.35138888888888886 0.03671875 0.075
0 0.29375 0.34305555555555556 0.0203125 0.08333333333333333
0 0.432421875 0.2986111111111111 0.01640625 0.07222222222222222
0 0.633203125 0.3854166666666667 0.02421875 0.10138888888888889
0 0.585546875 0.3972222222222222 0.02734375 0.1
0 0.625390625 0.325 0.02109375 0.075
0 0.338671875 0.29583333333333334 0.01953125 0.07777777777777778
0 0.3125 0.31180555555555556 0.01875 0.08194444444444444
1 0.098828125 0.7861111111111111 0.16328125 0.2611111111111111
1 0.5359375 0.3090277777777778 0.0484375 0.07916666666666666
1 0.04609375 0.5604166666666667 0.0921875 0.12638888888888888
1 0.46328125 0.25833333333333336 0.0328125 0.075
1 0.01328125 0.4340277777777778 0.0265625 0.08472222222222223
1 0.424609375 0.18611111111111112 0.02265625 0.044444444444444446
3 0.462109375 0.18958333333333333 0.02734375 0.0763888888888889
