1 0.129296875 0.2638888888888889 0.03828125 0.07222222222222222
1 0.31171875 0.24722222222222223 0.075 0.06388888888888888
0 0.2890625 0.4479166666666667 0.0359375 0.13194444444444445
0 0.18203125 0.37222222222222223 0.0265625 0.10277777777777777
0 0.21328125 0.38819444444444445 0.021875 0.10694444444444444
0 0.2265625 0.3423611111111111 0.0234375 0.0875
0 0.232421875 0.24375 0.02421875 0.05694444444444444
0 0.251953125 0.23402777777777778 0.02109375 0.07361111111111111
0 0.292578125 0.2569444444444444 0.03203125 0.058333333333333334
0 0.409375 0.26180555555555557 0.040625 0.06527777777777778
