0 0.7515625 0.7972222222222223 0.0484375 0.19166666666666668
0 0.5953125 0.8958333333333334 0.0859375 0.19166666666666668
0 0.849609375 0.51875 0.02265625 0.08194444444444444
0 0.80703125 0.5708333333333333 0.0265625 0.09444444444444444
0 0.760546875 0.6048611111111111 0.03203125 0.12083333333333333
0 0.716796875 0.6909722222222222 0.04765625 0.16527777777777777
0 0.68671875 0.4152777777777778 0.015625 0.04722222222222222
0 0.8390625 0.43819444444444444 0.0140625 0.05416666666666667
0 0.8546875 0.4479166666666667 0.0125 0.04583333333333333
0 0.793359375 0.5347222222222222 0.02109375 0.08611111111111111
0 0.815234375 0.5 0.01953125 0.07222222222222222
3 0.64375 0.5326388888888889 0.15625 0.23194444444444445
3 0.415625 0.5673611111111111 0.2515625 0.3402777777777778
3 0.770703125 0.3993055555555556 0.09453125 0.20972222222222223
0 0.254296875 0.5916666666666667 0.07734375 0.1
0 0.55703125 0.42430555555555555 0.040625 0.05416666666666667
0 0.70703125 0.4027777777777778 0.03125 0.03888888888888889
0 0.937109375 0.8916666666666667 0.08203125 0.11388888888888889
0 0.925 0.8340277777777778 0.071875 0.10694444444444444
