0 0.259765625 0.8569444444444444 0.03359375 0.12777777777777777
0 0.323046875 0.6458333333333334 0.03984375 0.10555555555555556
0 0.465625 0.5888888888888889 0.034375 0.11666666666666667
0 0.539453125 0.5256944444444445 0.03046875 0.09583333333333334
0 0.607421875 0.6618055555555555 0.04140625 0.14027777777777778
0 0.575 0.5493055555555556 0.0296875 0.08472222222222223
0 0.442578125 0.5048611111111111 0.03359375 0.10138888888888889
0 0.3625 0.5479166666666667 0.0296875 0.07361111111111111
0 0.49453125 0.42083333333333334 0.01875 0.05
0 0.958984375 0.9020833333333333 0.08203125 0.19583333333333333
