0 0.54609375 0.8166666666666667 0.0421875 0.2222222222222222
0 0.357421875 0.8875 0.04296875 0.21666666666666667
0 0.422265625 0.6270833333333333 0.02890625 0.14305555555555555
0 0.53828125 0.6090277777777777 0.040625 0.12638888888888888
0 0.553515625 0.7159722222222222 0.03359375 0.14027777777777778
0 0.6 0.5701388888888889 0.028125 0.11527777777777778
0 0.223828125 0.9166666666666666 0.08984375 0.16666666666666666
0 0.36328125 0.5458333333333333 0.0234375 0.07222222222222222
0 0.447265625 0.5083333333333333 0.02109375 0.08611111111111111
0 0.5078125 0.48125 0.015625 0.07916666666666666
0 0.468359375 0.4375 0.01484375 0.058333333333333334
