0 0.603515625 0.8777777777777778 0.07265625 0.19722222222222222
0 0.39375 0.7277777777777777 0.1 0.17777777777777778
0 0.729296875 0.6291666666666667 0.03984375 0.14722222222222223
0 0.753515625 0.8548611111111111 0.05078125 0.20694444444444443
0 0.128125 0.7125 0.0890625 0.175
0 0.799609375 0.5340277777777778 0.02265625 0.07916666666666666
0 0.728515625 0.4111111111111111 0.01640625 0.06111111111111111
0 0.36328125 0.5625 0.0625 0.14444444444444443
0 0.696875 0.43194444444444446 0.0203125 0.06944444444444445
0 0.78359375 0.5916666666666667 0.03125 0.125
0 0.648828125 0.4548611111111111 0.02890625 0.09027777777777778
0 0.56640625 0.5034722222222222 0.0375 0.10694444444444444
0 0.6375 0.63125 0.046875 0.14305555555555555
0 0.826953125 0.5236111111111111 0.02265625 0.08333333333333333
0 0.711328125 0.4215277777777778 0.01640625 0.059722222222222225
0 0.497265625 0.48055555555555557 0.03671875 0.1
0 0.527734375 0.5083333333333333 0.03984375 0.1
0 0.75 0.39652777777777776 0.015625 0.05694444444444444
0 0.84765625 0.4979166666666667 0.015625 0.0763888888888889
1 0.722265625 0.5034722222222222 0.06328125 0.09027777777777778
1 0.776953125 0.475 0.04296875 0.06944444444444445
3 0.79765625 0.3819444444444444 0.065625 0.125
0 0.816796875 0.48819444444444443 0.01796875 0.07361111111111111
0 0.83828125 0.47291666666666665 0.0125 0.06527777777777778
