0 0.683203125 0.8826388888888889 0.06796875 0.1986111111111111
0 0.074609375 0.8506944444444444 0.05234375 0.20972222222222223
0 0.635546875 0.5222222222222223 0.02421875 0.11944444444444445
0 0.04140625 0.39861111111111114 0.053125 0.09444444444444444
0 0.783984375 0.5166666666666667 0.03046875 0.1111111111111111
0 0.73125 0.6479166666666667 0.0375 0.15694444444444444
0 0.1765625 0.8513888888888889 0.04375 0.2111111111111111
0 0.15078125 0.6138888888888889 0.0359375 0.14444444444444443
0 0.808203125 0.6729166666666667 0.03828125 0.15694444444444444
0 0.67578125 0.4534722222222222 0.0234375 0.1125
0 0.211328125 0.61875 0.03671875 0.1736111111111111
0 0.57265625 0.4895833333333333 0.0390625 0.10694444444444444
0 0.871875 0.7013888888888888 0.04375 0.14444444444444443
0 0.40703125 0.35 0.025 0.09166666666666666
0 0.851953125 0.5777777777777777 0.04453125 0.11666666666666667
0 0.7078125 0.5194444444444445 0.0296875 0.11388888888888889
0 0.6078125 0.45555555555555555 0.0265625 0.1
0 0.5109375 0.3229166666666667 0.0171875 0.0875
0 0.173828125 0.7013888888888888 0.03515625 0.16111111111111112
0 0.64140625 0.4236111111111111 0.0265625 0.1
0 0.54921875 0.7548611111111111 0.0578125 0.1625
0 0.365234375 0.3638888888888889 0.01953125 0.09444444444444444
0 0.56640625 0.9222222222222223 0.0578125 0.14722222222222223
0 0.70703125 0.4375 0.0265625 0.09722222222222222
0 0.59921875 0.7979166666666667 0.05 0.16805555555555557
0 0.3328125 0.2743055555555556 0.01875 0.07083333333333333
0 0.087890625 0.35694444444444445 0.05546875 0.08611111111111111
0 0.550390625 0.8256944444444444 0.05234375 0.17916666666666667
0 0.752734375 0.41180555555555554 0.03203125 0.09583333333333334
0 0.97734375 0.8680555555555556 0.03125 0.15833333333333333
0 0.009375 0.33958333333333335 0.01875 0.0875
0 0.623046875 0.3125 0.02109375 0.06666666666666667
0 0.653125 0.47638888888888886 0.01875 0.10277777777777777
0 0.64453125 0.9347222222222222 0.059375 0.125
0 0.369140625 0.2965277777777778 0.01328125 0.07361111111111111
0 0.813671875 0.43333333333333335 0.02890625 0.08333333333333333
1 0.549609375 0.28055555555555556 0.04296875 0.08333333333333333
1 0.322265625 0.5638888888888889 0.06640625 0.16666666666666666
3 0.25703125 0.3680555555555556 0.13125 0.10277777777777777
1 0.378125 0.8493055555555555 0.1328125 0.3013888888888889
1 0.551171875 0.6152777777777778 0.09453125 0.19444444444444445
1 0.4 0.25833333333333336 0.0359375 0.08333333333333333
3 0.582421875 0.36944444444444446 0.05234375 0.125
3 0.45390625 0.36527777777777776 0.065625 0.18888888888888888
0 0.592578125 0.7041666666666667 0.02890625 0.1111111111111111
