0 0.562109375 0.8034722222222223 0.05234375 0.2013888888888889
0 0.262109375 0.8618055555555556 0.04140625 0.15138888888888888
0 0.32265625 0.6430555555555556 0.03125 0.09722222222222222
0 0.363671875 0.5395833333333333 0.02421875 0.06805555555555555
0 0.50859375 0.5298611111111111 0.021875 0.0875
0 0.575390625 0.5458333333333333 0.02734375 0.06944444444444445
0 0.498828125 0.4576388888888889 0.01953125 0.05138888888888889
0 0.522265625 0.4583333333333333 0.01796875 0.058333333333333334
0 0.46796875 0.41875 0.0109375 0.04583333333333333
0 0.498046875 0.39305555555555555 0.01171875 0.025
1 0.45703125 0.4013888888888889 0.01875 0.044444444444444446
