0 0.64375 0.6805555555555556 0.03125 0.16666666666666666
0 0.4546875 0.5625 0.046875 0.13333333333333333
0 0.06953125 0.7319444444444444 0.103125 0.17222222222222222
0 0.6671875 0.4597222222222222 0.0203125 0.09722222222222222
0 0.66796875 0.5770833333333333 0.0296875 0.11527777777777778
0 0.723046875 0.5118055555555555 0.02421875 0.10694444444444444
0 0.76953125 0.5388888888888889 0.034375 0.125
0 0.74296875 0.65 0.0265625 0.15
0 0.824609375 0.47291666666666665 0.01640625 0.0763888888888889
0 0.795703125 0.4444444444444444 0.01484375 0.06666666666666667
0 0.71328125 0.41597222222222224 0.01875 0.06805555555555555
0 0.75546875 0.40069444444444446 0.015625 0.05138888888888889
0 0.469140625 0.48055555555555557 0.03359375 0.08055555555555556
