0 0.55625 0.6770833333333334 0.0421875 0.1597222222222222
0 0.4390625 0.6722222222222223 0.0390625 0.14722222222222223
0 0.37890625 0.90625 0.053125 0.1875
0 0.253515625 0.8694444444444445 0.03359375 0.14444444444444443
0 0.3203125 0.6375 0.03125 0.09722222222222222
0 0.362109375 0.5458333333333333 0.02578125 0.06944444444444445
0 0.575 0.5465277777777777 0.0265625 0.07916666666666666
0 0.5109375 0.4486111111111111 0.0171875 0.058333333333333334
0 0.4796875 0.42916666666666664 0.015625 0.05
0 0.457421875 0.43194444444444446 0.01796875 0.05
0 0.493359375 0.40347222222222223 0.01015625 0.04027777777777778
