0 0.517578125 0.6715277777777777 0.07421875 0.1597222222222222
0 0.424609375 0.8090277777777778 0.08671875 0.1986111111111111
0 0.70703125 0.8631944444444445 0.05625 0.17916666666666667
0 0.587109375 0.7708333333333334 0.06640625 0.175
0 0.306640625 0.8243055555555555 0.12421875 0.2125
0 0.409765625 0.54375 0.06015625 0.12361111111111112
0 0.791015625 0.6854166666666667 0.03671875 0.14027777777777778
0 0.651953125 0.7993055555555556 0.05546875 0.17083333333333334
0 0.78515625 0.5055555555555555 0.0203125 0.08333333333333333
0 0.657421875 0.6277777777777778 0.03984375 0.11666666666666667
0 0.7453125 0.6125 0.0359375 0.13055555555555556
0 0.70703125 0.6694444444444444 0.040625 0.13055555555555556
0 0.48671875 0.5888888888888889 0.046875 0.125
0 0.8296875 0.6416666666666667 0.03125 0.1388888888888889
0 0.517578125 0.5173611111111112 0.04140625 0.1125
0 0.76015625 0.47638888888888886 0.0203125 0.06944444444444445
0 0.860546875 0.5298611111111111 0.01953125 0.0763888888888889
3 0.645703125 0.43680555555555556 0.19453125 0.26805555555555555
3 0.82109375 0.4215277777777778 0.0625 0.10416666666666667
0 0.838671875 0.5631944444444444 0.02265625 0.08472222222222223
0 0.7640625 0.5326388888888889 0.021875 0.08472222222222223
0 0.775390625 0.45416666666666666 0.01328125 0.06111111111111111
0 0.87890625 0.5222222222222223 0.0171875 0.07777777777777778
