0 0.425390625 0.5305555555555556 0.05390625 0.12222222222222222
0 0.635546875 0.9180555555555555 0.06171875 0.1638888888888889
0 0.61953125 0.7951388888888888 0.0515625 0.17083333333333334
0 0.7140625 0.6402777777777777 0.0390625 0.14166666666666666
0 0.815234375 0.5305555555555556 0.02109375 0.08611111111111111
0 0.7671875 0.7291666666666666 0.0421875 0.175
0 0.791015625 0.6041666666666666 0.03203125 0.11666666666666667
0 0.860546875 0.9208333333333333 0.04765625 0.15
0 0.712109375 0.5138888888888888 0.02734375 0.09722222222222222
0 0.734375 0.5479166666666667 0.025 0.10416666666666667
0 0.7671875 0.48125 0.0171875 0.06527777777777778
0 0.835546875 0.5305555555555556 0.01796875 0.075
0 0.780078125 0.5395833333333333 0.02265625 0.0875
0 0.801171875 0.4888888888888889 0.01484375 0.06944444444444445
0 0.8578125 0.49166666666666664 0.015625 0.06388888888888888
1 0.557421875 0.675 0.15546875 0.18333333333333332
3 0.739453125 0.3902777777777778 0.11796875 0.15555555555555556
1 0.28359375 0.8993055555555556 0.31875 0.2013888888888889
0 0.881640625 0.5055555555555555 0.02109375 0.07777777777777778
0 0.7859375 0.4625 0.0140625 0.05555555555555555
