0 0.566015625 0.6791666666666667 0.03359375 0.15833333333333333
0 0.421484375 0.7326388888888888 0.03671875 0.17083333333333334
0 0.258203125 0.8701388888888889 0.03984375 0.14583333333333334
0 0.32109375 0.6458333333333334 0.0296875 0.1
0 0.363671875 0.5493055555555556 0.02265625 0.07083333333333333
0 0.520703125 0.6090277777777777 0.03046875 0.12638888888888888
0 0.62578125 0.6069444444444444 0.028125 0.13055555555555556
0 0.44375 0.4861111111111111 0.0171875 0.07777777777777778
0 0.47265625 0.49166666666666664 0.0203125 0.08055555555555556
0 0.4578125 0.47638888888888886 0.0125 0.07222222222222222
0 0.50546875 0.4340277777777778 0.0140625 0.0625
