0 0.415625 0.5451388888888888 0.053125 0.12083333333333333
0 0.792578125 0.5125 0.01953125 0.08333333333333333
0 0.688671875 0.7118055555555556 0.04921875 0.18472222222222223
0 0.3296875 0.5451388888888888 0.0609375 0.12083333333333333
0 0.76484375 0.5458333333333333 0.021875 0.10555555555555556
0 0.850390625 0.4986111111111111 0.01484375 0.075
0 0.819140625 0.49166666666666664 0.01328125 0.07222222222222222
1 0.6890625 0.5319444444444444 0.078125 0.10555555555555556
3 0.66875 0.40347222222222223 0.10625 0.15694444444444444
0 0.76171875 0.4736111111111111 0.0171875 0.06666666666666667
0 0.83671875 0.4861111111111111 0.015625 0.058333333333333334
1 0.767578125 0.44583333333333336 0.03984375 0.058333333333333334
0 0.317578125 0.8631944444444445 0.28359375 0.27361111111111114
