0 0.2546875 0.8638888888888889 0.0390625 0.15
0 0.44765625 0.6118055555555556 0.025 0.13194444444444445
0 0.49921875 0.5833333333333334 0.0234375 0.11388888888888889
0 0.559375 0.5763888888888888 0.0265625 0.10277777777777777
0 0.580078125 0.5472222222222223 0.01953125 0.06388888888888888
0 0.363671875 0.5493055555555556 0.02578125 0.07916666666666666
0 0.319140625 0.64375 0.03515625 0.1125
0 0.46640625 0.4236111111111111 0.0140625 0.04722222222222222
0 0.47421875 0.4 0.0125 0.03333333333333333
0 0.45390625 0.3923611111111111 0.0125 0.0375
