0 0.461328125 0.25972222222222224 0.04140625 0.08611111111111111
0 0.45390625 0.33125 0.0421875 0.13194444444444445
0 0.266796875 0.4534722222222222 0.07734375 0.2013888888888889
0 0.545703125 0.3875 0.04765625 0.15
0 0.6015625 0.41805555555555557 0.040625 0.15555555555555556
0 0.651953125 0.4479166666666667 0.04765625 0.15138888888888888
0 0.680078125 0.46458333333333335 0.04921875 0.18194444444444444
0 0.552734375 0.22430555555555556 0.02421875 0.07916666666666666
0 0.51796875 0.1875 0.0359375 0.06666666666666667
0 0.479296875 0.1625 0.03828125 0.06388888888888888
0 0.578515625 0.20972222222222223 0.02109375 0.06666666666666667
0 0.637109375 0.24513888888888888 0.02734375 0.07083333333333333
0 0.666015625 0.24583333333333332 0.02734375 0.06944444444444445
0 0.59140625 0.18472222222222223 0.01875 0.05
