0 0.0828125 0.30416666666666664 0.015625 0.06388888888888888
0 0.0859375 0.28194444444444444 0.0171875 0.05277777777777778
0 0.085546875 0.25277777777777777 0.01484375 0.05277777777777778
0 0.132421875 0.26666666666666666 0.01640625 0.058333333333333334
0 0.363671875 0.2569444444444444 0.03515625 0.06666666666666667
0 0.397265625 0.2520833333333333 0.03203125 0.06805555555555555
0 0.43203125 0.25972222222222224 0.034375 0.058333333333333334
0 0.199609375 0.5763888888888888 0.04921875 0.175
0 0.278125 0.5951388888888889 0.053125 0.19027777777777777
3 0.110546875 0.2777777777777778 0.03359375 0.07777777777777778
1 0.173828125 0.24027777777777778 0.03828125 0.05277777777777778
1 0.173046875 0.25763888888888886 0.04453125 0.05138888888888889
1 0.171875 0.2923611111111111 0.0546875 0.0763888888888889
1 0.240625 0.3298611111111111 0.06875 0.09305555555555556
1 0.280078125 0.2965277777777778 0.06640625 0.08194444444444444
1 0.40234375 0.3819444444444444 0.1015625 0.1111111111111111
1 0.401171875 0.47430555555555554 0.12734375 0.17916666666666667
1 0.65234375 0.5680555555555555 0.15 0.2111111111111111
