0 0.619140625 0.35694444444444445 0.01640625 0.07222222222222222
0 0.697265625 0.4041666666666667 0.02890625 0.1
0 0.742578125 0.54375 0.03828125 0.12638888888888888
0 0.76171875 0.3020833333333333 0.0296875 0.06527777777777778
0 0.562890625 0.2611111111111111 0.01484375 0.05
3 0.578125 0.3972222222222222 0.06875 0.1527777777777778
3 0.482421875 0.3013888888888889 0.04765625 0.11388888888888889
1 0.2828125 0.4423611111111111 0.05 0.0875
0 0.058203125 0.6020833333333333 0.03671875 0.09861111111111111
0 0.180859375 0.4388888888888889 0.02578125 0.07222222222222222
0 0.250390625 0.3125 0.01484375 0.04722222222222222
