0 0.82265625 0.49166666666666664 0.0203125 0.07777777777777778
0 0.729296875 0.6958333333333333 0.04140625 0.1638888888888889
0 0.587109375 0.43472222222222223 0.03046875 0.08888888888888889
0 0.816796875 0.6138888888888889 0.03203125 0.12777777777777777
0 0.035546875 0.8361111111111111 0.07109375 0.20833333333333334
0 0.8015625 0.5291666666666667 0.025 0.09444444444444444
0 0.587109375 0.9104166666666667 0.06484375 0.16805555555555557
0 0.84375 0.4479166666666667 0.0140625 0.05416666666666667
0 0.0125 0.7145833333333333 0.025 0.14583333333333334
1 0.61640625 0.5993055555555555 0.1328125 0.1736111111111111
1 0.432421875 0.8020833333333334 0.24609375 0.2652777777777778
3 0.704296875 0.46944444444444444 0.10546875 0.175
3 0.63515625 0.41388888888888886 0.059375 0.14444444444444443
0 0.915234375 0.5777777777777777 0.02578125 0.10277777777777777
3 0.773828125 0.4479166666666667 0.03515625 0.12638888888888888
