0 0.922265625 0.6055555555555555 0.02734375 0.08055555555555556
0 0.751953125 0.8520833333333333 0.04609375 0.1736111111111111
0 0.6640625 0.8680555555555556 0.046875 0.15833333333333333
0 0.699609375 0.7479166666666667 0.02734375 0.13472222222222222
0 0.727734375 0.6722222222222223 0.02734375 0.10555555555555556
0 0.71640625 0.5833333333333334 0.0234375 0.08055555555555556
0 0.696875 0.6277777777777778 0.021875 0.1111111111111111
0 0.671875 0.6076388888888888 0.0234375 0.09305555555555556
0 0.63125 0.6208333333333333 0.0234375 0.10555555555555556
0 0.614453125 0.7020833333333333 0.03203125 0.11527777777777778
0 0.6640625 0.7104166666666667 0.034375 0.13194444444444445
0 0.65703125 0.55625 0.0203125 0.07916666666666666
0 0.522265625 0.6034722222222222 0.02734375 0.10694444444444444
0 0.483984375 0.68125 0.03671875 0.12083333333333333
0 0.516796875 0.8215277777777777 0.04609375 0.1625
2 0.503125 0.5166666666666667 0.075 0.11944444444444445
