0 0.262890625 0.7875 0.07265625 0.125
0 0.42109375 0.6881944444444444 0.053125 0.12083333333333333
0 0.609375 0.6979166666666666 0.034375 0.12916666666666668
0 0.61640625 0.5805555555555556 0.0296875 0.08333333333333333
0 0.681640625 0.6527777777777778 0.02890625 0.11944444444444445
0 0.73125 0.6534722222222222 0.03125 0.1125
0 0.754296875 0.5763888888888888 0.02265625 0.08888888888888889
0 0.92265625 0.6208333333333333 0.021875 0.09166666666666666
0 0.8359375 0.8083333333333333 0.04375 0.14722222222222223
0 0.734765625 0.7930555555555555 0.03515625 0.16944444444444445
0 0.6703125 0.9388888888888889 0.0421875 0.12222222222222222
1 0.428125 0.8729166666666667 0.1515625 0.19305555555555556
