0 0.051953125 0.7659722222222223 0.10078125 0.20694444444444443
0 0.440234375 0.65 0.06796875 0.2
0 0.711328125 0.7458333333333333 0.05390625 0.20277777777777778
0 0.2203125 0.7298611111111111 0.1015625 0.24027777777777778
0 0.54765625 0.5076388888888889 0.040625 0.1125
0 0.3796875 0.60625 0.05625 0.14027777777777778
0 0.45390625 0.5159722222222223 0.040625 0.13472222222222222
0 0.478515625 0.8847222222222222 0.07734375 0.23055555555555557
0 0.777734375 0.6819444444444445 0.03984375 0.16111111111111112
0 0.24765625 0.5833333333333334 0.065625 0.1
0 0.61484375 0.4909722222222222 0.034375 0.11527777777777778
0 0.330078125 0.7055555555555556 0.08046875 0.20833333333333334
0 0.6 0.45625 0.0265625 0.08472222222222223
0 0.191796875 0.6347222222222222 0.08359375 0.18055555555555555
0 0.40078125 0.5465277777777777 0.040625 0.10138888888888889
0 0.56171875 0.4708333333333333 0.028125 0.09166666666666666
0 0.619140625 0.4375 0.01796875 0.06944444444444445
0 0.847265625 0.4375 0.01484375 0.05
1 0.634765625 0.6291666666666667 0.14453125 0.17777777777777778
3 0.711328125 0.45694444444444443 0.12265625 0.2111111111111111
0 0.041015625 0.6868055555555556 0.08203125 0.19027777777777777
0 0.2890625 0.6402777777777777 0.0609375 0.19166666666666668
0 0.933984375 0.8888888888888888 0.08046875 0.10555555555555556
0 0.9234375 0.8340277777777778 0.0640625 0.09583333333333334
0 0.64765625 0.42986111111111114 0.015625 0.08472222222222223
0 0.55546875 0.42916666666666664 0.0421875 0.05555555555555555
