0 0.666796875 0.35555555555555557 0.02109375 0.09166666666666666
0 0.726953125 0.8354166666666667 0.06640625 0.18472222222222223
0 0.22734375 0.4666666666666667 0.0265625 0.12222222222222222
0 0.706640625 0.5861111111111111 0.02890625 0.12777777777777777
0 0.3765625 0.3638888888888889 0.0265625 0.09722222222222222
0 0.641796875 0.8270833333333333 0.05390625 0.17916666666666667
0 0.262109375 0.49027777777777776 0.02578125 0.1361111111111111
0 0.478515625 0.33611111111111114 0.01953125 0.08888888888888889
0 0.540234375 0.8361111111111111 0.05390625 0.19166666666666668
0 0.591796875 0.8909722222222223 0.06015625 0.19305555555555556
0 0.86796875 0.675 0.0484375 0.14722222222222223
0 0.794921875 0.5076388888888889 0.03671875 0.10416666666666667
0 0.979296875 0.8819444444444444 0.03203125 0.15555555555555556
0 0.580078125 0.2701388888888889 0.01953125 0.06527777777777778
0 0.015234375 0.4909722222222222 0.03046875 0.09305555555555556
0 0.63125 0.35555555555555557 0.01875 0.08611111111111111
0 0.65390625 0.3 0.0234375 0.07222222222222222
0 0.324609375 0.22916666666666666 0.01640625 0.06666666666666667
0 0.809765625 0.42569444444444443 0.02890625 0.0875
0 0.368359375 0.2965277777777778 0.02109375 0.07083333333333333
0 0.6125 0.30833333333333335 0.0203125 0.06944444444444445
1 0.707421875 0.48055555555555557 0.06953125 0.11944444444444445
1 0.41953125 0.30972222222222223 0.0375 0.08611111111111111
1 0.311328125 0.35625 0.08046875 0.0875
1 0.52109375 0.19791666666666666 0.0296875 0.059722222222222225
3 0.355078125 0.8520833333333333 0.17890625 0.29583333333333334
3 0.59609375 0.45694444444444443 0.14375 0.3388888888888889
2 0.41796875 0.43819444444444444 0.071875 0.20972222222222223
3 0.464453125 0.22916666666666666 0.03046875 0.08333333333333333
