1 0.2359375 0.3138888888888889 0.0640625 0.075
1 0.14609375 0.23819444444444443 0.0328125 0.05416666666666667
0 0.103125 0.25416666666666665 0.015625 0.05555555555555555
0 0.137890625 0.3611111111111111 0.05546875 0.09166666666666666
0 0.190625 0.4513888888888889 0.0375 0.1361111111111111
0 0.226953125 0.3819444444444444 0.03671875 0.09444444444444444
0 0.251953125 0.3888888888888889 0.05859375 0.10555555555555556
0 0.520703125 0.3506944444444444 0.04921875 0.0875
0 0.73515625 0.5340277777777778 0.0453125 0.15416666666666667
0 0.346484375 0.25972222222222224 0.03671875 0.06666666666666667
0 0.332421875 0.24305555555555555 0.03203125 0.06111111111111111
0 0.39375 0.24583333333333332 0.028125 0.06388888888888888
