1 0.046484375 0.5291666666666667 0.09296875 0.11944444444444445
0 0.71953125 0.7611111111111111 0.0328125 0.13055555555555556
0 0.93046875 0.5826388888888889 0.0375 0.11805555555555555
0 0.792578125 0.4236111111111111 0.01796875 0.05277777777777778
0 0.665234375 0.3909722222222222 0.01796875 0.06527777777777778
0 0.623828125 0.31527777777777777 0.01171875 0.030555555555555555
0 0.522265625 0.30833333333333335 0.00859375 0.027777777777777776
0 0.14921875 0.4791666666666667 0.0328125 0.04722222222222222
0 0.213671875 0.44583333333333336 0.01953125 0.06388888888888888
0 0.311328125 0.34930555555555554 0.01484375 0.0375
0 0.293359375 0.34652777777777777 0.01640625 0.0375
1 0.312890625 0.3090277777777778 0.01640625 0.020833333333333332
0 0.298828125 0.3145833333333333 0.01015625 0.029166666666666667
0 0.289453125 0.3138888888888889 0.01015625 0.030555555555555555
1 0.4125 0.2972222222222222 0.0171875 0.022222222222222223
1 0.445703125 0.29791666666666666 0.01640625 0.02361111111111111
1 0.426953125 0.29444444444444445 0.00859375 0.016666666666666666
0 0.53359375 0.2972222222222222 0.00625 0.022222222222222223
0 0.5453125 0.2972222222222222 0.0078125 0.025
0 0.603125 0.30486111111111114 0.009375 0.029166666666666667
