0 0.58125 0.25833333333333336 0.0140625 0.041666666666666664
0 0.6390625 0.2881944444444444 0.0171875 0.05138888888888889
0 0.7 0.3055555555555556 0.025 0.07222222222222222
0 0.891796875 0.31805555555555554 0.02890625 0.08055555555555556
0 0.126171875 0.59375 0.03515625 0.11527777777777778
0 0.221484375 0.38263888888888886 0.01640625 0.059722222222222225
3 0.240625 0.6597222222222222 0.2375 0.6777777777777778
1 0.615234375 0.6645833333333333 0.11328125 0.18194444444444444
1 0.484765625 0.3902777777777778 0.05546875 0.10277777777777777
3 0.478515625 0.3034722222222222 0.03671875 0.06527777777777778
3 0.566796875 0.33125 0.05390625 0.11805555555555555
1 0.54453125 0.2875 0.0359375 0.04722222222222222
