0 0.746484375 0.4354166666666667 0.01796875 0.06805555555555555
0 0.57109375 0.8770833333333333 0.0734375 0.2152777777777778
0 0.659375 0.4673611111111111 0.025 0.09027777777777778
0 0.432421875 0.5701388888888889 0.05390625 0.13472222222222222
0 0.70390625 0.43194444444444446 0.0203125 0.07222222222222222
0 0.68046875 0.4201388888888889 0.01875 0.07361111111111111
0 0.605859375 0.4618055555555556 0.02578125 0.08194444444444444
0 0.636328125 0.44027777777777777 0.02421875 0.08333333333333333
0 0.83671875 0.49375 0.015625 0.07083333333333333
0 0.502734375 0.4513888888888889 0.03515625 0.09166666666666666
0 0.55078125 0.43680555555555556 0.028125 0.0763888888888889
0 0.7234375 0.43194444444444446 0.01875 0.06944444444444445
0 0.81875 0.4638888888888889 0.0140625 0.06388888888888888
0 0.816015625 0.5902777777777778 0.03046875 0.12777777777777777
0 0.801171875 0.5569444444444445 0.02578125 0.10833333333333334
1 0.557421875 0.5319444444444444 0.11171875 0.14166666666666666
3 0.78515625 0.41805555555555557 0.05625 0.08888888888888889
0 0.586328125 0.45416666666666666 0.01796875 0.041666666666666664
0 0.82890625 0.4666666666666667 0.0125 0.06388888888888888
