0 0.4796875 0.15902777777777777 0.0359375 0.06805555555555555
0 0.401171875 0.15347222222222223 0.04296875 0.06805555555555555
0 0.515625 0.24930555555555556 0.028125 0.09027777777777778
0 0.597265625 0.19930555555555557 0.01953125 0.0625
0 0.644921875 0.29791666666666666 0.03359375 0.0875
0 0.56875 0.4013888888888889 0.046875 0.15555555555555556
0 0.65078125 0.44930555555555557 0.0453125 0.1486111111111111
0 0.6796875 0.4666666666666667 0.0453125 0.16944444444444445
0 0.351953125 0.39652777777777776 0.05859375 0.18472222222222223
0 0.311328125 0.8840277777777777 0.11484375 0.23194444444444445
0 0.607421875 0.175 0.01484375 0.05277777777777778
0 0.66953125 0.21319444444444444 0.0171875 0.05694444444444444
