0 0.920703125 0.5972222222222222 0.03359375 0.07777777777777778
0 0.644140625 0.5763888888888888 0.02421875 0.10555555555555556
0 0.66796875 0.6604166666666667 0.0265625 0.10416666666666667
0 0.67421875 0.7576388888888889 0.03125 0.14027777777777778
0 0.60703125 0.6763888888888889 0.034375 0.13055555555555556
0 0.773046875 0.6902777777777778 0.02421875 0.12222222222222222
0 0.83046875 0.7333333333333333 0.03125 0.14722222222222223
0 0.86015625 0.9013888888888889 0.0421875 0.18611111111111112
0 0.765625 0.6472222222222223 0.03125 0.11944444444444445
0 0.7359375 0.6409722222222223 0.028125 0.12083333333333333
0 0.744921875 0.8451388888888889 0.03046875 0.1875
0 0.769921875 0.9340277777777778 0.04765625 0.13194444444444445
0 0.595703125 0.8541666666666666 0.04453125 0.15555555555555556
0 0.53203125 0.7916666666666666 0.0390625 0.15555555555555556
0 0.5546875 0.9416666666666667 0.0453125 0.11666666666666667
0 0.476953125 0.8263888888888888 0.05078125 0.15
0 0.44453125 0.9263888888888889 0.0609375 0.14722222222222223
0 0.383203125 0.925 0.06484375 0.15
0 0.314453125 0.9208333333333333 0.07421875 0.15833333333333333
