0 0.587109375 0.8319444444444445 0.05078125 0.2111111111111111
0 0.42421875 0.6090277777777777 0.0359375 0.13194444444444445
0 0.2609375 0.8701388888888889 0.0421875 0.14027777777777778
0 0.3171875 0.6395833333333333 0.0296875 0.10416666666666667
0 0.36328125 0.55 0.0234375 0.075
0 0.553515625 0.5868055555555556 0.02734375 0.11805555555555555
0 0.536328125 0.5138888888888888 0.02109375 0.08055555555555556
0 0.577734375 0.5520833333333334 0.02109375 0.07361111111111111
0 0.597265625 0.5506944444444445 0.02265625 0.07916666666666666
1 0.43671875 0.4395833333333333 0.0375 0.06805555555555555
0 0.4890625 0.4215277777777778 0.0125 0.04027777777777778
0 0.478515625 0.4326388888888889 0.01796875 0.04861111111111111
