0 0.22265625 0.7131944444444445 0.0421875 0.17083333333333334
0 0.284375 0.4652777777777778 0.028125 0.11944444444444445
0 0.1578125 0.6027777777777777 0.0515625 0.12777777777777777
0 0.605859375 0.3527777777777778 0.01796875 0.08611111111111111
0 0.71171875 0.45208333333333334 0.028125 0.10972222222222222
0 0.35625 0.4666666666666667 0.021875 0.11666666666666667
0 0.5109375 0.4673611111111111 0.0265625 0.12638888888888888
0 0.636328125 0.4076388888888889 0.02109375 0.10416666666666667
0 0.320703125 0.4798611111111111 0.02890625 0.12638888888888888
0 0.323046875 0.37777777777777777 0.02109375 0.09722222222222222
0 0.782421875 0.5229166666666667 0.03359375 0.11527777777777778
0 0.371875 0.3638888888888889 0.0203125 0.09444444444444444
0 0.6640625 0.3576388888888889 0.025 0.09583333333333334
0 0.339453125 0.2673611111111111 0.01484375 0.07361111111111111
0 0.7421875 0.43333333333333335 0.028125 0.1
0 0.360546875 0.2986111111111111 0.01640625 0.07777777777777778
0 0.392578125 0.2951388888888889 0.01640625 0.07361111111111111
0 0.016796875 0.7958333333333333 0.03046875 0.18611111111111112
0 0.642578125 0.28125 0.02109375 0.059722222222222225
0 0.08046875 0.3659722222222222 0.046875 0.07083333333333333
0 0.8640625 0.64375 0.0390625 0.12916666666666668
0 0.809375 0.425 0.03125 0.08611111111111111
0 0.01015625 0.33958333333333335 0.0171875 0.08472222222222223
1 0.16640625 0.4895833333333333 0.1390625 0.14583333333333334
1 0.58125 0.48125 0.0671875 0.13194444444444445
1 0.559375 0.3125 0.0453125 0.09166666666666666
1 0.516796875 0.1986111111111111 0.03359375 0.07222222222222222
1 0.4484375 0.2826388888888889 0.040625 0.07361111111111111
1 0.458984375 0.20208333333333334 0.02578125 0.07083333333333333
2 0.796875 0.7444444444444445 0.190625 0.3138888888888889
3 0.430078125 0.43333333333333335 0.07890625 0.23055555555555557
3 0.517578125 0.18819444444444444 0.03046875 0.07361111111111111
