0 0.455859375 0.56875 0.06328125 0.13194444444444445
0 0.372265625 0.5361111111111111 0.06171875 0.12777777777777777
0 0.196875 0.74375 0.0859375 0.18194444444444444
0 0.269140625 0.8006944444444445 0.08984375 0.2263888888888889
0 0.730078125 0.6902777777777778 0.02578125 0.15833333333333333
0 0.744921875 0.5569444444444445 0.03359375 0.09722222222222222
0 0.801953125 0.5076388888888889 0.02109375 0.0875
0 0.719921875 0.47638888888888886 0.02265625 0.09722222222222222
0 0.608984375 0.4673611111111111 0.01953125 0.05138888888888889
0 0.6328125 0.45208333333333334 0.01875 0.0763888888888889
0 0.708203125 0.4125 0.01484375 0.075
0 0.7390625 0.4409722222222222 0.0171875 0.07361111111111111
1 0.58359375 0.5597222222222222 0.13125 0.1527777777777778
0 0.610546875 0.4215277777777778 0.01484375 0.06527777777777778
0 0.836328125 0.44305555555555554 0.01640625 0.058333333333333334
