0 0.540234375 0.23541666666666666 0.02578125 0.0875
0 0.6515625 0.32916666666666666 0.034375 0.10555555555555556
0 0.662890625 0.29444444444444445 0.02734375 0.075
0 0.554296875 0.39375 0.04453125 0.15138888888888888
0 0.444921875 0.27708333333333335 0.03515625 0.11527777777777778
0 0.391015625 0.3958333333333333 0.05859375 0.175
0 0.22265625 0.5861111111111111 0.0953125 0.2722222222222222
0 0.11640625 0.5027777777777778 0.0875 0.21388888888888888
0 0.04609375 0.6729166666666667 0.0921875 0.2847222222222222
0 0.620703125 0.6215277777777778 0.06484375 0.22083333333333333
0 0.684375 0.47847222222222224 0.0421875 0.15416666666666667
0 0.465625 0.8583333333333333 0.0859375 0.2833333333333333
0 0.5859375 0.2 0.0203125 0.06666666666666667
0 0.6109375 0.20972222222222223 0.01875 0.06388888888888888
0 0.67265625 0.22083333333333333 0.021875 0.06666666666666667
