0 0.683203125 0.425 0.02421875 0.10555555555555556
0 0.84609375 0.6576388888888889 0.0421875 0.14027777777777778
0 0.598828125 0.5208333333333334 0.06015625 0.11388888888888889
0 0.278125 0.40902777777777777 0.021875 0.10138888888888889
0 0.9265625 0.8138888888888889 0.0796875 0.16944444444444445
0 0.317578125 0.38263888888888886 0.01796875 0.09861111111111111
0 0.6296875 0.3090277777777778 0.0171875 0.08194444444444444
0 0.36484375 0.39652777777777776 0.0203125 0.10138888888888889
0 0.398828125 0.4215277777777778 0.02421875 0.1125
0 0.0421875 0.3909722222222222 0.0484375 0.07916666666666666
0 0.2734375 0.5340277777777778 0.03125 0.12916666666666668
0 0.019140625 0.49027777777777776 0.03828125 0.09722222222222222
0 0.39140625 0.3229166666666667 0.0203125 0.0875
0 0.56015625 0.3909722222222222 0.040625 0.09305555555555556
0 0.807421875 0.5625 0.04609375 0.1361111111111111
0 0.512890625 0.30277777777777776 0.04140625 0.06111111111111111
0 0.30078125 0.3402777777777778 0.021875 0.08611111111111111
0 0.3453125 0.3527777777777778 0.01875 0.08055555555555556
0 0.3625 0.31180555555555556 0.0171875 0.06805555555555555
0 0.971484375 0.7826388888888889 0.04921875 0.15138888888888888
0 0.809375 0.42569444444444443 0.0328125 0.0875
1 0.525390625 0.2263888888888889 0.03203125 0.06111111111111111
1 0.575390625 0.29444444444444445 0.03515625 0.07777777777777778
1 0.39609375 0.2590277777777778 0.0359375 0.0875
1 0.446875 0.2708333333333333 0.0359375 0.07777777777777778
1 0.323046875 0.1701388888888889 0.03515625 0.07083333333333333
1 0.41484375 0.1986111111111111 0.0296875 0.06388888888888888
1 0.540625 0.1875 0.021875 0.044444444444444446
