0 0.16484375 0.7680555555555556 0.06875 0.14444444444444443
0 0.388671875 0.8069444444444445 0.05859375 0.15
0 0.48125 0.9131944444444444 0.0546875 0.1736111111111111
0 0.575390625 0.9173611111111111 0.05234375 0.16527777777777777
0 0.69921875 0.9194444444444444 0.0484375 0.16111111111111112
0 0.7640625 0.8659722222222223 0.0375 0.1625
0 0.837890625 0.9277777777777778 0.04453125 0.14444444444444443
0 0.78515625 0.7423611111111111 0.028125 0.11805555555555555
0 0.721484375 0.7416666666666667 0.03515625 0.14166666666666666
0 0.66875 0.6756944444444445 0.0296875 0.10972222222222222
0 0.628125 0.7076388888888889 0.028125 0.14027777777777778
0 0.54296875 0.6041666666666666 0.028125 0.1111111111111111
0 0.61640625 0.5854166666666667 0.0265625 0.08472222222222223
0 0.664453125 0.5902777777777778 0.02890625 0.06388888888888888
0 0.74921875 0.6395833333333333 0.025 0.10694444444444444
0 0.79140625 0.65 0.0328125 0.09444444444444444
0 0.78671875 0.5583333333333333 0.01875 0.06111111111111111
0 0.74609375 0.5618055555555556 0.0234375 0.05138888888888889
0 0.703125 0.5354166666666667 0.0171875 0.04861111111111111
0 0.666015625 0.5270833333333333 0.02578125 0.059722222222222225
1 0.378515625 0.6951388888888889 0.13828125 0.1486111111111111
