0 0.76015625 0.4513888888888889 0.01875 0.07222222222222222
0 0.347265625 0.5763888888888888 0.06796875 0.15
0 0.66640625 0.50625 0.0296875 0.10972222222222222
0 0.791796875 0.5152777777777777 0.02578125 0.1
0 0.814453125 0.44930555555555557 0.01640625 0.05694444444444444
0 0.58125 0.49236111111111114 0.0296875 0.09305555555555556
0 0.6109375 0.44722222222222224 0.0265625 0.08055555555555556
0 0.653515625 0.45069444444444445 0.02109375 0.07916666666666666
0 0.67734375 0.4222222222222222 0.01875 0.06666666666666667
0 0.71875 0.4215277777777778 0.0203125 0.0625
0 0.74453125 0.40555555555555556 0.015625 0.05555555555555555
0 0.723828125 0.5368055555555555 0.03046875 0.12083333333333333
0 0.775 0.4263888888888889 0.0140625 0.058333333333333334
0 0.0265625 0.8652777777777778 0.053125 0.18333333333333332
0 0.844921875 0.4479166666666667 0.01484375 0.05416666666666667
1 0.5015625 0.5909722222222222 0.15 0.17083333333333334
