0 0.48828125 0.5770833333333333 0.0734375 0.13194444444444445
0 0.940625 0.6881944444444444 0.053125 0.14583333333333334
0 0.621484375 0.25555555555555554 0.01796875 0.075
0 0.5203125 0.33819444444444446 0.0203125 0.0875
0 0.322265625 0.2965277777777778 0.02265625 0.08472222222222223
0 0.626171875 0.5569444444444445 0.06640625 0.11666666666666667
0 0.55 0.3402777777777778 0.0171875 0.08611111111111111
0 0.193359375 0.55 0.06484375 0.11944444444444445
0 0.570703125 0.30069444444444443 0.02109375 0.08472222222222223
0 0.4 0.2965277777777778 0.0203125 0.08472222222222223
0 0.395703125 0.2263888888888889 0.01484375 0.06111111111111111
0 0.42265625 0.2972222222222222 0.0171875 0.08055555555555556
0 0.884765625 0.5583333333333333 0.06484375 0.1111111111111111
0 0.088671875 0.4798611111111111 0.06796875 0.10138888888888889
0 0.2171875 0.44513888888888886 0.0484375 0.0875
0 0.03515625 0.45069444444444445 0.0390625 0.09305555555555556
0 0.15 0.4479166666666667 0.053125 0.09027777777777778
0 0.38046875 0.3034722222222222 0.0171875 0.0625
0 0.012890625 0.38125 0.02578125 0.08472222222222223
0 0.191015625 0.4340277777777778 0.04921875 0.09027777777777778
0 0.252734375 0.45208333333333334 0.04296875 0.08472222222222223
0 0.809375 0.4236111111111111 0.03125 0.08888888888888889
1 0.650390625 0.38472222222222224 0.07734375 0.1
1 0.026953125 0.5715277777777777 0.05390625 0.11805555555555555
1 0.444140625 0.25 0.03515625 0.075
1 0.048828125 0.9340277777777778 0.08046875 0.10138888888888889
1 0.073828125 0.40694444444444444 0.09921875 0.06388888888888888
3 0.3421875 0.4513888888888889 0.1203125 0.14444444444444443
0 0.365234375 0.2875 0.01328125 0.058333333333333334
