1 0.6875 0.39791666666666664 0.1265625 0.13194444444444445
1 0.166015625 0.2590277777777778 0.04140625 0.0625
1 0.290625 0.3486111111111111 0.0859375 0.1111111111111111
3 0.21171875 0.22569444444444445 0.065625 0.08194444444444444
3 0.5375 0.5340277777777778 0.275 0.39861111111111114
0 0.28125 0.24166666666666667 0.0359375 0.05555555555555555
0 0.124609375 0.2652777777777778 0.01953125 0.06944444444444445
0 0.116796875 0.28680555555555554 0.02109375 0.06805555555555555
0 0.112109375 0.34791666666666665 0.03203125 0.08472222222222223
0 0.371484375 0.2548611111111111 0.03671875 0.05694444444444444
0 0.41953125 0.25416666666666665 0.0375 0.06666666666666667
0 0.440625 0.25972222222222224 0.0328125 0.075
0 0.21953125 0.4236111111111111 0.040625 0.12222222222222222
0 0.22421875 0.5305555555555556 0.04375 0.15555555555555556
0 0.269140625 0.4875 0.04140625 0.15
