0 0.258984375 0.86875 0.03515625 0.14583333333333334
0 0.215625 0.89375 0.05 0.15138888888888888
0 0.320703125 0.7534722222222222 0.03984375 0.19305555555555556
0 0.408984375 0.6590277777777778 0.02734375 0.14583333333333334
0 0.54296875 0.8618055555555556 0.0421875 0.2013888888888889
0 0.503515625 0.6361111111111111 0.03046875 0.15
0 0.567578125 0.61875 0.02265625 0.10972222222222222
0 0.559765625 0.7409722222222223 0.03515625 0.15416666666666667
0 0.540625 0.5972222222222222 0.0265625 0.125
0 0.449609375 0.5791666666666667 0.02265625 0.10555555555555556
0 0.322265625 0.6368055555555555 0.03046875 0.10694444444444444
0 0.364453125 0.5388888888888889 0.02265625 0.08055555555555556
0 0.441796875 0.4479166666666667 0.01796875 0.059722222222222225
