0 0.25703125 0.8625 0.0359375 0.1361111111111111
0 0.44375 0.7729166666666667 0.0375 0.20694444444444443
0 0.544921875 0.8159722222222222 0.04140625 0.20972222222222223
0 0.561328125 0.6916666666666667 0.03515625 0.14444444444444443
0 0.401953125 0.58125 0.02734375 0.12916666666666668
0 0.32109375 0.6388888888888888 0.0296875 0.09722222222222222
0 0.364453125 0.5465277777777777 0.02109375 0.07361111111111111
0 0.534375 0.5006944444444444 0.0171875 0.09305555555555556
0 0.446875 0.44027777777777777 0.0125 0.06111111111111111
0 0.50390625 0.4618055555555556 0.015625 0.059722222222222225
0 0.490234375 0.40902777777777777 0.00859375 0.04027777777777778
0 0.482421875 0.4125 0.01015625 0.03888888888888889
0 0.473046875 0.4048611111111111 0.01015625 0.0375
