0 0.479296875 0.16458333333333333 0.03515625 0.0763888888888889
0 0.299609375 0.3138888888888889 0.03828125 0.13333333333333333
0 0.16171875 0.44930555555555557 0.08125 0.22361111111111112
0 0.287109375 0.4840277777777778 0.08046875 0.22916666666666666
0 0.478125 0.32916666666666666 0.0484375 0.13333333333333333
0 0.50390625 0.5701388888888889 0.06875 0.2152777777777778
0 0.55234375 0.4097222222222222 0.0453125 0.14722222222222223
0 0.58515625 0.3215277777777778 0.034375 0.11527777777777778
0 0.636328125 0.36180555555555555 0.03515625 0.1125
0 0.6515625 0.45416666666666666 0.0453125 0.15833333333333333
0 0.68203125 0.47708333333333336 0.0484375 0.15416666666666667
0 0.53984375 0.2763888888888889 0.0359375 0.1
0 0.529296875 0.2326388888888889 0.02265625 0.08194444444444444
0 0.626953125 0.22361111111111112 0.02578125 0.06388888888888888
0 0.493359375 0.2548611111111111 0.03203125 0.07916666666666666
0 0.6359375 0.17152777777777778 0.0171875 0.04861111111111111
