0 0.79140625 0.5548611111111111 0.03125 0.10416666666666667
0 0.643359375 0.6326388888888889 0.04140625 0.14027777777777778
0 0.469140625 0.5729166666666666 0.03828125 0.10694444444444444
0 0.3203125 0.7090277777777778 0.0890625 0.17083333333333334
0 0.119921875 0.7291666666666666 0.10234375 0.2361111111111111
0 0.5046875 0.5173611111111112 0.034375 0.11527777777777778
0 0.46640625 0.4847222222222222 0.0328125 0.09722222222222222
0 0.610546875 0.46041666666666664 0.01953125 0.09027777777777778
0 0.65 0.46805555555555556 0.028125 0.09722222222222222
0 0.678125 0.4361111111111111 0.01875 0.08333333333333333
0 0.7125 0.42430555555555555 0.0171875 0.07083333333333333
1 0.755078125 0.49166666666666664 0.05703125 0.1
