0 0.75078125 0.6326388888888889 0.0375 0.14305555555555555
0 0.110546875 0.6465277777777778 0.06015625 0.14583333333333334
0 0.831640625 0.5611111111111111 0.03359375 0.12222222222222222
0 0.384375 0.8798611111111111 0.04375 0.2013888888888889
0 0.223828125 0.7118055555555556 0.05703125 0.1597222222222222
0 0.509375 0.4263888888888889 0.0234375 0.11388888888888889
0 0.768359375 0.4756944444444444 0.02578125 0.10694444444444444
0 0.175 0.5854166666666667 0.04375 0.13472222222222222
0 0.267578125 0.5472222222222223 0.02890625 0.15
0 0.266796875 0.35625 0.01796875 0.059722222222222225
0 0.519140625 0.35625 0.02265625 0.0875
0 0.650390625 0.29444444444444445 0.01953125 0.07777777777777778
0 0.238671875 0.3840277777777778 0.02890625 0.09305555555555556
0 0.64921875 0.3909722222222222 0.0234375 0.09861111111111111
0 0.226171875 0.4618055555555556 0.02734375 0.11527777777777778
0 0.694921875 0.47708333333333336 0.03046875 0.1125
0 0.680859375 0.3375 0.02265625 0.07777777777777778
0 0.73125 0.5590277777777778 0.03125 0.10972222222222222
0 0.103125 0.4798611111111111 0.053125 0.09583333333333334
0 0.18125 0.37916666666666665 0.0546875 0.075
0 0.068359375 0.49375 0.03984375 0.10416666666666667
0 0.392578125 0.3215277777777778 0.02109375 0.08194444444444444
0 0.813671875 0.43472222222222223 0.03046875 0.08333333333333333
0 0.50234375 0.31319444444444444 0.0234375 0.09305555555555556
1 0.66796875 0.7972222222222223 0.1390625 0.24444444444444444
1 0.330859375 0.35 0.08359375 0.10833333333333334
1 0.58046875 0.4354166666666667 0.0609375 0.15138888888888888
1 0.51875 0.20069444444444445 0.034375 0.07361111111111111
3 0.57890625 0.3076388888888889 0.059375 0.14305555555555555
3 0.439453125 0.4097222222222222 0.07578125 0.21388888888888888
3 0.53984375 0.2548611111111111 0.04375 0.09305555555555556
