1 0.52890625 0.6125 0.1609375 0.2361111111111111
2 0.28359375 0.2361111111111111 0.0578125 0.058333333333333334
0 0.217578125 0.23472222222222222 0.02734375 0.05277777777777778
0 0.185546875 0.2375 0.01796875 0.05555555555555555
0 0.162109375 0.23472222222222222 0.01640625 0.04722222222222222
0 0.0796875 0.2375 0.015625 0.05555555555555555
0 0.1484375 0.36041666666666666 0.028125 0.09861111111111111
0 0.203125 0.34444444444444444 0.053125 0.08611111111111111
0 0.196484375 0.49722222222222223 0.03984375 0.15
0 0.465234375 0.7083333333333334 0.08828125 0.23055555555555557
