0 0.356640625 0.8979166666666667 0.05703125 0.20416666666666666
0 0.25859375 0.8604166666666667 0.0421875 0.15694444444444444
0 0.31640625 0.6430555555555556 0.0265625 0.09444444444444444
0 0.36171875 0.5472222222222223 0.0265625 0.08333333333333333
0 0.438671875 0.4791666666666667 0.01953125 0.06944444444444445
0 0.521875 0.49930555555555556 0.028125 0.09027777777777778
0 0.57578125 0.5493055555555556 0.03125 0.0763888888888889
0 0.480078125 0.42430555555555555 0.01640625 0.05138888888888889
0 0.465234375 0.4270833333333333 0.01640625 0.05138888888888889
0 0.458984375 0.37222222222222223 0.01015625 0.03333333333333333
