0 0.513671875 0.925 0.07109375 0.15
0 0.2578125 0.8618055555555556 0.040625 0.14305555555555555
0 0.319921875 0.6409722222222223 0.03515625 0.10416666666666667
0 0.36328125 0.5416666666666666 0.0234375 0.07222222222222222
0 0.550390625 0.6111111111111112 0.03359375 0.11944444444444445
0 0.522265625 0.5145833333333333 0.02109375 0.09027777777777778
0 0.60234375 0.5638888888888889 0.0421875 0.06111111111111111
0 0.427734375 0.42777777777777776 0.01640625 0.05277777777777778
0 0.49140625 0.4340277777777778 0.015625 0.05138888888888889
0 0.4578125 0.38958333333333334 0.0125 0.04027777777777778
