0 0.332421875 0.33402777777777776 0.05078125 0.15416666666666667
0 0.04609375 0.59375 0.0921875 0.2569444444444444
0 0.537109375 0.6659722222222222 0.07265625 0.24305555555555555
0 0.47578125 0.36875 0.040625 0.15694444444444444
0 0.47109375 0.2548611111111111 0.03125 0.10416666666666667
0 0.541015625 0.2423611111111111 0.02578125 0.08194444444444444
0 0.565625 0.21458333333333332 0.0234375 0.07083333333333333
0 0.66171875 0.25972222222222224 0.021875 0.07222222222222222
0 0.68125 0.23402777777777778 0.01875 0.0625
0 0.596875 0.18611111111111112 0.015625 0.058333333333333334
0 0.658984375 0.1951388888888889 0.01484375 0.05138888888888889
1 0.618359375 0.20972222222222223 0.04765625 0.06666666666666667
0 0.369140625 0.3715277777777778 0.05703125 0.1736111111111111
