0 0.650390625 0.6298611111111111 0.07890625 0.1375
0 0.315234375 0.6722222222222223 0.08515625 0.1361111111111111
0 0.78125 0.5743055555555555 0.0578125 0.12083333333333333
0 0.603515625 0.2548611111111111 0.01796875 0.0763888888888889
0 0.450390625 0.4 0.05234375 0.09722222222222222
0 0.10625 0.7145833333333333 0.040625 0.16805555555555557
0 0.488671875 0.6729166666666667 0.08828125 0.13472222222222222
0 0.222265625 0.5194444444444445 0.06796875 0.10555555555555556
0 0.61328125 0.5881944444444445 0.0671875 0.12083333333333333
0 0.544140625 0.29375 0.01953125 0.08194444444444444
0 0.534765625 0.41805555555555557 0.05390625 0.09166666666666666
0 0.729296875 0.5326388888888889 0.04765625 0.1125
0 0.422265625 0.28541666666666665 0.01796875 0.08194444444444444
0 0.322265625 0.2965277777777778 0.02421875 0.0763888888888889
0 0.40078125 0.2951388888888889 0.0203125 0.07361111111111111
0 0.0125 0.39444444444444443 0.0234375 0.09166666666666666
0 0.57109375 0.2152777777777778 0.0140625 0.06111111111111111
0 0.744140625 0.5208333333333334 0.03359375 0.11666666666666667
0 0.24296875 0.4097222222222222 0.040625 0.08055555555555556
0 0.36328125 0.29375 0.0171875 0.07361111111111111
0 0.034375 0.6583333333333333 0.0640625 0.10555555555555556
0 0.081640625 0.3680555555555556 0.05859375 0.075
0 0.141796875 0.4638888888888889 0.05390625 0.10277777777777777
0 0.52578125 0.6291666666666667 0.071875 0.13055555555555556
0 0.408984375 0.18611111111111112 0.01328125 0.04722222222222222
0 0.2140625 0.47847222222222224 0.0484375 0.10694444444444444
1 0.44921875 0.21805555555555556 0.0328125 0.075
1 0.02734375 0.7694444444444445 0.0546875 0.1388888888888889
1 0.315625 0.4777777777777778 0.0875 0.10555555555555556
1 0.16015625 0.4076388888888889 0.09375 0.08194444444444444
1 0.9640625 0.5069444444444444 0.0625 0.13333333333333333
3 0.070703125 0.5125 0.14140625 0.18333333333333332
3 0.50859375 0.15833333333333333 0.03125 0.07777777777777778
