0 0.3875 0.6951388888888889 0.096875 0.2875
0 0.53359375 0.42777777777777776 0.0453125 0.18333333333333332
0 0.5859375 0.47638888888888886 0.0609375 0.17222222222222222
0 0.653515625 0.45069444444444445 0.04609375 0.14305555555555555
0 0.68515625 0.48194444444444445 0.046875 0.17777777777777778
0 0.609375 0.3486111111111111 0.0421875 0.10833333333333334
0 0.453515625 0.30277777777777776 0.04140625 0.14166666666666666
0 0.466015625 0.23055555555555557 0.02890625 0.07222222222222222
0 0.51484375 0.2548611111111111 0.0328125 0.09861111111111111
0 0.480078125 0.15833333333333333 0.04140625 0.06944444444444445
0 0.580078125 0.19722222222222222 0.01796875 0.06666666666666667
0 0.616796875 0.24375 0.02421875 0.0875
0 0.634375 0.28680555555555554 0.040625 0.08472222222222223
0 0.66953125 0.2638888888888889 0.021875 0.08055555555555556
0 0.608203125 0.175 0.01484375 0.04722222222222222
0 0.634765625 0.22916666666666666 0.01640625 0.06388888888888888
0 0.6453125 0.21180555555555555 0.015625 0.05138888888888889
