0 0.33671875 0.35625 0.0546875 0.15694444444444444
0 0.39765625 0.36736111111111114 0.053125 0.1736111111111111
0 0.479296875 0.2743055555555556 0.03515625 0.10972222222222222
0 0.487890625 0.32916666666666666 0.04140625 0.1388888888888889
0 0.57109375 0.42291666666666666 0.05 0.1625
0 0.63671875 0.3541666666666667 0.0328125 0.12222222222222222
0 0.146484375 0.5097222222222222 0.08203125 0.22777777777777777
0 0.16875 0.6125 0.109375 0.29444444444444445
0 0.63203125 0.6215277777777778 0.0734375 0.2125
0 0.666796875 0.2798611111111111 0.02421875 0.0875
0 0.678125 0.23958333333333334 0.0171875 0.07083333333333333
