0 0.41796875 0.32916666666666666 0.0421875 0.1361111111111111
0 0.47890625 0.27569444444444446 0.0359375 0.10694444444444444
0 0.541015625 0.2465277777777778 0.02421875 0.08472222222222223
0 0.5875 0.3458333333333333 0.034375 0.10833333333333334
0 0.6015625 0.21736111111111112 0.0203125 0.06527777777777778
0 0.548046875 0.5125 0.04921875 0.18333333333333332
0 0.0890625 0.59375 0.0953125 0.2652777777777778
0 0.66171875 0.325 0.021875 0.09722222222222222
0 0.6484375 0.24444444444444444 0.01875 0.07777777777777778
0 0.665625 0.25069444444444444 0.0203125 0.0625
0 0.578125 0.17430555555555555 0.0171875 0.059722222222222225
0 0.63203125 0.19305555555555556 0.0203125 0.058333333333333334
