0 0.229296875 0.6826388888888889 0.08984375 0.1597222222222222
0 0.81953125 0.4895833333333333 0.01875 0.08194444444444444
0 0.841015625 0.4756944444444444 0.01796875 0.06805555555555555
0 0.544921875 0.48680555555555555 0.03203125 0.09861111111111111
1 0.565234375 0.6451388888888889 0.16328125 0.19305555555555556
3 0.691015625 0.475 0.12265625 0.19166666666666668
1 0.23203125 0.9118055555555555 0.3640625 0.1763888888888889
0 0.569140625 0.5076388888888889 0.03359375 0.0875
3 0.76796875 0.4479166666666667 0.0421875 0.12638888888888888
0 0.91484375 0.5826388888888889 0.028125 0.10972222222222222
