0 0.799609375 0.5222222222222223 0.02265625 0.08611111111111111
0 0.22265625 0.7631944444444444 0.1140625 0.26805555555555555
0 0.570703125 0.8013888888888889 0.08671875 0.23333333333333334
0 0.615625 0.91875 0.096875 0.1625
0 0.70546875 0.42430555555555555 0.0234375 0.07083333333333333
0 0.372265625 0.7006944444444444 0.08046875 0.22083333333333333
0 0.739453125 0.7076388888888889 0.04609375 0.1597222222222222
0 0.653515625 0.4263888888888889 0.02265625 0.075
0 0.8296875 0.5041666666666667 0.021875 0.08055555555555556
0 0.84609375 0.5493055555555556 0.0234375 0.09861111111111111
0 0.782421875 0.6 0.03359375 0.1361111111111111
0 0.753125 0.5618055555555556 0.025 0.10416666666666667
0 0.477734375 0.4673611111111111 0.03671875 0.07083333333333333
0 0.3125 0.6104166666666667 0.0703125 0.16805555555555557
0 0.2484375 0.5888888888888889 0.0796875 0.125
0 0.711328125 0.6472222222222223 0.03984375 0.15555555555555556
0 0.057421875 0.8472222222222222 0.11484375 0.2222222222222222
0 0.5921875 0.5131944444444444 0.034375 0.09583333333333334
0 0.723828125 0.5791666666666667 0.02890625 0.10833333333333334
1 0.616796875 0.6298611111111111 0.14296875 0.19027777777777777
1 0.71796875 0.5229166666666667 0.0796875 0.12083333333333333
3 0.77109375 0.43680555555555556 0.0625 0.12083333333333333
3 0.808203125 0.37916666666666665 0.06328125 0.1527777777777778
0 0.61484375 0.48055555555555557 0.0265625 0.08888888888888889
0 0.037890625 0.6986111111111111 0.07421875 0.2
0 0.161328125 0.7145833333333333 0.09765625 0.2152777777777778
0 0.55546875 0.4215277777777778 0.04375 0.05416666666666667
0 0.934765625 0.8875 0.08515625 0.10833333333333334
0 0.91953125 0.8354166666666667 0.065625 0.10694444444444444
0 0.71640625 0.40208333333333335 0.015625 0.05694444444444444
