0 0.280859375 0.7416666666666667 0.06953125 0.225
0 0.35625 0.7159722222222222 0.059375 0.2152777777777778
0 0.355859375 0.6152777777777778 0.06171875 0.18333333333333332
0 0.24296875 0.45625 0.03125 0.12361111111111112
0 0.196484375 0.39861111111111114 0.02421875 0.10555555555555556
0 0.149609375 0.3659722222222222 0.01953125 0.09027777777777778
0 0.163671875 0.3347222222222222 0.02265625 0.08611111111111111
0 0.245703125 0.34791666666666665 0.04765625 0.07916666666666666
0 0.2625 0.3076388888888889 0.03125 0.07916666666666666
0 0.297265625 0.24513888888888888 0.03203125 0.05138888888888889
0 0.36328125 0.2625 0.0375 0.06111111111111111
0 0.221875 0.23402777777777778 0.021875 0.04861111111111111
0 0.238671875 0.2375 0.01796875 0.05
0 0.095703125 0.25763888888888886 0.01328125 0.05138888888888889
0 0.11015625 0.25069444444444444 0.0140625 0.059722222222222225
