1 0.60078125 0.50625 0.184375 0.2013888888888889
1 0.412109375 0.5083333333333333 0.14921875 0.21666666666666667
1 0.253125 0.3298611111111111 0.0734375 0.09305555555555556
3 0.201171875 0.24930555555555556 0.07421875 0.12361111111111112
0 0.10390625 0.28680555555555554 0.0203125 0.0763888888888889
0 0.12109375 0.26319444444444445 0.0171875 0.059722222222222225
0 0.157421875 0.2520833333333333 0.01640625 0.0625
0 0.223828125 0.6194444444444445 0.05546875 0.19444444444444445
0 0.215234375 0.45902777777777776 0.03203125 0.13194444444444445
0 0.32265625 0.5645833333333333 0.0609375 0.16805555555555557
0 0.373828125 0.7256944444444444 0.06171875 0.20972222222222223
0 0.446875 0.7388888888888889 0.075 0.23333333333333334
0 0.494140625 0.3701388888888889 0.06171875 0.11527777777777778
