0 0.37890625 0.8763888888888889 0.05 0.23333333333333334
0 0.258203125 0.8736111111111111 0.03203125 0.15555555555555556
0 0.21640625 0.90625 0.046875 0.15694444444444444
0 0.462890625 0.7173611111111111 0.03828125 0.19305555555555556
0 0.608203125 0.7618055555555555 0.04140625 0.1763888888888889
0 0.320703125 0.64375 0.03046875 0.10972222222222222
0 0.36484375 0.5416666666666666 0.025 0.07777777777777778
0 0.382421875 0.5243055555555556 0.01640625 0.0763888888888889
0 0.44453125 0.54375 0.0265625 0.1125
0 0.5125 0.47638888888888886 0.0203125 0.08333333333333333
0 0.4609375 0.43680555555555556 0.0109375 0.059722222222222225
