0 0.92265625 0.6097222222222223 0.0171875 0.08055555555555556
0 0.45703125 0.6368055555555555 0.0390625 0.10416666666666667
0 0.745703125 0.6263888888888889 0.02890625 0.10833333333333334
0 0.8453125 0.6493055555555556 0.0359375 0.12083333333333333
0 0.769140625 0.7645833333333333 0.02890625 0.1486111111111111
0 0.857421875 0.9173611111111111 0.04609375 0.16527777777777777
0 0.703125 0.8666666666666667 0.0421875 0.175
0 0.626171875 0.9493055555555555 0.06015625 0.10138888888888889
1 0.491796875 0.8861111111111111 0.16328125 0.20277777777777778
1 0.592578125 0.5270833333333333 0.06328125 0.08472222222222223
3 0.1875 0.8472222222222222 0.3265625 0.3055555555555556
