0 0.675 0.38055555555555554 0.025 0.08333333333333333
0 0.844140625 0.33541666666666664 0.03671875 0.06527777777777778
0 0.837890625 0.2826388888888889 0.03984375 0.06527777777777778
0 0.8828125 0.7388888888888889 0.05 0.1388888888888889
0 0.312890625 0.9145833333333333 0.06015625 0.15138888888888888
1 0.1640625 0.7201388888888889 0.121875 0.2152777777777778
1 0.500390625 0.4354166666666667 0.06328125 0.10416666666666667
3 0.475390625 0.2847222222222222 0.05234375 0.10833333333333334
0 0.2828125 0.3145833333333333 0.01875 0.05138888888888889
0 0.644140625 0.28125 0.02421875 0.05694444444444444
0 0.5703125 0.24791666666666667 0.015625 0.04583333333333333
