0 0.455859375 0.8263888888888888 0.08359375 0.18888888888888888
0 0.596875 0.6854166666666667 0.046875 0.14027777777777778
0 0.634765625 0.7673611111111112 0.05234375 0.1736111111111111
0 0.7625 0.5472222222222223 0.0296875 0.1111111111111111
0 0.80625 0.4513888888888889 0.0171875 0.06666666666666667
0 0.51796875 0.48125 0.034375 0.10416666666666667
0 0.787109375 0.46805555555555556 0.01953125 0.07777777777777778
0 0.726953125 0.5868055555555556 0.02890625 0.12361111111111112
0 0.8390625 0.4215277777777778 0.0140625 0.05138888888888889
0 0.744921875 0.4263888888888889 0.01484375 0.05277777777777778
0 0.67109375 0.40208333333333335 0.0171875 0.059722222222222225
0 0.7703125 0.39375 0.0140625 0.04583333333333333
0 0.7546875 0.4625 0.01875 0.07222222222222222
0 0.72109375 0.41041666666666665 0.0125 0.04861111111111111
2 0.836328125 0.5090277777777777 0.05859375 0.11527777777777778
1 0.721875 0.5138888888888888 0.09375 0.12777777777777777
1 0.695703125 0.44375 0.06484375 0.0875
0 0.736328125 0.3958333333333333 0.01640625 0.05
