0 0.69140625 0.4583333333333333 0.0515625 0.14722222222222223
0 0.399609375 0.32222222222222224 0.04453125 0.1361111111111111
0 0.058203125 0.6784722222222223 0.11640625 0.34305555555555556
0 0.42109375 0.6 0.06875 0.22777777777777777
0 0.432421875 0.8006944444444445 0.09296875 0.28194444444444444
0 0.55 0.3638888888888889 0.03125 0.11944444444444445
0 0.5953125 0.44305555555555554 0.0359375 0.1361111111111111
0 0.620703125 0.35 0.03046875 0.08888888888888889
0 0.641015625 0.3138888888888889 0.02421875 0.1
0 0.53359375 0.22083333333333333 0.0234375 0.08611111111111111
0 0.583203125 0.22847222222222222 0.01953125 0.06527777777777778
0 0.557421875 0.2013888888888889 0.01953125 0.08055555555555556
0 0.602734375 0.2076388888888889 0.01796875 0.07361111111111111
0 0.62890625 0.21388888888888888 0.01875 0.06666666666666667
