0 0.533984375 0.8875 0.09453125 0.2111111111111111
0 0.29765625 0.60625 0.0640625 0.16527777777777777
0 0.799609375 0.5166666666666667 0.02578125 0.08888888888888889
0 0.080859375 0.8319444444444445 0.13671875 0.21666666666666667
0 0.793359375 0.6166666666666667 0.03203125 0.1388888888888889
0 0.46953125 0.5145833333333333 0.0421875 0.11805555555555555
0 0.837890625 0.5277777777777778 0.02421875 0.08888888888888889
0 0.43046875 0.5986111111111111 0.0859375 0.1388888888888889
0 0.736328125 0.6048611111111111 0.03359375 0.13194444444444445
0 0.423828125 0.5333333333333333 0.03671875 0.09722222222222222
0 0.74453125 0.3819444444444444 0.0125 0.05
0 0.73671875 0.5159722222222223 0.0234375 0.09027777777777778
0 0.408984375 0.5493055555555556 0.06484375 0.14583333333333334
0 0.25078125 0.5881944444444445 0.06875 0.12361111111111112
0 0.766015625 0.3923611111111111 0.01328125 0.043055555555555555
0 0.848046875 0.46458333333333335 0.01484375 0.05694444444444444
0 0.815625 0.45 0.0140625 0.05555555555555555
3 0.61328125 0.5263888888888889 0.23125 0.33611111111111114
0 0.41953125 0.48819444444444443 0.0265625 0.08194444444444444
0 0.34921875 0.5166666666666667 0.065625 0.13055555555555556
0 0.36875 0.4722222222222222 0.025 0.08888888888888889
3 0.737890625 0.48541666666666666 0.02109375 0.1125
1 0.76171875 0.46944444444444444 0.040625 0.08888888888888889
1 0.7828125 0.44375 0.0359375 0.06805555555555555
0 0.934765625 0.8888888888888888 0.07421875 0.10833333333333334
0 0.917578125 0.8402777777777778 0.06484375 0.10833333333333334
