1 0.16171875 0.2361111111111111 0.03125 0.06388888888888888
1 0.217578125 0.23194444444444445 0.05859375 0.06666666666666667
1 0.325 0.25069444444444444 0.0609375 0.059722222222222225
1 0.271875 0.3145833333333333 0.08125 0.10972222222222222
0 0.122265625 0.27361111111111114 0.01953125 0.06111111111111111
0 0.160546875 0.3145833333333333 0.02109375 0.08472222222222223
0 0.190625 0.3659722222222222 0.0578125 0.08472222222222223
0 0.214453125 0.4236111111111111 0.03203125 0.1361111111111111
0 0.19140625 0.48125 0.0390625 0.14305555555555555
0 0.3234375 0.6076388888888888 0.0578125 0.16805555555555557
