0 0.415625 0.7972222222222223 0.04375 0.18055555555555555
0 0.20546875 0.8541666666666666 0.04375 0.2222222222222222
0 0.32265625 0.4513888888888889 0.0203125 0.11388888888888889
0 0.291796875 0.5458333333333333 0.02578125 0.1388888888888889
0 0.362890625 0.39375 0.01953125 0.1125
0 0.298046875 0.4076388888888889 0.02421875 0.10972222222222222
0 0.260546875 0.6145833333333334 0.03046875 0.1486111111111111
0 0.29765625 0.7006944444444444 0.034375 0.1763888888888889
0 0.20859375 0.5923611111111111 0.0359375 0.14305555555555555
0 0.634765625 0.3229166666666667 0.02109375 0.08472222222222223
0 0.1875 0.7125 0.0375 0.1638888888888889
0 0.681640625 0.8944444444444445 0.05078125 0.16666666666666666
0 0.3328125 0.3784722222222222 0.0125 0.09861111111111111
0 0.35703125 0.5729166666666666 0.0328125 0.13194444444444445
0 0.67265625 0.31180555555555556 0.025 0.06805555555555555
0 0.320703125 0.32222222222222224 0.01953125 0.08333333333333333
0 0.519921875 0.9472222222222222 0.07734375 0.10555555555555556
0 0.3921875 0.2833333333333333 0.0171875 0.06944444444444445
0 0.355859375 0.29930555555555555 0.01953125 0.0763888888888889
0 0.609765625 0.2722222222222222 0.01953125 0.06388888888888888
0 0.57109375 0.1986111111111111 0.015625 0.05555555555555555
0 0.08046875 0.3659722222222222 0.0515625 0.06805555555555555
0 0.565234375 0.25763888888888886 0.01640625 0.05694444444444444
1 0.566796875 0.48125 0.06015625 0.12638888888888888
1 0.44140625 0.3263888888888889 0.04375 0.10555555555555556
1 0.644921875 0.44722222222222224 0.05234375 0.11666666666666667
1 0.60625 0.7125 0.1078125 0.21388888888888888
1 0.573046875 0.33611111111111114 0.08671875 0.10277777777777777
1 0.519921875 0.9472222222222222 0.07734375 0.10555555555555556
1 0.55859375 0.3659722222222222 0.0453125 0.13194444444444445
2 0.831640625 0.7041666666666667 0.33671875 0.5916666666666667
2 0.566796875 0.33958333333333335 0.07890625 0.10972222222222222
