0 0.43125 0.32222222222222224 0.046875 0.14166666666666666
0 0.50078125 0.44166666666666665 0.05 0.17222222222222222
0 0.20625 0.9055555555555556 0.1234375 0.18888888888888888
0 0.13125 0.49722222222222223 0.0921875 0.2388888888888889
0 0.654296875 0.45 0.04296875 0.1388888888888889
0 0.68203125 0.4777777777777778 0.0453125 0.15833333333333333
0 0.56953125 0.3263888888888889 0.034375 0.10555555555555556
0 0.532421875 0.22847222222222222 0.02890625 0.08472222222222223
0 0.478125 0.1597222222222222 0.0375 0.07222222222222222
0 0.58203125 0.28194444444444444 0.0234375 0.08055555555555556
0 0.64453125 0.25972222222222224 0.025 0.07777777777777778
0 0.608203125 0.2361111111111111 0.02109375 0.075
