0 0.4390625 0.6694444444444444 0.040625 0.16666666666666666
0 0.4609375 0.5201388888888889 0.021875 0.08194444444444444
0 0.517578125 0.50625 0.01953125 0.07083333333333333
0 0.533984375 0.4791666666666667 0.01640625 0.07222222222222222
0 0.258984375 0.8625 0.03046875 0.13055555555555556
0 0.319921875 0.6402777777777777 0.02890625 0.1
0 0.362109375 0.55 0.01640625 0.06944444444444445
0 0.573828125 0.5465277777777777 0.01796875 0.07083333333333333
0 0.439453125 0.46111111111111114 0.01640625 0.06111111111111111
0 0.453515625 0.47847222222222224 0.01015625 0.06527777777777778
0 0.51328125 0.45069444444444445 0.0109375 0.04861111111111111
0 0.493359375 0.4027777777777778 0.01171875 0.03888888888888889
1 0.462890625 0.37916666666666665 0.01953125 0.025
