0 0.65 0.8354166666666667 0.065625 0.19027777777777777
0 0.48125 0.8263888888888888 0.0671875 0.18611111111111112
0 0.86875 0.8125 0.05 0.18611111111111112
0 0.762109375 0.6333333333333333 0.03359375 0.1388888888888889
0 0.541015625 0.7972222222222223 0.06484375 0.16666666666666666
0 0.03984375 0.5055555555555555 0.05625 0.11944444444444445
0 0.301171875 0.3680555555555556 0.01953125 0.09444444444444444
0 0.729296875 0.3840277777777778 0.02890625 0.09861111111111111
0 0.65078125 0.5076388888888889 0.021875 0.13194444444444445
0 0.148828125 0.5194444444444445 0.03828125 0.12777777777777777
0 0.333203125 0.7145833333333333 0.04453125 0.1625
0 0.390625 0.6423611111111112 0.053125 0.14027777777777778
0 0.962109375 0.8361111111111111 0.05078125 0.17777777777777778
0 0.259375 0.4340277777777778 0.05625 0.09583333333333334
0 0.138671875 0.7986111111111112 0.05703125 0.23333333333333334
0 0.508984375 0.6284722222222222 0.03828125 0.14027777777777778
0 0.6125 0.3819444444444444 0.0296875 0.09166666666666666
0 0.68828125 0.46041666666666664 0.0265625 0.11527777777777778
0 0.700390625 0.34444444444444444 0.02265625 0.09166666666666666
0 0.566015625 0.6868055555555556 0.04140625 0.15138888888888888
0 0.5828125 0.7708333333333334 0.0609375 0.18333333333333332
0 0.46875 0.4076388888888889 0.0390625 0.09861111111111111
0 0.380859375 0.3138888888888889 0.01796875 0.07777777777777778
0 0.80234375 0.525 0.0296875 0.11944444444444445
0 0.73828125 0.5159722222222223 0.0390625 0.11805555555555555
0 0.348046875 0.35625 0.01640625 0.09305555555555556
0 0.59609375 0.9229166666666667 0.0734375 0.15138888888888888
0 0.414453125 0.2611111111111111 0.01796875 0.06944444444444445
0 0.36875 0.37083333333333335 0.01875 0.1
0 0.325390625 0.3263888888888889 0.01796875 0.08055555555555556
0 0.65703125 0.39375 0.021875 0.09027777777777778
0 0.511328125 0.3111111111111111 0.02421875 0.06944444444444445
0 0.666015625 0.3013888888888889 0.02109375 0.06944444444444445
0 0.385546875 0.24305555555555555 0.01328125 0.05555555555555555
0 0.009765625 0.3388888888888889 0.01796875 0.08611111111111111
0 0.812890625 0.42569444444444443 0.03203125 0.09583333333333334
0 0.01015625 0.8680555555555556 0.0203125 0.14722222222222223
0 0.614453125 0.28194444444444444 0.01796875 0.06666666666666667
0 0.080859375 0.36527777777777776 0.05234375 0.07222222222222222
0 0.348046875 0.2708333333333333 0.01484375 0.06111111111111111
0 0.6515625 0.44930555555555557 0.025 0.1125
0 0.46640625 0.225 0.0203125 0.05555555555555555
0 0.86875 0.43819444444444444 0.0359375 0.0875
1 0.4703125 0.5333333333333333 0.1171875 0.1527777777777778
1 0.213671875 0.39444444444444443 0.11484375 0.08888888888888889
3 0.566015625 0.28194444444444444 0.06640625 0.1527777777777778
