0 0.7984375 0.5020833333333333 0.025 0.08472222222222223
0 0.246484375 0.7361111111111112 0.10546875 0.2361111111111111
0 0.644140625 0.44930555555555557 0.02890625 0.08472222222222223
0 0.12421875 0.8041666666666667 0.115625 0.24444444444444444
0 0.73125 0.3951388888888889 0.015625 0.059722222222222225
0 0.8078125 0.6555555555555556 0.0359375 0.14722222222222223
0 0.832421875 0.5090277777777777 0.02109375 0.07916666666666666
0 0.659765625 0.7145833333333333 0.06484375 0.1736111111111111
0 0.539453125 0.5645833333333333 0.04921875 0.1375
0 0.689453125 0.4222222222222222 0.02421875 0.06666666666666667
0 0.73828125 0.6152777777777778 0.0359375 0.13333333333333333
0 0.67421875 0.4548611111111111 0.021875 0.0763888888888889
0 0.030078125 0.7430555555555556 0.06015625 0.2222222222222222
0 0.75078125 0.3951388888888889 0.0140625 0.05416666666666667
0 0.8453125 0.47638888888888886 0.0140625 0.06388888888888888
1 0.75 0.48055555555555557 0.0625 0.08611111111111111
1 0.697265625 0.5361111111111111 0.08203125 0.11666666666666667
3 0.603515625 0.6284722222222222 0.12109375 0.1763888888888889
0 0.2515625 0.5895833333333333 0.078125 0.10972222222222222
0 0.47734375 0.46805555555555556 0.0375 0.06111111111111111
0 0.555078125 0.42291666666666666 0.04296875 0.05694444444444444
0 0.5578125 0.9381944444444444 0.09375 0.11527777777777778
0 0.9375 0.8923611111111112 0.0828125 0.10972222222222222
0 0.923828125 0.8354166666666667 0.07109375 0.11527777777777778
3 0.78828125 0.41805555555555557 0.046875 0.10277777777777777
0 0.659765625 0.41597222222222224 0.01796875 0.05694444444444444
