0 0.03359375 0.85 0.0671875 0.175
1 0.74296875 0.46944444444444444 0.04375 0.13333333333333333
0 0.818359375 0.46805555555555556 0.01796875 0.06666666666666667
1 0.7765625 0.45208333333333334 0.021875 0.0625
0 0.080859375 0.7548611111111111 0.08984375 0.16805555555555557
0 0.712109375 0.9444444444444444 0.05078125 0.1111111111111111
0 0.716796875 0.3902777777777778 0.01328125 0.044444444444444446
0 0.8375 0.43194444444444446 0.0140625 0.05
3 0.665234375 0.5180555555555556 0.12734375 0.20277777777777778
3 0.40703125 0.6826388888888889 0.378125 0.44583333333333336
0 0.58671875 0.4888888888888889 0.025 0.1
