0 0.752734375 0.8645833333333334 0.05390625 0.2125
0 0.55703125 0.7118055555555556 0.0546875 0.17916666666666667
0 0.534375 0.9055555555555556 0.0890625 0.18888888888888888
0 0.43984375 0.5479166666666667 0.0578125 0.13194444444444445
0 0.56484375 0.4798611111111111 0.0375 0.10138888888888889
0 0.604296875 0.5840277777777778 0.04453125 0.12916666666666668
0 0.82890625 0.63125 0.03125 0.12361111111111112
0 0.716015625 0.3951388888888889 0.01640625 0.05694444444444444
0 0.852734375 0.48819444444444443 0.01796875 0.07083333333333333
0 0.751953125 0.3784722222222222 0.01328125 0.04861111111111111
0 0.55078125 0.4173611111111111 0.028125 0.0763888888888889
2 0.72890625 0.5493055555555556 0.184375 0.2263888888888889
1 0.301953125 0.8909722222222223 0.33203125 0.21805555555555556
0 0.759765625 0.7333333333333333 0.03828125 0.1361111111111111
0 0.833203125 0.4701388888888889 0.01484375 0.07083333333333333
2 0.801953125 0.375 0.05859375 0.09444444444444444
