0 0.582421875 0.5069444444444444 0.06796875 0.11388888888888889
0 0.58828125 0.3416666666666667 0.0234375 0.08611111111111111
0 0.541015625 0.31319444444444444 0.02265625 0.07916666666666666
0 0.44765625 0.5888888888888889 0.084375 0.125
0 0.39453125 0.40625 0.040625 0.08472222222222223
0 0.24375 0.42083333333333334 0.0515625 0.09166666666666666
0 0.465625 0.38125 0.03125 0.0875
0 0.403125 0.93125 0.0578125 0.1375
0 0.175 0.6590277777777778 0.0765625 0.13472222222222222
0 0.191796875 0.3798611111111111 0.05078125 0.0875
0 0.31328125 0.9090277777777778 0.05625 0.16805555555555557
0 0.087890625 0.4486111111111111 0.07109375 0.10277777777777777
0 0.504296875 0.5305555555555556 0.06484375 0.11388888888888889
0 0.664453125 0.45 0.03046875 0.11666666666666667
0 0.3 0.5763888888888888 0.0625 0.11944444444444445
0 0.30703125 0.7118055555555556 0.0859375 0.1597222222222222
0 0.755078125 0.44166666666666665 0.04453125 0.10555555555555556
0 0.134375 0.5881944444444445 0.0734375 0.11527777777777778
0 0.292578125 0.4236111111111111 0.03984375 0.09722222222222222
0 0.215234375 0.5180555555555556 0.07421875 0.10833333333333334
0 0.4171875 0.5347222222222222 0.05 0.10277777777777777
0 0.230078125 0.6284722222222222 0.07109375 0.13194444444444445
0 0.087890625 0.36666666666666664 0.05234375 0.08055555555555556
0 0.339453125 0.6444444444444445 0.08203125 0.13055555555555556
0 0.401171875 0.2972222222222222 0.01796875 0.06666666666666667
0 0.346875 0.2951388888888889 0.021875 0.07083333333333333
0 0.3234375 0.4777777777777778 0.0578125 0.10277777777777777
0 0.36875 0.5333333333333333 0.0546875 0.10555555555555556
0 0.0109375 0.3402777777777778 0.021875 0.09166666666666666
0 0.378125 0.2951388888888889 0.0234375 0.06805555555555555
0 0.8140625 0.4354166666666667 0.0328125 0.0875
0 0.496484375 0.2951388888888889 0.01484375 0.059722222222222225
1 0.058984375 0.5472222222222223 0.11796875 0.12222222222222222
1 0.509375 0.19027777777777777 0.0296875 0.06111111111111111
3 0.0578125 0.7777777777777778 0.115625 0.4444444444444444
3 0.453125 0.24166666666666667 0.046875 0.11944444444444445
0 0.1953125 0.5340277777777778 0.065625 0.08194444444444444
