0 0.36015625 0.3055555555555556 0.0453125 0.1388888888888889
0 0.30078125 0.6381944444444444 0.0953125 0.26805555555555555
0 0.467578125 0.5729166666666666 0.06953125 0.2513888888888889
0 0.562109375 0.6715277777777777 0.06796875 0.24027777777777778
0 0.68125 0.48333333333333334 0.0453125 0.15
0 0.654296875 0.45069444444444445 0.04921875 0.14583333333333334
0 0.599609375 0.4236111111111111 0.04765625 0.15555555555555556
0 0.493359375 0.26180555555555557 0.03359375 0.10972222222222222
0 0.54375 0.2534722222222222 0.0328125 0.10416666666666667
0 0.479296875 0.16041666666666668 0.04140625 0.07083333333333333
0 0.572265625 0.21805555555555556 0.02265625 0.08333333333333333
0 0.671484375 0.26944444444444443 0.02734375 0.08888888888888889
0 0.644140625 0.28125 0.02421875 0.08472222222222223
0 0.632421875 0.3277777777777778 0.03046875 0.11388888888888889
0 0.598828125 0.35555555555555557 0.03046875 0.11388888888888889
0 0.605078125 0.1798611111111111 0.01953125 0.059722222222222225
0 0.668359375 0.21458333333333332 0.01953125 0.06805555555555555
0 0.423828125 0.26805555555555555 0.03671875 0.058333333333333334
