0 0.65078125 0.4354166666666667 0.025 0.07916666666666666
0 0.721875 0.42291666666666666 0.0171875 0.0625
0 0.651171875 0.9076388888888889 0.06640625 0.17916666666666667
0 0.604296875 0.42430555555555555 0.02421875 0.07916666666666666
0 0.440234375 0.8645833333333334 0.10703125 0.19583333333333333
0 0.784765625 0.6020833333333333 0.03359375 0.12361111111111112
0 0.853125 0.47847222222222224 0.0171875 0.0625
0 0.6265625 0.8104166666666667 0.053125 0.18472222222222223
0 0.621875 0.46319444444444446 0.028125 0.08472222222222223
0 0.690234375 0.6583333333333333 0.04140625 0.1388888888888889
0 0.737890625 0.6965277777777777 0.04140625 0.15694444444444444
0 0.83828125 0.4618055555555556 0.0171875 0.059722222222222225
0 0.772265625 0.4777777777777778 0.02109375 0.08055555555555556
0 0.791796875 0.5208333333333334 0.02265625 0.06666666666666667
0 0.74453125 0.40694444444444444 0.0140625 0.05277777777777778
0 0.70546875 0.40625 0.015625 0.05416666666666667
0 0.821484375 0.46319444444444446 0.01640625 0.06527777777777778
1 0.706640625 0.5173611111111112 0.07734375 0.10694444444444444
3 0.1921875 0.6597222222222222 0.384375 0.5277777777777778
0 0.798828125 0.4722222222222222 0.01640625 0.06388888888888888
0 0.8078125 0.4673611111111111 0.009375 0.06527777777777778
0 0.623046875 0.5930555555555556 0.10234375 0.1638888888888889
