1 0.206640625 0.3506944444444444 0.07421875 0.14305555555555555
1 0.25390625 0.3055555555555556 0.0734375 0.10277777777777777
1 0.3140625 0.30069444444444443 0.078125 0.08194444444444444
1 0.335546875 0.40347222222222223 0.10859375 0.1375
1 0.370703125 0.6048611111111111 0.18046875 0.2791666666666667
0 0.215234375 0.24166666666666667 0.02265625 0.058333333333333334
0 0.186328125 0.23055555555555557 0.01796875 0.058333333333333334
0 0.244921875 0.23819444444444443 0.03046875 0.05416666666666667
0 0.119921875 0.35138888888888886 0.02421875 0.09444444444444444
0 0.148828125 0.33125 0.02109375 0.09861111111111111
0 0.21171875 0.76875 0.0703125 0.21805555555555556
0 0.48984375 0.25277777777777777 0.0328125 0.06388888888888888
