1 0.43359375 0.49722222222222223 0.1640625 0.21944444444444444
1 0.240625 0.3159722222222222 0.0640625 0.09305555555555556
3 0.309765625 0.24027777777777778 0.10390625 0.10833333333333334
0 0.221875 0.24166666666666667 0.028125 0.05555555555555555
0 0.239453125 0.23680555555555555 0.02578125 0.05694444444444444
0 0.496484375 0.25833333333333336 0.03046875 0.06666666666666667
0 0.147265625 0.3590277777777778 0.02578125 0.10138888888888889
0 0.191015625 0.3576388888888889 0.03984375 0.09027777777777778
0 0.20859375 0.4152777777777778 0.0328125 0.11944444444444445
0 0.269140625 0.4597222222222222 0.04140625 0.1361111111111111
0 0.324609375 0.6868055555555556 0.07890625 0.24583333333333332
