0 0.5328125 0.6701388888888888 0.075 0.1375
0 0.465625 0.61875 0.0734375 0.14027777777777778
0 0.56484375 0.2847222222222222 0.015625 0.08055555555555556
0 0.433984375 0.7305555555555555 0.08046875 0.1638888888888889
0 0.182421875 0.88125 0.05078125 0.1986111111111111
0 0.308203125 0.7013888888888888 0.03828125 0.19444444444444445
0 0.25859375 0.8090277777777778 0.040625 0.1875
0 0.15234375 0.3951388888888889 0.0734375 0.10416666666666667
0 0.09453125 0.6680555555555555 0.0671875 0.1111111111111111
0 0.401171875 0.29583333333333334 0.02109375 0.07222222222222222
0 0.25390625 0.6569444444444444 0.0375 0.15833333333333333
0 0.354296875 0.2986111111111111 0.02421875 0.07222222222222222
0 0.330859375 0.28541666666666665 0.02265625 0.06805555555555555
0 0.16875 0.7652777777777777 0.1 0.14722222222222223
0 0.423828125 0.2833333333333333 0.01953125 0.08333333333333333
0 0.378515625 0.2951388888888889 0.02421875 0.07083333333333333
0 0.08203125 0.3659722222222222 0.05625 0.08194444444444444
1 0.0734375 0.45069444444444445 0.128125 0.11527777777777778
1 0.52578125 0.26805555555555555 0.0328125 0.07222222222222222
3 0.449609375 0.2534722222222222 0.04453125 0.13472222222222222
0 0.316796875 0.4638888888888889 0.00078125 0.002777777777777778
0 0.2015625 0.7125 0.0640625 0.14166666666666666
0 0.19921875 0.65 0.065625 0.10555555555555556
0 0.18828125 0.6104166666666667 0.078125 0.10416666666666667
0 0.23515625 0.5388888888888889 0.0359375 0.10277777777777777
0 0.266796875 0.5625 0.02890625 0.09166666666666666
0 0.10703125 0.6236111111111111 0.0703125 0.11944444444444445
0 0.120703125 0.5756944444444444 0.05703125 0.1125
0 0.13359375 0.5201388888888889 0.0296875 0.07083333333333333
0 0.1765625 0.5506944444444445 0.05625 0.10138888888888889
0 0.18125 0.5020833333333333 0.05 0.10416666666666667
0 0.033984375 0.5638888888888889 0.06328125 0.1
3 0.03671875 0.7048611111111112 0.0734375 0.22083333333333333
