0 0.59296875 0.8208333333333333 0.0578125 0.21666666666666667
0 0.521875 0.6784722222222223 0.040625 0.15694444444444444
0 0.437890625 0.90625 0.04921875 0.1875
0 0.257421875 0.8708333333333333 0.03515625 0.15
0 0.43671875 0.5229166666666667 0.0296875 0.09027777777777778
0 0.321875 0.6444444444444445 0.0328125 0.09444444444444444
0 0.365625 0.5534722222222223 0.0265625 0.07083333333333333
0 0.576171875 0.5493055555555556 0.02109375 0.06527777777777778
0 0.52109375 0.4722222222222222 0.0171875 0.06388888888888888
1 0.45234375 0.3819444444444444 0.021875 0.030555555555555555
0 0.49296875 0.4 0.0125 0.03888888888888889
