0 0.573046875 0.5368055555555555 0.02421875 0.07916666666666666
0 0.506640625 0.5652777777777778 0.02265625 0.08055555555555556
0 0.68984375 0.5513888888888889 0.021875 0.08333333333333333
0 0.748828125 0.5666666666666667 0.02734375 0.08611111111111111
0 0.785546875 0.5583333333333333 0.02890625 0.06111111111111111
0 0.859375 0.7055555555555556 0.0296875 0.14444444444444443
0 0.783203125 0.7333333333333333 0.03359375 0.14722222222222223
0 0.709375 0.7847222222222222 0.0359375 0.14722222222222223
0 0.667578125 0.6902777777777778 0.02890625 0.13055555555555556
0 0.631640625 0.6486111111111111 0.02265625 0.12222222222222222
0 0.61796875 0.5555555555555556 0.0203125 0.06944444444444445
0 0.5984375 0.5326388888888889 0.0140625 0.07361111111111111
0 0.52265625 0.6576388888888889 0.0390625 0.0875
0 0.519921875 0.7597222222222222 0.04296875 0.1388888888888889
0 0.612890625 0.7465277777777778 0.03671875 0.14305555555555555
0 0.759375 0.9131944444444444 0.053125 0.1736111111111111
0 0.69140625 0.9277777777777778 0.05 0.14444444444444443
0 0.5765625 0.9243055555555556 0.0546875 0.15138888888888888
0 0.39609375 0.8638888888888889 0.053125 0.175
0 0.4828125 0.9 0.0609375 0.14722222222222223
0 0.48203125 0.9715277777777778 0.05 0.05694444444444444
1 0.143359375 0.91875 0.22109375 0.15416666666666667
