0 0.870703125 0.5034722222222222 0.06484375 0.10138888888888889
0 0.909765625 0.8145833333333333 0.05234375 0.18194444444444444
0 0.112890625 0.8513888888888889 0.05234375 0.20833333333333334
0 0.60625 0.6173611111111111 0.0671875 0.13472222222222222
0 0.30078125 0.7520833333333333 0.0421875 0.1875
0 0.651171875 0.4222222222222222 0.02578125 0.10277777777777777
0 0.74765625 0.40902777777777777 0.028125 0.10138888888888889
0 0.198828125 0.8368055555555556 0.04140625 0.19305555555555556
0 0.292578125 0.44027777777777777 0.02734375 0.11388888888888889
0 0.24453125 0.7138888888888889 0.0328125 0.18333333333333332
0 0.239453125 0.5472222222222223 0.02734375 0.1361111111111111
0 0.203125 0.6458333333333334 0.0375 0.15833333333333333
0 0.33046875 0.51875 0.0265625 0.1486111111111111
0 0.718359375 0.5222222222222223 0.03671875 0.10833333333333334
0 0.035546875 0.5076388888888889 0.05078125 0.11527777777777778
0 0.64609375 0.28194444444444444 0.01875 0.07222222222222222
0 0.346875 0.3013888888888889 0.01875 0.08611111111111111
0 0.51953125 0.44027777777777777 0.0421875 0.10833333333333334
0 0.0875 0.5159722222222223 0.0328125 0.11527777777777778
0 0.93203125 0.47708333333333336 0.0578125 0.09305555555555556
0 0.04765625 0.7840277777777778 0.040625 0.1875
0 0.3453125 0.3798611111111111 0.0234375 0.0875
0 0.08203125 0.3645833333333333 0.053125 0.07916666666666666
0 0.12265625 0.5513888888888889 0.0328125 0.13333333333333333
0 0.54921875 0.425 0.034375 0.10555555555555556
0 0.682421875 0.4083333333333333 0.03359375 0.10277777777777777
0 0.706640625 0.3784722222222222 0.02421875 0.09583333333333334
0 0.415625 0.20208333333333334 0.0140625 0.05416666666666667
0 0.8140625 0.43333333333333335 0.0328125 0.08888888888888889
0 0.8625 0.42569444444444443 0.0375 0.0875
0 0.34453125 0.24444444444444444 0.01875 0.06388888888888888
0 0.602734375 0.22916666666666666 0.01484375 0.06111111111111111
1 0.51953125 0.8798611111111111 0.1359375 0.20972222222222223
1 0.4484375 0.6298611111111111 0.10625 0.15138888888888888
1 0.519140625 0.2013888888888889 0.03046875 0.05277777777777778
3 0.589453125 0.35208333333333336 0.07890625 0.16527777777777777
0 0.74453125 0.49583333333333335 0.025 0.09722222222222222
