0 0.79375 0.89375 0.0640625 0.1763888888888889
0 0.76015625 0.74375 0.0484375 0.1736111111111111
0 0.8546875 0.6152777777777778 0.0375 0.1361111111111111
0 0.8625 0.8409722222222222 0.078125 0.1875
0 0.955078125 0.8506944444444444 0.07109375 0.1625
0 0.781640625 0.6152777777777778 0.04453125 0.13333333333333333
0 0.3484375 0.43819444444444444 0.021875 0.10694444444444444
0 0.676171875 0.6979166666666666 0.03984375 0.16527777777777777
0 0.4375 0.5208333333333334 0.028125 0.13333333333333333
0 0.38359375 0.5458333333333333 0.03125 0.12777777777777777
0 0.415234375 0.31666666666666665 0.01953125 0.09166666666666666
0 0.289453125 0.3416666666666667 0.02578125 0.08611111111111111
0 0.64609375 0.6048611111111111 0.0390625 0.15138888888888888
0 0.778515625 0.5173611111111112 0.02578125 0.1125
0 0.6921875 0.35694444444444445 0.025 0.07222222222222222
0 0.315234375 0.4375 0.02265625 0.10833333333333334
0 0.322265625 0.5083333333333333 0.03671875 0.11666666666666667
0 0.644140625 0.2791666666666667 0.02109375 0.06388888888888888
0 0.325 0.3416666666666667 0.025 0.08333333333333333
0 0.30546875 0.38125 0.0203125 0.0875
0 0.08203125 0.3645833333333333 0.046875 0.07083333333333333
0 0.590234375 0.24444444444444444 0.01640625 0.06388888888888888
0 0.642578125 0.5326388888888889 0.02890625 0.11805555555555555
0 0.56328125 0.24097222222222223 0.0171875 0.06527777777777778
0 0.809375 0.425 0.03125 0.08611111111111111
0 0.269921875 0.4666666666666667 0.03671875 0.09722222222222222
1 0.16015625 0.44930555555555557 0.134375 0.10694444444444444
1 0.601171875 0.3284722222222222 0.10703125 0.07361111111111111
1 0.245703125 0.5597222222222222 0.14140625 0.14722222222222223
1 0.41171875 0.4375 0.053125 0.14166666666666666
1 0.359765625 0.7069444444444445 0.17578125 0.21666666666666667
1 0.58203125 0.39444444444444443 0.0671875 0.12222222222222222
1 0.4890625 0.3236111111111111 0.0671875 0.08333333333333333
2 0.37890625 0.2833333333333333 0.05 0.13055555555555556
3 0.45625 0.22708333333333333 0.04375 0.11805555555555555
3 0.51640625 0.1763888888888889 0.0328125 0.075
