0 0.83046875 0.8805555555555555 0.05 0.19166666666666668
0 0.903515625 0.7444444444444445 0.05546875 0.17222222222222222
0 0.322265625 0.2833333333333333 0.01796875 0.07777777777777778
0 0.5125 0.7256944444444444 0.0515625 0.1625
0 0.290625 0.4395833333333333 0.021875 0.11805555555555555
0 0.683203125 0.49583333333333335 0.03046875 0.11388888888888889
0 0.665625 0.3645833333333333 0.0234375 0.09305555555555556
0 0.20859375 0.3680555555555556 0.0421875 0.08611111111111111
0 0.391796875 0.5479166666666667 0.02890625 0.15416666666666667
0 0.470703125 0.6555555555555556 0.04609375 0.16944444444444445
0 0.956640625 0.7555555555555555 0.04453125 0.15555555555555556
0 0.557421875 0.9243055555555556 0.04921875 0.14305555555555555
0 0.473828125 0.3638888888888889 0.01953125 0.09166666666666666
0 0.3375 0.35138888888888886 0.01875 0.08333333333333333
0 0.537109375 0.5784722222222223 0.04765625 0.1375
0 0.49609375 0.3388888888888889 0.0171875 0.08333333333333333
0 0.702734375 0.4125 0.02734375 0.1
0 0.328515625 0.4340277777777778 0.02421875 0.1125
0 0.61875 0.3402777777777778 0.0203125 0.09444444444444444
0 0.017578125 0.4895833333333333 0.03515625 0.0875
0 0.30078125 0.38055555555555554 0.0203125 0.09444444444444444
1 0.046875 0.4076388888888889 0.09375 0.09861111111111111
1 0.3640625 0.29583333333333334 0.0359375 0.09166666666666666
1 0.511328125 0.19791666666666666 0.02890625 0.07083333333333333
1 0.3765625 0.46111111111111114 0.071875 0.1638888888888889
1 0.3234375 0.17152777777777778 0.0390625 0.0625
1 0.7921875 0.6298611111111111 0.134375 0.19583333333333333
1 0.303125 0.9451388888888889 0.1421875 0.10972222222222222
1 0.7921875 0.6298611111111111 0.134375 0.19583333333333333
3 0.681640625 0.7125 0.15078125 0.3472222222222222
3 0.460546875 0.25416666666666665 0.04140625 0.09722222222222222
0 0.485546875 0.5826388888888889 0.04140625 0.12638888888888888
