0 0.922265625 0.6069444444444444 0.01640625 0.07222222222222222
0 0.815625 0.7229166666666667 0.0328125 0.1375
0 0.76484375 0.5840277777777778 0.0203125 0.09583333333333334
0 0.694921875 0.6097222222222223 0.02421875 0.09722222222222222
0 0.648828125 0.6013888888888889 0.02421875 0.09722222222222222
0 0.621875 0.5375 0.021875 0.08055555555555556
0 0.571875 0.56875 0.021875 0.09027777777777778
0 0.73828125 0.6618055555555555 0.0234375 0.11527777777777778
0 0.66875 0.7034722222222223 0.0265625 0.13194444444444445
0 0.6125 0.6888888888888889 0.0328125 0.12222222222222222
0 0.559765625 0.6986111111111111 0.03203125 0.12222222222222222
0 0.73984375 0.8048611111111111 0.0359375 0.15138888888888888
0 0.8265625 0.8722222222222222 0.0390625 0.16666666666666666
0 0.486328125 0.7875 0.04140625 0.14444444444444443
0 0.553515625 0.8270833333333333 0.03984375 0.12916666666666668
0 0.54609375 0.9451388888888889 0.0421875 0.10972222222222222
0 0.394921875 0.8625 0.04296875 0.16944444444444445
