3 0.7734375 0.8 0.1484375 0.26944444444444443
0 0.566796875 0.25416666666666665 0.02265625 0.07222222222222222
0 0.56328125 0.36041666666666666 0.021875 0.09583333333333334
0 0.278125 0.33125 0.015625 0.06527777777777778
0 0.625390625 0.3402777777777778 0.02421875 0.08888888888888889
0 0.65078125 0.42569444444444443 0.0359375 0.13472222222222222
1 0.282421875 0.4548611111111111 0.05078125 0.09861111111111111
3 0.53671875 0.5493055555555556 0.1125 0.27361111111111114
3 0.8984375 0.32083333333333336 0.203125 0.18333333333333332
3 0.474609375 0.22291666666666668 0.05390625 0.14305555555555555
3 0.364453125 0.2763888888888889 0.04765625 0.11666666666666667
