0 0.258984375 0.8798611111111111 0.03828125 0.1597222222222222
0 0.214453125 0.8979166666666667 0.04140625 0.1375
0 0.375390625 0.7930555555555555 0.03671875 0.20277777777777778
0 0.451171875 0.7701388888888889 0.03359375 0.19583333333333333
0 0.416796875 0.69375 0.03203125 0.1625
0 0.31875 0.6444444444444445 0.028125 0.10833333333333334
0 0.3640625 0.5520833333333334 0.0265625 0.08472222222222223
0 0.43515625 0.5868055555555556 0.0265625 0.12083333333333333
0 0.411328125 0.5541666666666667 0.02890625 0.11666666666666667
0 0.544921875 0.5875 0.02890625 0.11666666666666667
