0 0.387890625 0.3548611111111111 0.04921875 0.15694444444444444
0 0.18671875 0.49583333333333335 0.0875 0.22777777777777777
0 0.518359375 0.25277777777777777 0.03828125 0.09444444444444444
0 0.653515625 0.29097222222222224 0.03359375 0.10138888888888889
0 0.654296875 0.4513888888888889 0.04453125 0.1527777777777778
0 0.68359375 0.4756944444444444 0.046875 0.15694444444444444
0 0.543359375 0.20625 0.02265625 0.0763888888888889
0 0.29765625 0.11736111111111111 0.0390625 0.059722222222222225
0 0.28515625 0.10555555555555556 0.0328125 0.06111111111111111
0 0.602734375 0.17430555555555555 0.01953125 0.05138888888888889
