0 0.60390625 0.8944444444444445 0.08125 0.19166666666666668
0 0.798046875 0.54375 0.02578125 0.09583333333333334
0 0.8328125 0.5013888888888889 0.0203125 0.07777777777777778
0 0.7125 0.6826388888888889 0.0421875 0.15694444444444444
0 0.766796875 0.6972222222222222 0.03828125 0.1638888888888889
0 0.824609375 0.6277777777777778 0.03203125 0.14166666666666666
0 0.650390625 0.7555555555555555 0.04453125 0.1638888888888889
0 0.86015625 0.46041666666666664 0.015625 0.0625
0 0.812890625 0.5041666666666667 0.01953125 0.08333333333333333
0 0.673828125 0.5444444444444444 0.02578125 0.1111111111111111
3 0.7296875 0.43472222222222223 0.134375 0.21388888888888888
3 0.565234375 0.6020833333333333 0.22578125 0.30416666666666664
2 0.637109375 0.40902777777777777 0.07421875 0.09305555555555556
