0 0.80078125 0.8555555555555555 0.09375 0.225
0 0.71484375 0.4361111111111111 0.021875 0.06944444444444445
0 0.53515625 0.8368055555555556 0.06875 0.15694444444444444
0 0.2390625 0.6916666666666667 0.0953125 0.23055555555555557
0 0.520703125 0.6965277777777777 0.06953125 0.1875
0 0.825 0.55 0.0234375 0.09444444444444444
0 0.619921875 0.6826388888888889 0.05546875 0.1486111111111111
0 0.840234375 0.5027777777777778 0.01640625 0.07222222222222222
0 0.436328125 0.5368055555555555 0.05234375 0.1486111111111111
0 0.751953125 0.7097222222222223 0.04453125 0.15833333333333333
0 0.786328125 0.5590277777777778 0.02890625 0.10138888888888889
0 0.690234375 0.6034722222222222 0.03984375 0.12916666666666668
0 0.63671875 0.43472222222222223 0.0234375 0.06944444444444445
0 0.742578125 0.6180555555555556 0.03515625 0.14166666666666666
0 0.821875 0.46458333333333335 0.015625 0.0625
0 0.86875 0.6923611111111111 0.0234375 0.09027777777777778
0 0.746484375 0.38333333333333336 0.01328125 0.05277777777777778
0 0.791796875 0.46041666666666664 0.01640625 0.05416666666666667
1 0.6046875 0.5104166666666666 0.1015625 0.11527777777777778
0 0.59921875 0.40902777777777777 0.0359375 0.07361111111111111
1 0.740234375 0.47152777777777777 0.04609375 0.08194444444444444
0 0.75078125 0.5097222222222222 0.0453125 0.11388888888888889
