0 0.40078125 0.6020833333333333 0.0625 0.14305555555555555
0 0.77734375 0.47708333333333336 0.0203125 0.07916666666666666
0 0.580859375 0.5298611111111111 0.03984375 0.12083333333333333
0 0.35390625 0.5604166666666667 0.0484375 0.12083333333333333
0 0.81328125 0.5743055555555555 0.0265625 0.11805555555555555
0 0.729296875 0.4173611111111111 0.01953125 0.059722222222222225
0 0.629296875 0.47708333333333336 0.02265625 0.08472222222222223
0 0.5578125 0.41944444444444445 0.0265625 0.08055555555555556
0 0.676953125 0.43819444444444444 0.02109375 0.07361111111111111
0 0.698828125 0.39861111111111114 0.01484375 0.05555555555555555
0 0.84375 0.49236111111111114 0.0171875 0.0763888888888889
0 0.80390625 0.5326388888888889 0.0203125 0.08194444444444444
0 0.823828125 0.47847222222222224 0.01640625 0.06805555555555555
1 0.733984375 0.5006944444444444 0.06171875 0.09583333333333334
0 0.798828125 0.45625 0.01796875 0.059722222222222225
0 0.62734375 0.44027777777777777 0.021875 0.075
0 0.67578125 0.5486111111111112 0.0796875 0.1361111111111111
