0 0.31796875 0.13819444444444445 0.03125 0.07361111111111111
0 0.367578125 0.28402777777777777 0.04453125 0.11805555555555555
0 0.40234375 0.26805555555555555 0.0421875 0.10833333333333334
0 0.5015625 0.2777777777777778 0.03125 0.11388888888888889
0 0.5484375 0.5715277777777777 0.05 0.19305555555555556
0 0.660546875 0.45208333333333334 0.03984375 0.15694444444444444
0 0.3203125 0.7083333333333334 0.0921875 0.37222222222222223
0 0.354296875 0.3729166666666667 0.07109375 0.1625
0 0.398828125 0.9409722222222222 0.13984375 0.11805555555555555
0 0.611328125 0.18194444444444444 0.01796875 0.05277777777777778
0 0.57890625 0.17291666666666666 0.01875 0.059722222222222225
