0 0.553515625 0.7833333333333333 0.04296875 0.19166666666666668
0 0.40703125 0.6416666666666667 0.0359375 0.14722222222222223
0 0.5453125 0.5611111111111111 0.0296875 0.10555555555555556
0 0.57578125 0.55 0.021875 0.06388888888888888
0 0.459375 0.5055555555555555 0.021875 0.07777777777777778
0 0.434765625 0.4791666666666667 0.02734375 0.07222222222222222
0 0.362109375 0.5506944444444445 0.02421875 0.07083333333333333
0 0.320703125 0.6423611111111112 0.03203125 0.10416666666666667
0 0.259375 0.8659722222222223 0.040625 0.14583333333333334
1 0.4734375 0.40694444444444444 0.03125 0.05
