0 0.485546875 0.2722222222222222 0.03828125 0.11388888888888889
0 0.3625 0.3729166666666667 0.071875 0.19027777777777777
0 0.284375 0.3597222222222222 0.065625 0.19444444444444445
0 0.381640625 0.6041666666666666 0.11015625 0.24166666666666667
0 0.3921875 0.7583333333333333 0.1171875 0.25833333333333336
0 0.501171875 0.8965277777777778 0.12109375 0.20694444444444443
0 0.58046875 0.5013888888888889 0.0734375 0.18611111111111112
0 0.59140625 0.37430555555555556 0.0390625 0.12638888888888888
0 0.65703125 0.34097222222222223 0.03125 0.10416666666666667
0 0.570703125 0.33541666666666664 0.03046875 0.1125
0 0.534765625 0.2701388888888889 0.03359375 0.10694444444444444
0 0.673828125 0.24791666666666667 0.01953125 0.07361111111111111
0 0.628125 0.22013888888888888 0.01875 0.06805555555555555
0 0.576953125 0.24444444444444444 0.02265625 0.09166666666666666
0 0.5890625 0.1875 0.0171875 0.058333333333333334
0 0.60703125 0.18055555555555555 0.0171875 0.05277777777777778
0 0.644140625 0.18194444444444444 0.01484375 0.05
