0 0.54375 0.8048611111111111 0.08125 0.1986111111111111
0 0.72265625 0.6895833333333333 0.0359375 0.15694444444444444
0 0.690234375 0.5770833333333333 0.03984375 0.12916666666666668
0 0.77265625 0.5451388888888888 0.021875 0.1125
0 0.630859375 0.50625 0.02421875 0.11527777777777778
0 0.60703125 0.4875 0.0234375 0.1
0 0.47421875 0.4861111111111111 0.0453125 0.09166666666666666
0 0.486328125 0.58125 0.05390625 0.12638888888888888
0 0.351171875 0.5763888888888888 0.06328125 0.1361111111111111
0 0.3390625 0.8152777777777778 0.1 0.16944444444444445
0 0.13984375 0.6979166666666666 0.090625 0.17083333333333334
0 0.66171875 0.47291666666666665 0.0265625 0.09861111111111111
0 0.7328125 0.45694444444444443 0.025 0.08055555555555556
0 0.69375 0.44722222222222224 0.0265625 0.08611111111111111
0 0.805859375 0.4666666666666667 0.01953125 0.06666666666666667
0 0.778515625 0.47638888888888886 0.01953125 0.058333333333333334
