1 0.632421875 0.7055555555555556 0.20234375 0.275
1 0.296875 0.5027777777777778 0.1046875 0.16666666666666666
1 0.309375 0.3819444444444444 0.0921875 0.1111111111111111
1 0.19609375 0.3590277777777778 0.0640625 0.09305555555555556
1 0.22265625 0.3020833333333333 0.0546875 0.07361111111111111
1 0.2296875 0.2659722222222222 0.05 0.059722222222222225
1 0.295703125 0.2972222222222222 0.06171875 0.06666666666666667
1 0.154296875 0.23819444444444443 0.03984375 0.059722222222222225
0 0.1078125 0.30486111111111114 0.01875 0.07916666666666666
0 0.130078125 0.30277777777777776 0.01640625 0.08055555555555556
0 0.125 0.2673611111111111 0.0171875 0.05694444444444444
0 0.1859375 0.22708333333333333 0.0140625 0.05138888888888889
0 0.20703125 0.23125 0.015625 0.05694444444444444
0 0.39140625 0.24861111111111112 0.0375 0.05555555555555555
0 0.22421875 0.53125 0.046875 0.1597222222222222
0 0.300390625 0.6798611111111111 0.05703125 0.2125
