1 0.646875 0.4548611111111111 0.075 0.09583333333333334
1 0.470703125 0.5951388888888889 0.12109375 0.1486111111111111
2 0.662890625 0.6451388888888889 0.16015625 0.3347222222222222
0 0.82890625 0.45208333333333334 0.0375 0.10694444444444444
0 0.876953125 0.42916666666666664 0.02421875 0.09166666666666666
0 0.828125 0.3861111111111111 0.025 0.06388888888888888
0 0.983203125 0.3590277777777778 0.02421875 0.10138888888888889
0 0.38046875 0.5701388888888889 0.0546875 0.09861111111111111
0 0.417578125 0.42569444444444443 0.03671875 0.0875
0 0.528515625 0.30625 0.01953125 0.06805555555555555
0 0.65625 0.30694444444444446 0.01875 0.06944444444444445
1 0.364453125 0.3375 0.03515625 0.058333333333333334
3 0.32578125 0.29375 0.0359375 0.10694444444444444
