0 0.711328125 0.8298611111111112 0.06328125 0.22916666666666666
0 0.651171875 0.46111111111111114 0.02734375 0.08888888888888889
0 0.44296875 0.6291666666666667 0.0671875 0.19722222222222222
0 0.776171875 0.6430555555555556 0.03515625 0.1361111111111111
0 0.687890625 0.4479166666666667 0.02421875 0.08194444444444444
0 0.74296875 0.5715277777777777 0.0296875 0.11805555555555555
0 0.83203125 0.6159722222222223 0.0328125 0.13194444444444445
0 0.825 0.48680555555555555 0.0203125 0.07916666666666666
0 0.5703125 0.5111111111111111 0.0390625 0.12222222222222222
0 0.780078125 0.5333333333333333 0.02578125 0.09722222222222222
0 0.539453125 0.48819444444444443 0.03828125 0.10694444444444444
0 0.851171875 0.4756944444444444 0.01796875 0.07083333333333333
0 0.80546875 0.5715277777777777 0.025 0.1125
0 0.033203125 0.7194444444444444 0.06640625 0.21666666666666667
0 0.12578125 0.8277777777777777 0.128125 0.25277777777777777
0 0.70234375 0.7402777777777778 0.0421875 0.18888888888888888
0 0.47734375 0.4652777777777778 0.0390625 0.07222222222222222
1 0.655078125 0.5763888888888888 0.11328125 0.1361111111111111
1 0.733984375 0.49930555555555556 0.06796875 0.09583333333333334
3 0.77578125 0.42916666666666664 0.05625 0.11944444444444445
0 0.25078125 0.5868055555555556 0.0890625 0.10416666666666667
3 0.28203125 0.8618055555555556 0.3109375 0.2763888888888889
0 0.555078125 0.4222222222222222 0.04609375 0.05277777777777778
0 0.93984375 0.8951388888888889 0.090625 0.12083333333333333
0 0.9234375 0.8236111111111111 0.0734375 0.1111111111111111
3 0.81171875 0.37430555555555556 0.053125 0.14305555555555555
3 0.776171875 0.49930555555555556 0.01796875 0.0763888888888889
3 0.796484375 0.49583333333333335 0.01953125 0.09722222222222222
