0 0.3625 0.32430555555555557 0.01875 0.09305555555555556
0 0.20390625 0.7402777777777778 0.04375 0.19722222222222222
0 0.39375 0.3138888888888889 0.015625 0.09166666666666666
0 0.96328125 0.7715277777777778 0.0515625 0.1625
0 0.103125 0.8125 0.0484375 0.225
0 0.862109375 0.675 0.04453125 0.14166666666666666
0 0.500390625 0.39375 0.02734375 0.10972222222222222
0 0.68125 0.35 0.0296875 0.08888888888888889
0 0.17265625 0.8930555555555556 0.05625 0.19166666666666668
0 0.182421875 0.5784722222222223 0.03046875 0.1486111111111111
0 0.324609375 0.5791666666666667 0.03203125 0.15555555555555556
0 0.63671875 0.31666666666666665 0.021875 0.07777777777777778
0 0.3703125 0.64375 0.0359375 0.1597222222222222
0 0.306640625 0.48819444444444443 0.02890625 0.12916666666666668
0 0.279296875 0.8805555555555555 0.04609375 0.19444444444444445
0 0.903125 0.6444444444444445 0.0421875 0.13333333333333333
0 0.3046875 0.34444444444444444 0.025 0.09444444444444444
0 0.793359375 0.6583333333333333 0.05078125 0.1388888888888889
0 0.7609375 0.46805555555555556 0.0296875 0.1111111111111111
0 0.612109375 0.27291666666666664 0.01796875 0.06805555555555555
0 0.809765625 0.6020833333333333 0.04140625 0.12638888888888888
0 0.801171875 0.5333333333333333 0.04609375 0.10277777777777777
0 0.280859375 0.7131944444444445 0.03828125 0.16805555555555557
0 0.49375 0.30972222222222223 0.025 0.08333333333333333
0 0.009765625 0.33958333333333335 0.01953125 0.0875
0 0.38515625 0.24444444444444444 0.021875 0.06111111111111111
0 0.079296875 0.36736111111111114 0.05234375 0.06805555555555555
0 0.813671875 0.4361111111111111 0.03359375 0.08611111111111111
0 0.9015625 0.8125 0.046875 0.1361111111111111
1 0.822265625 0.8722222222222222 0.23359375 0.25555555555555554
1 0.503125 0.7826388888888889 0.146875 0.2652777777777778
3 0.580078125 0.3638888888888889 0.07734375 0.175
3 0.44140625 0.3138888888888889 0.0578125 0.16111111111111112
