0 0.07734375 0.7006944444444444 0.0828125 0.2013888888888889
0 0.7296875 0.4097222222222222 0.0171875 0.06111111111111111
0 0.840625 0.5333333333333333 0.021875 0.09166666666666666
0 0.717578125 0.7645833333333333 0.05390625 0.20694444444444443
0 0.812109375 0.5159722222222223 0.02265625 0.09027777777777778
0 0.401171875 0.5215277777777778 0.04921875 0.1125
0 0.588671875 0.45625 0.02890625 0.07083333333333333
0 0.60390625 0.42777777777777776 0.0203125 0.06388888888888888
1 0.735546875 0.5083333333333333 0.06953125 0.11388888888888889
3 0.623046875 0.5868055555555556 0.18515625 0.2875
3 0.33984375 0.7791666666666667 0.4515625 0.44166666666666665
0 0.617578125 0.41180555555555554 0.02265625 0.07083333333333333
1 0.7890625 0.44027777777777777 0.040625 0.07222222222222222
3 0.8046875 0.3909722222222222 0.053125 0.1125
0 0.74765625 0.3840277777777778 0.0109375 0.04861111111111111
0 0.758984375 0.38958333333333334 0.01328125 0.05138888888888889
0 0.9390625 0.8895833333333333 0.0859375 0.12083333333333333
0 0.923046875 0.8333333333333334 0.06796875 0.11944444444444445
0 0.805859375 0.4736111111111111 0.02421875 0.075
0 0.839453125 0.49166666666666664 0.02109375 0.06388888888888888
0 0.756640625 0.4423611111111111 0.03359375 0.07083333333333333
