0 0.714453125 0.9097222222222222 0.07421875 0.18055555555555555
0 0.65859375 0.4354166666666667 0.025 0.0763888888888889
0 0.634375 0.8993055555555556 0.0828125 0.2013888888888889
0 0.829296875 0.49375 0.02265625 0.07916666666666666
0 0.15859375 0.7076388888888889 0.0890625 0.1736111111111111
0 0.59609375 0.48680555555555555 0.0359375 0.09583333333333334
0 0.46953125 0.5895833333333333 0.0578125 0.1625
0 0.816015625 0.61875 0.03203125 0.12916666666666668
0 0.620703125 0.46041666666666664 0.03046875 0.08472222222222223
0 0.0703125 0.8284722222222223 0.1171875 0.2263888888888889
0 0.790234375 0.7416666666666667 0.04765625 0.18333333333333332
0 0.307421875 0.7277777777777777 0.08828125 0.20277777777777778
0 0.544140625 0.5361111111111111 0.04453125 0.12777777777777777
0 0.35625 0.5868055555555556 0.065625 0.15694444444444444
0 0.84765625 0.5076388888888889 0.0203125 0.08194444444444444
0 0.70390625 0.7756944444444445 0.071875 0.1875
0 0.44296875 0.5430555555555555 0.046875 0.1527777777777778
0 0.695703125 0.6534722222222222 0.04921875 0.1625
0 0.276953125 0.5895833333333333 0.07890625 0.14027777777777778
0 0.492578125 0.50625 0.03359375 0.10416666666666667
1 0.669140625 0.5868055555555556 0.11796875 0.14583333333333334
3 0.738671875 0.4465277777777778 0.10390625 0.2013888888888889
0 0.319140625 0.5513888888888889 0.06484375 0.09166666666666666
0 0.939453125 0.8875 0.08515625 0.11944444444444445
0 0.915234375 0.8298611111111112 0.06484375 0.10138888888888889
0 0.555859375 0.42291666666666666 0.04140625 0.059722222222222225
0 0.38515625 0.8479166666666667 0.2328125 0.28194444444444444
