0 0.072265625 0.8402777777777778 0.06015625 0.21944444444444444
0 0.2515625 0.7722222222222223 0.0390625 0.19722222222222222
0 0.145703125 0.8534722222222222 0.05078125 0.20416666666666666
0 0.878125 0.7006944444444444 0.05 0.1763888888888889
0 0.16796875 0.6729166666666667 0.040625 0.1625
0 0.673828125 0.4486111111111111 0.02578125 0.1
0 0.340625 0.5659722222222222 0.0328125 0.1486111111111111
0 0.808203125 0.6597222222222222 0.03515625 0.17222222222222222
0 0.25546875 0.4909722222222222 0.03125 0.11805555555555555
0 0.192578125 0.6034722222222222 0.03828125 0.1597222222222222
0 0.6828125 0.36666666666666664 0.025 0.08333333333333333
0 0.722265625 0.47708333333333336 0.03359375 0.10416666666666667
0 0.704296875 0.40555555555555556 0.02421875 0.1
0 0.609375 0.34444444444444444 0.021875 0.09444444444444444
0 0.7703125 0.5347222222222222 0.0421875 0.125
0 0.628125 0.26875 0.01875 0.06527777777777778
0 0.573046875 0.2013888888888889 0.01484375 0.058333333333333334
0 0.014453125 0.49236111111111114 0.02890625 0.09583333333333334
0 0.644921875 0.4083333333333333 0.02578125 0.09444444444444444
0 0.31015625 0.6479166666666667 0.0328125 0.15416666666666667
0 0.769140625 0.44722222222222224 0.02734375 0.09444444444444444
0 0.330859375 0.2861111111111111 0.02109375 0.07777777777777778
0 0.6578125 0.33819444444444446 0.021875 0.07916666666666666
0 0.642578125 0.33819444444444446 0.03046875 0.07916666666666666
0 0.894921875 0.6180555555555556 0.03515625 0.125
0 0.8140625 0.4354166666666667 0.0328125 0.0875
1 0.565625 0.325 0.05 0.08888888888888889
1 0.43046875 0.4895833333333333 0.065625 0.15694444444444444
1 0.410546875 0.2298611111111111 0.03359375 0.07083333333333333
1 0.37265625 0.2833333333333333 0.0453125 0.075
1 0.33828125 0.35833333333333334 0.0625 0.08055555555555556
3 0.44921875 0.3527777777777778 0.0546875 0.15555555555555556
3 0.46328125 0.18611111111111112 0.0234375 0.075
3 0.7265625 0.7305555555555555 0.35 0.5388888888888889
0 0.8015625 0.5888888888888889 0.0296875 0.09166666666666666
