0 0.58125 0.7520833333333333 0.05625 0.20416666666666666
0 0.196875 0.6555555555555556 0.075 0.1361111111111111
0 0.649609375 0.9034722222222222 0.06484375 0.16805555555555557
0 0.284375 0.675 0.0796875 0.14444444444444443
0 0.6671875 0.7152777777777778 0.05 0.175
0 0.851171875 0.47638888888888886 0.01953125 0.07222222222222222
0 0.66796875 0.5423611111111111 0.0375 0.11527777777777778
0 0.84453125 0.5881944444444445 0.028125 0.12361111111111112
0 0.79453125 0.5618055555555556 0.0296875 0.11805555555555555
0 0.70390625 0.4125 0.01875 0.06388888888888888
0 0.82265625 0.4527777777777778 0.015625 0.05555555555555555
2 0.76328125 0.37916666666666665 0.046875 0.09444444444444444
0 0.765625 0.4576388888888889 0.0421875 0.08472222222222223
