0 0.478515625 0.16041666666666668 0.04140625 0.06805555555555555
0 0.491796875 0.24375 0.03515625 0.09027777777777778
0 0.420703125 0.33125 0.04453125 0.15138888888888888
0 0.346484375 0.6868055555555556 0.09453125 0.2652777777777778
0 0.491796875 0.6666666666666666 0.08515625 0.24722222222222223
0 0.648828125 0.45 0.04140625 0.15555555555555556
0 0.6765625 0.47152777777777777 0.04375 0.18194444444444444
0 0.587109375 0.3284722222222222 0.03515625 0.10972222222222222
0 0.63984375 0.2965277777777778 0.025 0.10138888888888889
0 0.272265625 0.11458333333333333 0.03359375 0.06805555555555555
0 0.58671875 0.1986111111111111 0.0234375 0.07222222222222222
0 0.665234375 0.24166666666666667 0.02265625 0.06944444444444445
0 0.636328125 0.17569444444444443 0.01640625 0.04861111111111111
