0 0.750390625 0.7138888888888889 0.05078125 0.16944444444444445
0 0.73828125 0.5791666666666667 0.0328125 0.12222222222222222
0 0.783203125 0.60625 0.03046875 0.12361111111111112
0 0.816796875 0.5763888888888888 0.02734375 0.1111111111111111
0 0.844921875 0.5347222222222222 0.01328125 0.09166666666666666
0 0.576953125 0.4444444444444444 0.03046875 0.08055555555555556
0 0.844921875 0.45694444444444443 0.01328125 0.05555555555555555
3 0.7921875 0.3888888888888889 0.0765625 0.13333333333333333
3 0.706640625 0.3840277777777778 0.07578125 0.15416666666666667
1 0.78203125 0.49166666666666664 0.04375 0.075
