0 0.3390625 0.5465277777777777 0.0671875 0.12083333333333333
0 0.761328125 0.5451388888888888 0.06171875 0.1125
0 0.60546875 0.5645833333333333 0.065625 0.12916666666666668
0 0.321875 0.2965277777777778 0.021875 0.08472222222222223
0 0.161328125 0.4756944444444444 0.06796875 0.0875
0 0.2078125 0.4375 0.0453125 0.09166666666666666
0 0.533984375 0.2951388888888889 0.01953125 0.08472222222222223
0 0.565234375 0.2833333333333333 0.01953125 0.07222222222222222
0 0.4234375 0.2986111111111111 0.015625 0.08333333333333333
0 0.400390625 0.29583333333333334 0.01953125 0.07777777777777778
0 0.906640625 0.6423611111111112 0.05078125 0.12916666666666668
0 0.346484375 0.3951388888888889 0.03359375 0.0875
0 0.646875 0.2826388888888889 0.021875 0.07083333333333333
0 0.322265625 0.43472222222222223 0.04921875 0.08611111111111111
0 0.377734375 0.29930555555555555 0.02265625 0.07361111111111111
0 0.479296875 0.325 0.01796875 0.075
0 0.0890625 0.44930555555555557 0.0609375 0.0875
0 0.362890625 0.2875 0.02109375 0.075
0 0.28515625 0.42986111111111114 0.0234375 0.08472222222222223
0 0.080859375 0.3680555555555556 0.05703125 0.075
0 0.46484375 0.3125 0.01875 0.075
0 0.501953125 0.2972222222222222 0.01328125 0.06666666666666667
0 0.39375 0.24027777777777778 0.0140625 0.06388888888888888
1 0.626953125 0.3486111111111111 0.06328125 0.09444444444444444
1 0.06328125 0.5736111111111111 0.1265625 0.1388888888888889
1 0.446484375 0.2548611111111111 0.03671875 0.08194444444444444
1 0.026953125 0.4076388888888889 0.05390625 0.08472222222222223
3 0.41640625 0.4125 0.1 0.1638888888888889
0 0.270703125 0.40555555555555556 0.02265625 0.07777777777777778
0 0.176171875 0.45 0.05078125 0.07777777777777778
