0 0.4421875 0.6763888888888889 0.040625 0.16944444444444445
0 0.574609375 0.7465277777777778 0.03671875 0.17083333333333334
0 0.26015625 0.8645833333333334 0.0453125 0.14583333333333334
0 0.323046875 0.6409722222222223 0.03515625 0.09861111111111111
0 0.364453125 0.5513888888888889 0.02578125 0.08055555555555556
0 0.577734375 0.5513888888888889 0.02578125 0.08055555555555556
0 0.603515625 0.5395833333333333 0.02421875 0.09861111111111111
1 0.434765625 0.43819444444444444 0.03515625 0.07083333333333333
0 0.480859375 0.4236111111111111 0.01171875 0.041666666666666664
0 0.494921875 0.42083333333333334 0.01171875 0.04722222222222222
