0 0.619921875 0.8791666666666667 0.07578125 0.18611111111111112
0 0.346484375 0.5847222222222223 0.06640625 0.12222222222222222
0 0.699609375 0.7 0.04921875 0.15833333333333333
0 0.817578125 0.53125 0.02265625 0.0875
0 0.759375 0.8222222222222222 0.05 0.17777777777777778
0 0.734765625 0.6020833333333333 0.03046875 0.12083333333333333
0 0.830859375 0.6222222222222222 0.03203125 0.125
0 0.5328125 0.8534722222222222 0.0703125 0.2152777777777778
0 0.83828125 0.5097222222222222 0.0171875 0.06944444444444445
0 0.79921875 0.7263888888888889 0.0328125 0.15
0 0.862890625 0.5270833333333333 0.02109375 0.08194444444444444
0 0.740234375 0.5138888888888888 0.02109375 0.07777777777777778
0 0.745703125 0.39444444444444443 0.01484375 0.05277777777777778
0 0.446484375 0.8493055555555555 0.09765625 0.25972222222222224
1 0.140234375 0.7402777777777778 0.28046875 0.32222222222222224
3 0.597265625 0.4638888888888889 0.22265625 0.32222222222222224
0 0.50546875 0.7208333333333333 0.0359375 0.19722222222222222
0 0.75625 0.48680555555555555 0.01875 0.07083333333333333
0 0.765234375 0.4527777777777778 0.01328125 0.06388888888888888
2 0.81875 0.4222222222222222 0.0578125 0.11666666666666667
