0 0.362109375 0.9333333333333333 0.06328125 0.13333333333333333
0 0.259375 0.8680555555555556 0.04375 0.14166666666666666
0 0.363671875 0.5486111111111112 0.02578125 0.06944444444444445
0 0.447265625 0.49444444444444446 0.02109375 0.07777777777777778
0 0.508203125 0.4756944444444444 0.01953125 0.06805555555555555
0 0.53359375 0.47708333333333336 0.0203125 0.07083333333333333
0 0.57890625 0.5555555555555556 0.025 0.07222222222222222
0 0.59921875 0.5527777777777778 0.0203125 0.07222222222222222
1 0.4359375 0.4340277777777778 0.040625 0.0625
0 0.4984375 0.42916666666666664 0.0125 0.04722222222222222
