0 0.729296875 0.90625 0.06953125 0.1875
0 0.644140625 0.8534722222222222 0.06796875 0.1875
0 0.565625 0.7430555555555556 0.071875 0.15555555555555556
0 0.440234375 0.6819444444444445 0.07265625 0.1527777777777778
0 0.749609375 0.6847222222222222 0.04140625 0.14722222222222223
0 0.035546875 0.7423611111111111 0.07109375 0.1875
0 0.6953125 0.45694444444444443 0.0171875 0.075
0 0.6890625 0.6861111111111111 0.046875 0.14166666666666666
0 0.845703125 0.5493055555555556 0.02421875 0.09027777777777778
0 0.70625 0.5354166666666667 0.028125 0.10416666666666667
0 0.72890625 0.48819444444444443 0.0203125 0.09027777777777778
0 0.73046875 0.40555555555555556 0.0171875 0.058333333333333334
0 0.82109375 0.6548611111111111 0.0390625 0.1486111111111111
0 0.704296875 0.4083333333333333 0.01484375 0.05555555555555555
1 0.619140625 0.6152777777777778 0.11953125 0.14166666666666666
2 0.783984375 0.47847222222222224 0.09921875 0.18194444444444444
0 0.76875 0.6319444444444444 0.0296875 0.11666666666666667
0 0.851953125 0.4951388888888889 0.01953125 0.059722222222222225
