0 0.408984375 0.5083333333333333 0.02734375 0.13333333333333333
0 0.259375 0.74375 0.0390625 0.19027777777777777
0 0.301171875 0.6729166666666667 0.03828125 0.1736111111111111
0 0.37734375 0.55 0.0234375 0.14444444444444443
0 0.96328125 0.7409722222222223 0.05 0.15416666666666667
0 0.16640625 0.8520833333333333 0.04375 0.1986111111111111
0 0.32109375 0.35138888888888886 0.0203125 0.09444444444444444
0 0.489453125 0.6465277777777778 0.04453125 0.15416666666666667
0 0.38671875 0.4125 0.0203125 0.1111111111111111
0 0.4109375 0.6569444444444444 0.034375 0.16111111111111112
0 0.322265625 0.45069444444444445 0.02578125 0.11805555555555555
0 0.290234375 0.4638888888888889 0.02265625 0.12222222222222222
0 0.151953125 0.3923611111111111 0.05078125 0.09027777777777778
0 0.238671875 0.49583333333333335 0.02890625 0.13055555555555556
0 0.541015625 0.39652777777777776 0.04140625 0.09305555555555556
0 0.643359375 0.32430555555555557 0.01640625 0.08472222222222223
0 0.64375 0.3972222222222222 0.021875 0.1
0 0.19296875 0.5909722222222222 0.0359375 0.15416666666666667
0 0.290234375 0.3423611111111111 0.02421875 0.0875
0 0.612890625 0.33611111111111114 0.01953125 0.08888888888888889
0 0.451171875 0.40555555555555556 0.02265625 0.10277777777777777
0 0.704296875 0.4388888888888889 0.02578125 0.1111111111111111
0 0.4078125 0.3388888888888889 0.01875 0.08333333333333333
0 0.070703125 0.8638888888888889 0.05078125 0.21388888888888888
0 0.346875 0.4625 0.021875 0.11666666666666667
0 0.181640625 0.50625 0.02890625 0.12361111111111112
0 0.273828125 0.5625 0.03203125 0.1388888888888889
0 0.8234375 0.6013888888888889 0.059375 0.11944444444444445
0 0.01953125 0.37916666666666665 0.0375 0.07777777777777778
0 0.328515625 0.91875 0.05546875 0.1597222222222222
0 0.3828125 0.7972222222222223 0.0390625 0.19166666666666668
0 0.67578125 0.44166666666666665 0.028125 0.10555555555555556
0 0.917578125 0.8104166666666667 0.05234375 0.16805555555555557
0 0.354296875 0.34097222222222223 0.01953125 0.0875
0 0.505859375 0.35555555555555557 0.02265625 0.08611111111111111
0 0.774609375 0.5076388888888889 0.03515625 0.11527777777777778
0 0.08046875 0.36666666666666664 0.0515625 0.07777777777777778
0 0.869140625 0.4548611111111111 0.02890625 0.10138888888888889
0 0.6328125 0.25833333333333336 0.01875 0.06944444444444445
0 0.592578125 0.26944444444444443 0.01953125 0.075
0 0.623046875 0.4479166666666667 0.02265625 0.10694444444444444
0 0.38515625 0.28541666666666665 0.015625 0.06805555555555555
0 0.987109375 0.9479166666666666 0.02265625 0.10416666666666667
0 0.729296875 0.5159722222222223 0.04453125 0.11527777777777778
0 0.809765625 0.425 0.03046875 0.09444444444444444
0 0.570703125 0.20347222222222222 0.01484375 0.0625
0 0.877734375 0.6833333333333333 0.04609375 0.125
0 0.29140625 0.40694444444444444 0.025 0.09444444444444444
0 0.3234375 0.28402777777777777 0.021875 0.0763888888888889
1 0.621875 0.5916666666666667 0.0765625 0.15833333333333333
1 0.722265625 0.9493055555555555 0.11328125 0.09305555555555556
1 0.5515625 0.3 0.040625 0.07777777777777778
1 0.8078125 0.7694444444444445 0.1453125 0.25
1 0.455078125 0.29375 0.04453125 0.10694444444444444
1 0.54296875 0.18263888888888888 0.025 0.059722222222222225
1 0.508203125 0.16041666666666668 0.02421875 0.059722222222222225
2 0.454296875 0.2875 0.04453125 0.10277777777777777
3 0.454296875 0.2875 0.04453125 0.10277777777777777
