0 0.298828125 0.3402777777777778 0.04609375 0.1638888888888889
0 0.15859375 0.5527777777777778 0.103125 0.25555555555555554
0 0.298828125 0.7715277777777778 0.11484375 0.2791666666666667
0 0.43515625 0.675 0.084375 0.2611111111111111
0 0.513671875 0.46944444444444444 0.06171875 0.18333333333333332
0 0.604296875 0.4048611111111111 0.04921875 0.15138888888888888
0 0.44296875 0.28680555555555554 0.040625 0.12083333333333333
0 0.490625 0.28055555555555556 0.0390625 0.11388888888888889
0 0.530078125 0.2902777777777778 0.03828125 0.12222222222222222
0 0.6015625 0.20555555555555555 0.0203125 0.08055555555555556
0 0.65234375 0.24722222222222223 0.0265625 0.07222222222222222
0 0.65859375 0.3347222222222222 0.03125 0.1
0 0.651171875 0.4479166666666667 0.04296875 0.1597222222222222
0 0.682421875 0.47708333333333336 0.05078125 0.15694444444444444
