0 0.062890625 0.6125 0.12578125 0.35555555555555557
0 0.431640625 0.2798611111111111 0.02890625 0.10694444444444444
0 0.498828125 0.41388888888888886 0.03671875 0.1527777777777778
0 0.58125 0.4409722222222222 0.034375 0.1625
0 0.62578125 0.3458333333333333 0.040625 0.13055555555555556
0 0.486328125 0.18472222222222223 0.04609375 0.08333333333333333
0 0.6578125 0.28541666666666665 0.025 0.0875
0 0.637890625 0.20555555555555555 0.01640625 0.06388888888888888
0 0.68359375 0.25763888888888886 0.0140625 0.0625
0 0.669140625 0.21875 0.01640625 0.0625
