0 0.70546875 0.7708333333333334 0.0546875 0.19722222222222222
0 0.823828125 0.5354166666666667 0.02421875 0.09583333333333334
0 0.855859375 0.4513888888888889 0.01640625 0.06388888888888888
0 0.83671875 0.4673611111111111 0.01875 0.06805555555555555
0 0.789453125 0.5222222222222223 0.02578125 0.1
0 0.8078125 0.6541666666666667 0.034375 0.14444444444444443
0 0.47734375 0.46875 0.0390625 0.07361111111111111
0 0.658203125 0.41458333333333336 0.03515625 0.05416666666666667
0 0.2546875 0.6006944444444444 0.0828125 0.10694444444444444
0 0.653125 0.4041666666666667 0.0296875 0.05277777777777778
1 0.1203125 0.8138888888888889 0.240625 0.2777777777777778
3 0.61953125 0.5597222222222222 0.1890625 0.26666666666666666
3 0.755078125 0.42083333333333334 0.11796875 0.25833333333333336
0 0.553515625 0.42430555555555555 0.04296875 0.05694444444444444
0 0.5875 0.4125 0.046875 0.05
0 0.691796875 0.40069444444444446 0.01484375 0.05416666666666667
0 0.936328125 0.8902777777777777 0.07734375 0.11666666666666667
0 0.92421875 0.8333333333333334 0.06875 0.10277777777777777
