0 0.102734375 0.7395833333333334 0.11015625 0.23472222222222222
0 0.7625 0.8736111111111111 0.084375 0.2361111111111111
0 0.78359375 0.5055555555555555 0.0234375 0.08611111111111111
0 0.62734375 0.8472222222222222 0.084375 0.2361111111111111
0 0.4875 0.5333333333333333 0.0484375 0.11388888888888889
0 0.659765625 0.42569444444444443 0.02578125 0.08194444444444444
0 0.30703125 0.7131944444444445 0.1 0.2513888888888889
0 0.814453125 0.575 0.02734375 0.10555555555555556
0 0.775 0.6319444444444444 0.0359375 0.14166666666666666
0 0.375 0.5979166666666667 0.0578125 0.15416666666666667
0 0.58828125 0.4875 0.0375 0.09722222222222222
0 0.749609375 0.4111111111111111 0.01640625 0.06666666666666667
0 0.53984375 0.5597222222222222 0.0484375 0.125
0 0.8296875 0.4895833333333333 0.0171875 0.07083333333333333
0 0.723046875 0.425 0.01640625 0.058333333333333334
0 0.80859375 0.48680555555555555 0.01875 0.0763888888888889
0 0.855078125 0.4652777777777778 0.01640625 0.06111111111111111
1 0.7203125 0.5076388888888889 0.0609375 0.09305555555555556
0 0.396484375 0.5409722222222222 0.03984375 0.13194444444444445
1 0.7015625 0.4388888888888889 0.059375 0.07777777777777778
0 0.734375 0.3972222222222222 0.0109375 0.05555555555555555
0 0.79765625 0.4722222222222222 0.01875 0.07222222222222222
0 0.6609375 0.5854166666666667 0.0828125 0.17916666666666667
