0 0.291015625 0.6840277777777778 0.08671875 0.2152777777777778
0 0.16796875 0.7 0.0984375 0.2111111111111111
0 0.8375 0.5034722222222222 0.0203125 0.07916666666666666
0 0.651953125 0.46458333333333335 0.02734375 0.08194444444444444
0 0.526953125 0.49236111111111114 0.03984375 0.10416666666666667
0 0.675 0.44722222222222224 0.0234375 0.08055555555555556
0 0.627734375 0.4444444444444444 0.02890625 0.08611111111111111
0 0.8078125 0.5465277777777777 0.0265625 0.0875
0 0.480078125 0.5361111111111111 0.04921875 0.12222222222222222
0 0.823828125 0.46041666666666664 0.01640625 0.0625
0 0.7921875 0.7152777777777778 0.040625 0.16111111111111112
0 0.024609375 0.7861111111111111 0.04921875 0.2
0 0.788671875 0.6326388888888889 0.03203125 0.11527777777777778
0 0.47734375 0.4666666666666667 0.0390625 0.06944444444444445
1 0.65625 0.5958333333333333 0.1265625 0.1638888888888889
3 0.7375 0.47430555555555554 0.0921875 0.16805555555555557
0 0.3125 0.6111111111111112 0.0578125 0.14444444444444443
0 0.2515625 0.5902777777777778 0.0796875 0.1111111111111111
0 0.555078125 0.42083333333333334 0.04140625 0.06111111111111111
3 0.78828125 0.4 0.08125 0.20277777777777778
0 0.936328125 0.8875 0.07421875 0.11666666666666667
0 0.92578125 0.8354166666666667 0.0765625 0.12916666666666668
