0 0.912109375 0.7138888888888889 0.03828125 0.13333333333333333
0 0.916015625 0.6006944444444444 0.02734375 0.0763888888888889
0 0.530078125 0.6152777777777778 0.03515625 0.10277777777777777
0 0.58359375 0.6736111111111112 0.040625 0.125
0 0.630078125 0.7625 0.03984375 0.14722222222222223
0 0.734765625 0.9083333333333333 0.04765625 0.175
0 0.55 0.9222222222222223 0.0546875 0.15555555555555556
0 0.83203125 0.6583333333333333 0.0265625 0.11388888888888889
0 0.79296875 0.6229166666666667 0.021875 0.1125
0 0.772265625 0.58125 0.01640625 0.09027777777777778
1 0.427734375 0.8208333333333333 0.17265625 0.19166666666666668
