1 0.189453125 0.375 0.06796875 0.09444444444444444
1 0.272265625 0.38055555555555554 0.07421875 0.09722222222222222
1 0.55625 0.5791666666666667 0.1828125 0.2222222222222222
3 0.51484375 0.32916666666666666 0.153125 0.11666666666666667
3 0.86796875 0.7895833333333333 0.2640625 0.42083333333333334
1 0.692578125 0.4375 0.10546875 0.1361111111111111
2 0.21875 0.23333333333333334 0.0546875 0.05555555555555555
0 0.30078125 0.6895833333333333 0.0515625 0.19583333333333333
0 0.123828125 0.27291666666666664 0.01484375 0.05416666666666667
0 0.08828125 0.25625 0.0140625 0.05416666666666667
0 0.106640625 0.24930555555555556 0.01328125 0.05416666666666667
0 0.133984375 0.2604166666666667 0.01171875 0.0625
0 0.1 0.21805555555555556 0.0109375 0.04722222222222222
