0 0.54296875 0.6201388888888889 0.0375 0.11805555555555555
0 0.260546875 0.8625 0.04609375 0.1388888888888889
0 0.42890625 0.5402777777777777 0.025 0.09722222222222222
0 0.521875 0.4756944444444444 0.0234375 0.09027777777777778
0 0.5765625 0.54375 0.025 0.06805555555555555
0 0.3625 0.5395833333333333 0.021875 0.07083333333333333
0 0.48671875 0.4013888888888889 0.0125 0.03888888888888889
0 0.4578125 0.4465277777777778 0.0171875 0.059722222222222225
0 0.45234375 0.40069444444444446 0.0109375 0.04027777777777778
0 0.462890625 0.3819444444444444 0.01015625 0.041666666666666664
