0 0.54375 0.36944444444444446 0.0203125 0.09166666666666666
0 0.590234375 0.4354166666666667 0.02421875 0.1125
0 0.72265625 0.5784722222222223 0.03125 0.12916666666666668
0 0.4578125 0.35555555555555557 0.015625 0.08888888888888889
0 0.64296875 0.39305555555555555 0.021875 0.1
0 0.285546875 0.5069444444444444 0.02109375 0.125
0 0.376171875 0.4236111111111111 0.02265625 0.10555555555555556
0 0.426953125 0.4354166666666667 0.03671875 0.10694444444444444
0 0.67578125 0.5097222222222222 0.0296875 0.12222222222222222
0 0.761328125 0.5458333333333333 0.03828125 0.11944444444444445
0 0.71171875 0.4270833333333333 0.0265625 0.1125
0 0.247265625 0.49583333333333335 0.02734375 0.125
0 0.320703125 0.36736111111111114 0.01953125 0.09861111111111111
0 0.296875 0.42083333333333334 0.01875 0.10277777777777777
0 0.583984375 0.21666666666666667 0.01328125 0.058333333333333334
0 0.5046875 0.3138888888888889 0.0234375 0.07777777777777778
0 0.487109375 0.29930555555555555 0.02265625 0.0763888888888889
0 0.416796875 0.325 0.02109375 0.075
0 0.642578125 0.3368055555555556 0.01953125 0.0763888888888889
0 0.86953125 0.49375 0.0609375 0.09583333333333334
0 0.378515625 0.35208333333333336 0.01953125 0.08194444444444444
0 0.258984375 0.40902777777777777 0.02109375 0.09583333333333334
0 0.353125 0.33541666666666664 0.021875 0.07361111111111111
0 0.801171875 0.5881944444444445 0.02890625 0.10416666666666667
0 0.291796875 0.33958333333333335 0.02109375 0.08194444444444444
0 0.105078125 0.35694444444444445 0.04453125 0.07777777777777778
0 0.69921875 0.2861111111111111 0.0265625 0.07222222222222222
0 0.56015625 0.20277777777777778 0.015625 0.05555555555555555
1 0.5421875 0.28541666666666665 0.0359375 0.0763888888888889
1 0.419140625 0.22708333333333333 0.03046875 0.06527777777777778
1 0.525390625 0.2152777777777778 0.03515625 0.05555555555555555
2 0.903515625 0.8277777777777777 0.19296875 0.33611111111111114
2 0.68359375 0.8201388888888889 0.1921875 0.3597222222222222
