0 0.216015625 0.7965277777777777 0.10546875 0.2652777777777778
0 0.83203125 0.4652777777777778 0.0171875 0.06388888888888888
0 0.8140625 0.5743055555555555 0.0296875 0.11805555555555555
0 0.349609375 0.6368055555555555 0.07265625 0.19027777777777777
0 0.45234375 0.5777777777777777 0.0484375 0.14722222222222223
0 0.855859375 0.4513888888888889 0.01484375 0.058333333333333334
0 0.52734375 0.5347222222222222 0.0421875 0.12777777777777777
0 0.815625 0.47291666666666665 0.0203125 0.07083333333333333
0 0.45 0.5319444444444444 0.04375 0.125
3 0.675390625 0.48680555555555555 0.23515625 0.4097222222222222
0 0.32109375 0.6020833333333333 0.0484375 0.1763888888888889
0 0.29375 0.5979166666666667 0.06875 0.11805555555555555
3 0.80859375 0.40347222222222223 0.0390625 0.11805555555555555
0 0.478515625 0.4652777777777778 0.03515625 0.06111111111111111
0 0.24296875 0.5916666666666667 0.0609375 0.10833333333333334
0 0.55078125 0.4263888888888889 0.034375 0.05277777777777778
0 0.924609375 0.8291666666666667 0.07265625 0.09444444444444444
