2 0.06875 0.7333333333333333 0.1265625 0.3888888888888889
0 0.57265625 0.2743055555555556 0.0234375 0.0625
0 0.613671875 0.2916666666666667 0.01953125 0.08888888888888889
0 0.836328125 0.33402777777777776 0.02734375 0.10138888888888889
3 0.06796875 0.75 0.1359375 0.4527777777777778
1 0.293359375 0.50625 0.06484375 0.12361111111111112
0 0.247265625 0.5993055555555555 0.07421875 0.10694444444444444
3 0.30625 0.3215277777777778 0.0640625 0.11527777777777778
0 0.663671875 0.34097222222222223 0.02578125 0.10694444444444444
0 0.388671875 0.4826388888888889 0.02109375 0.10138888888888889
0 0.714453125 0.6333333333333333 0.03515625 0.1527777777777778
3 0.255859375 0.8 0.29296875 0.3972222222222222
0 0.82578125 0.7583333333333333 0.0546875 0.18055555555555555
2 0.241796875 0.4638888888888889 0.08671875 0.15833333333333333
1 0.558984375 0.5902777777777778 0.08984375 0.175
3 0.38203125 0.23333333333333334 0.0453125 0.13055555555555556
