0 0.127734375 0.44930555555555557 0.05859375 0.10138888888888889
0 0.70703125 0.5479166666666667 0.0671875 0.10972222222222222
0 0.566796875 0.2986111111111111 0.01484375 0.08333333333333333
0 0.737890625 0.4791666666666667 0.06328125 0.1
0 0.480859375 0.5159722222222223 0.06171875 0.1125
0 0.49609375 0.3416666666666667 0.0265625 0.08611111111111111
0 0.230859375 0.5756944444444444 0.07265625 0.1375
0 0.658203125 0.31319444444444444 0.02421875 0.0763888888888889
0 0.10546875 0.7152777777777778 0.0859375 0.15833333333333333
0 0.641796875 0.4673611111111111 0.06015625 0.10138888888888889
0 0.93984375 0.6826388888888889 0.0515625 0.15416666666666667
0 0.387890625 0.4097222222222222 0.04921875 0.09722222222222222
0 0.31484375 0.49236111111111114 0.0578125 0.10972222222222222
0 0.207421875 0.4618055555555556 0.05859375 0.09305555555555556
0 0.524609375 0.28125 0.01953125 0.07083333333333333
0 0.62265625 0.31527777777777777 0.01875 0.08611111111111111
0 0.68984375 0.4486111111111111 0.04375 0.08888888888888889
0 0.36875 0.29791666666666666 0.009375 0.07083333333333333
0 0.601953125 0.31319444444444444 0.01953125 0.0763888888888889
0 0.05 0.6694444444444444 0.065625 0.13055555555555556
0 0.316796875 0.2965277777777778 0.01640625 0.06805555555555555
0 0.0890625 0.6145833333333334 0.071875 0.12083333333333333
0 0.328125 0.45 0.0359375 0.075
0 0.4375 0.28680555555555554 0.028125 0.07361111111111111
0 0.284375 0.48125 0.046875 0.10972222222222222
0 0.814453125 0.43472222222222223 0.03359375 0.08611111111111111
0 0.33671875 0.2881944444444444 0.01875 0.0625
0 0.00546875 0.6131944444444445 0.0109375 0.08194444444444444
1 0.400390625 0.25555555555555554 0.03515625 0.06944444444444445
1 0.51171875 0.1875 0.0328125 0.06944444444444445
1 0.323046875 0.17152777777777778 0.03828125 0.07083333333333333
3 0.462109375 0.22708333333333333 0.03359375 0.09861111111111111
0 0.353125 0.2881944444444444 0.0125 0.05416666666666667
0 0.37265625 0.3861111111111111 0.0296875 0.07777777777777778
0 0.334375 0.4152777777777778 0.0359375 0.07222222222222222
0 0.233203125 0.5090277777777777 0.05234375 0.10694444444444444
