0 0.81171875 0.5881944444444445 0.0234375 0.10972222222222222
0 0.720703125 0.5034722222222222 0.02578125 0.09305555555555556
0 0.628125 0.6861111111111111 0.0421875 0.15833333333333333
0 0.73515625 0.3951388888888889 0.01875 0.059722222222222225
0 0.68984375 0.42777777777777776 0.0203125 0.06388888888888888
0 0.730859375 0.725 0.04453125 0.1527777777777778
0 0.5578125 0.5493055555555556 0.040625 0.12638888888888888
0 0.783984375 0.7659722222222223 0.04765625 0.1625
0 0.641796875 0.9229166666666667 0.06640625 0.15416666666666667
0 0.641015625 0.4395833333333333 0.02734375 0.08472222222222223
0 0.71953125 0.6270833333333333 0.0359375 0.12916666666666668
0 0.83203125 0.6 0.0234375 0.10277777777777777
0 0.790625 0.6284722222222222 0.0296875 0.10972222222222222
0 0.70546875 0.38958333333333334 0.0125 0.04583333333333333
0 0.85546875 0.5152777777777777 0.01875 0.075
1 0.642578125 0.5756944444444444 0.11171875 0.13472222222222222
2 0.7890625 0.47152777777777777 0.096875 0.1486111111111111
0 0.84140625 0.5270833333333333 0.0171875 0.06805555555555555
