3 0.8734375 0.2902777777777778 0.253125 0.2638888888888889
2 0.177734375 0.775 0.34921875 0.45
1 0.26953125 0.50625 0.078125 0.10972222222222222
0 0.27109375 0.3236111111111111 0.009375 0.05277777777777778
0 0.355859375 0.35 0.04765625 0.05555555555555555
0 0.24375 0.37777777777777777 0.0265625 0.058333333333333334
0 0.1890625 0.48194444444444445 0.021875 0.08055555555555556
0 0.11015625 0.5604166666666667 0.028125 0.09305555555555556
0 0.57890625 0.2965277777777778 0.0109375 0.04583333333333333
0 0.601171875 0.33194444444444443 0.01328125 0.06111111111111111
0 0.7859375 0.6145833333333334 0.04375 0.12361111111111112
0 0.91171875 0.5569444444444445 0.0546875 0.11944444444444445
0 0.935546875 0.80625 0.05703125 0.1763888888888889
0 0.989453125 0.7909722222222222 0.02109375 0.13194444444444445
