0 0.226953125 0.5972222222222222 0.07578125 0.16666666666666666
0 0.468359375 0.5576388888888889 0.06484375 0.15138888888888888
0 0.73515625 0.47708333333333336 0.025 0.09305555555555556
0 0.109765625 0.7284722222222222 0.10546875 0.20694444444444443
0 0.57421875 0.7229166666666667 0.0734375 0.20416666666666666
0 0.6328125 0.4618055555555556 0.028125 0.0875
0 0.731640625 0.8798611111111111 0.08046875 0.24027777777777778
0 0.537890625 0.5486111111111112 0.04921875 0.13055555555555556
0 0.61328125 0.5541666666666667 0.0390625 0.12777777777777777
0 0.805078125 0.45208333333333334 0.01796875 0.06805555555555555
0 0.773828125 0.47291666666666665 0.02265625 0.08472222222222223
0 0.654296875 0.41180555555555554 0.02109375 0.06805555555555555
0 0.409765625 0.8979166666666667 0.10859375 0.20416666666666666
2 0.83515625 0.50625 0.065625 0.10972222222222222
0 0.743359375 0.44583333333333336 0.02109375 0.06388888888888888
0 0.743359375 0.39861111111111114 0.01640625 0.06944444444444445
0 0.7640625 0.3972222222222222 0.0171875 0.06388888888888888
0 0.76953125 0.4444444444444444 0.0203125 0.06388888888888888
