0 0.7765625 0.6041666666666666 0.053125 0.1638888888888889
0 0.689453125 0.6506944444444445 0.06484375 0.1875
0 0.13203125 0.3111111111111111 0.01875 0.058333333333333334
0 0.137109375 0.3576388888888889 0.02890625 0.09027777777777778
0 0.18125 0.3194444444444444 0.0203125 0.08888888888888889
0 0.19296875 0.4354166666666667 0.040625 0.12916666666666668
0 0.234375 0.5694444444444444 0.046875 0.15833333333333333
0 0.278125 0.49027777777777776 0.0328125 0.14166666666666666
1 0.1515625 0.2652777777777778 0.040625 0.06388888888888888
1 0.457421875 0.4791666666666667 0.12890625 0.17777777777777778
3 0.206640625 0.22777777777777777 0.04296875 0.07777777777777778
3 0.56171875 0.35833333333333334 0.1859375 0.19722222222222222
