3 0.475390625 0.2423611111111111 0.11171875 0.10972222222222222
3 0.35859375 0.23958333333333334 0.0578125 0.07361111111111111
1 0.286328125 0.38125 0.09453125 0.13472222222222222
1 0.56015625 0.6138888888888889 0.1796875 0.25555555555555554
0 0.257421875 0.5243055555555556 0.03828125 0.1597222222222222
0 0.345703125 0.5145833333333333 0.03671875 0.15138888888888888
0 0.71953125 0.5493055555555556 0.034375 0.1486111111111111
0 0.159765625 0.46458333333333335 0.03203125 0.12361111111111112
0 0.21875 0.42777777777777776 0.0234375 0.11388888888888889
0 0.20703125 0.35555555555555557 0.021875 0.08055555555555556
0 0.16796875 0.3611111111111111 0.0203125 0.08055555555555556
0 0.1109375 0.4097222222222222 0.01875 0.10277777777777777
0 0.111328125 0.3451388888888889 0.02421875 0.06805555555555555
0 0.105078125 0.2638888888888889 0.01015625 0.06111111111111111
