3 0.2296875 0.22083333333333333 0.071875 0.09166666666666666
3 0.35546875 0.2388888888888889 0.0890625 0.09444444444444444
1 0.1796875 0.25833333333333336 0.04375 0.058333333333333334
0 0.119921875 0.43680555555555556 0.03046875 0.12361111111111112
0 0.079296875 0.27847222222222223 0.01484375 0.05694444444444444
0 0.096484375 0.2875 0.01484375 0.06111111111111111
0 0.109765625 0.3111111111111111 0.01640625 0.06111111111111111
0 0.124609375 0.30416666666666664 0.01640625 0.07222222222222222
0 0.126953125 0.27361111111111114 0.01640625 0.058333333333333334
0 0.164453125 0.42986111111111114 0.02421875 0.1125
0 0.186328125 0.39791666666666664 0.02421875 0.11527777777777778
0 0.28046875 0.6958333333333333 0.059375 0.20277777777777778
0 0.72421875 0.7930555555555555 0.065625 0.21944444444444444
0 0.855078125 0.8305555555555556 0.07734375 0.23055555555555557
0 0.69375 0.38263888888888886 0.04375 0.08472222222222223
