1 0.328515625 0.5666666666666667 0.13359375 0.21388888888888888
1 0.560546875 0.6416666666666667 0.17734375 0.2361111111111111
1 0.269921875 0.37777777777777777 0.08203125 0.11944444444444445
2 0.415625 0.3416666666666667 0.1421875 0.125
0 0.17734375 0.26666666666666666 0.01875 0.06666666666666667
0 0.158203125 0.325 0.02578125 0.08611111111111111
0 0.257421875 0.2388888888888889 0.03671875 0.058333333333333334
0 0.278515625 0.6868055555555556 0.05859375 0.20694444444444443
0 0.666796875 0.5236111111111111 0.04140625 0.1638888888888889
0 0.726171875 0.5215277777777778 0.04296875 0.15138888888888888
