0 0.534765625 0.8270833333333333 0.07109375 0.22083333333333333
0 0.703125 0.40694444444444444 0.01875 0.06388888888888888
0 0.74609375 0.6861111111111111 0.040625 0.1638888888888889
0 0.851953125 0.46458333333333335 0.01796875 0.07083333333333333
0 0.83046875 0.6444444444444445 0.03125 0.14444444444444443
0 0.815234375 0.5041666666666667 0.02578125 0.08611111111111111
0 0.70625 0.5076388888888889 0.028125 0.09305555555555556
0 0.722265625 0.6291666666666667 0.02734375 0.1361111111111111
0 0.687890625 0.5895833333333333 0.03203125 0.12638888888888888
0 0.82890625 0.5180555555555556 0.0234375 0.09166666666666666
0 0.7671875 0.46319444444444446 0.0375 0.07916666666666666
0 0.8234375 0.4388888888888889 0.01875 0.058333333333333334
1 0.79140625 0.43472222222222223 0.034375 0.058333333333333334
2 0.75546875 0.38055555555555554 0.0484375 0.08333333333333333
