0 0.546875 0.9229166666666667 0.0703125 0.15416666666666667
0 0.36328125 0.8840277777777777 0.0484375 0.23194444444444445
0 0.462109375 0.6979166666666666 0.03671875 0.15694444444444444
0 0.408984375 0.7416666666666667 0.03359375 0.17777777777777778
0 0.399609375 0.6368055555555555 0.02734375 0.1125
0 0.321875 0.64375 0.03125 0.10138888888888889
0 0.255078125 0.8659722222222223 0.03671875 0.14027777777777778
0 0.362890625 0.5520833333333334 0.02265625 0.08194444444444444
0 0.575390625 0.5479166666666667 0.02265625 0.0763888888888889
0 0.45625 0.42916666666666664 0.01875 0.05277777777777778
0 0.494140625 0.4125 0.01015625 0.03611111111111111
