0 0.366796875 0.5534722222222223 0.06484375 0.15694444444444444
0 0.03046875 0.7104166666666667 0.0609375 0.17916666666666667
0 0.542578125 0.9083333333333333 0.09140625 0.18333333333333332
0 0.761328125 0.41875 0.01796875 0.0625
0 0.578125 0.45694444444444443 0.0328125 0.09444444444444444
0 0.81015625 0.6493055555555556 0.046875 0.14583333333333334
0 0.762109375 0.5319444444444444 0.02734375 0.10555555555555556
0 0.836328125 0.45069444444444445 0.01640625 0.059722222222222225
0 0.54375 0.47430555555555554 0.0375 0.08194444444444444
0 0.858984375 0.4597222222222222 0.01640625 0.06388888888888888
1 0.49140625 0.5833333333333334 0.1609375 0.16944444444444445
1 0.71953125 0.43333333333333335 0.0546875 0.075
0 0.75703125 0.40208333333333335 0.0109375 0.05138888888888889
0 0.733984375 0.38333333333333336 0.01171875 0.027777777777777776
0 0.7125 0.3854166666666667 0.0140625 0.04027777777777778
