0 0.6921875 0.8013888888888889 0.065625 0.2111111111111111
0 0.2890625 0.7354166666666667 0.08125 0.22083333333333333
0 0.39609375 0.6055555555555555 0.071875 0.16666666666666666
0 0.793359375 0.46597222222222223 0.02109375 0.0763888888888889
0 0.474609375 0.49444444444444446 0.04609375 0.11666666666666667
0 0.703125 0.45555555555555555 0.0296875 0.10277777777777777
0 0.697265625 0.6027777777777777 0.03203125 0.13333333333333333
0 0.7765625 0.4486111111111111 0.01875 0.07222222222222222
0 0.582421875 0.5055555555555555 0.03671875 0.10277777777777777
0 0.721484375 0.5465277777777777 0.02734375 0.10138888888888889
0 0.673046875 0.42083333333333334 0.01796875 0.06666666666666667
0 0.657421875 0.5722222222222222 0.03671875 0.12777777777777777
0 0.6234375 0.4909722222222222 0.03125 0.12638888888888888
0 0.52734375 0.5465277777777777 0.0421875 0.1375
0 0.6625 0.46458333333333335 0.025 0.08472222222222223
0 0.23125 0.6798611111111111 0.0890625 0.2013888888888889
0 0.089453125 0.6826388888888889 0.09453125 0.18472222222222223
0 0.714453125 0.4201388888888889 0.01484375 0.05416666666666667
0 0.730078125 0.4048611111111111 0.01484375 0.05416666666666667
0 0.524609375 0.49930555555555556 0.03515625 0.1125
0 0.022265625 0.7944444444444444 0.04453125 0.15555555555555556
2 0.83515625 0.5 0.065625 0.125
0 0.567578125 0.4576388888888889 0.03359375 0.09305555555555556
0 0.756640625 0.4013888888888889 0.01328125 0.058333333333333334
0 0.773046875 0.4 0.01484375 0.05277777777777778
0 0.78984375 0.3951388888888889 0.015625 0.04583333333333333
