0 0.771875 0.6527777777777778 0.0359375 0.1361111111111111
0 0.7796875 0.5451388888888888 0.021875 0.09861111111111111
0 0.815234375 0.5555555555555556 0.02421875 0.1111111111111111
0 0.639453125 0.7097222222222223 0.05546875 0.17777777777777778
0 0.50703125 0.6020833333333333 0.04375 0.1736111111111111
0 0.064453125 0.6868055555555556 0.08671875 0.18472222222222223
0 0.563671875 0.5131944444444444 0.03203125 0.10972222222222222
0 0.542578125 0.48333333333333334 0.02578125 0.10277777777777777
0 0.662109375 0.8527777777777777 0.05703125 0.21944444444444444
0 0.682421875 0.9326388888888889 0.05703125 0.13472222222222222
0 0.66875 0.4395833333333333 0.0234375 0.08194444444444444
0 0.824609375 0.4597222222222222 0.01640625 0.06111111111111111
0 0.843359375 0.4638888888888889 0.01953125 0.06666666666666667
3 0.750390625 0.4222222222222222 0.12109375 0.19444444444444445
