0 0.566796875 0.7472222222222222 0.04453125 0.17777777777777778
0 0.471484375 0.8222222222222222 0.04765625 0.21944444444444444
0 0.40546875 0.7125 0.0453125 0.17777777777777778
0 0.658984375 0.9333333333333333 0.05546875 0.13333333333333333
0 0.303515625 0.9090277777777778 0.06328125 0.18194444444444444
0 0.2578125 0.8555555555555555 0.0296875 0.11666666666666667
0 0.32109375 0.6381944444444444 0.0359375 0.10694444444444444
0 0.3640625 0.5527777777777778 0.025 0.07222222222222222
0 0.39375 0.5416666666666666 0.028125 0.09444444444444444
0 0.576953125 0.5611111111111111 0.02578125 0.06944444444444445
0 0.596875 0.5583333333333333 0.0203125 0.07222222222222222
0 0.46640625 0.47152777777777777 0.015625 0.06805555555555555
0 0.48046875 0.45625 0.0140625 0.05694444444444444
0 0.51484375 0.47708333333333336 0.0171875 0.07083333333333333
