0 0.296875 0.7347222222222223 0.0953125 0.2361111111111111
0 0.658203125 0.4638888888888889 0.02890625 0.08888888888888889
0 0.7234375 0.45069444444444445 0.021875 0.07916666666666666
0 0.564453125 0.7416666666666667 0.06953125 0.19722222222222222
0 0.8375 0.4361111111111111 0.015625 0.05277777777777778
0 0.510546875 0.5243055555555556 0.05390625 0.1486111111111111
0 0.646484375 0.6236111111111111 0.04609375 0.1638888888888889
0 0.6046875 0.48125 0.03125 0.09305555555555556
0 0.734375 0.5256944444444445 0.03125 0.10416666666666667
0 0.58125 0.5847222222222223 0.0453125 0.14166666666666666
0 0.693359375 0.6013888888888889 0.03671875 0.13333333333333333
0 0.750390625 0.4756944444444444 0.01953125 0.08194444444444444
0 0.772265625 0.43819444444444444 0.01640625 0.06527777777777778
0 0.794921875 0.47430555555555554 0.01953125 0.07083333333333333
0 0.852734375 0.55 0.02734375 0.09722222222222222
0 0.61796875 0.45208333333333334 0.0234375 0.08472222222222223
0 0.81328125 0.43819444444444444 0.0125 0.04583333333333333
2 0.778515625 0.6104166666666667 0.11796875 0.2125
0 0.7546875 0.4083333333333333 0.03125 0.06111111111111111
