0 0.4796875 0.16041666666666668 0.0421875 0.07361111111111111
0 0.206640625 0.17430555555555555 0.03984375 0.10416666666666667
0 0.25859375 0.47430555555555554 0.075 0.2263888888888889
0 0.45390625 0.6277777777777778 0.128125 0.26944444444444443
0 0.65234375 0.45416666666666666 0.053125 0.16944444444444445
0 0.68046875 0.4875 0.053125 0.16111111111111112
0 0.549609375 0.24097222222222223 0.02890625 0.09583333333333334
0 0.625390625 0.25625 0.02421875 0.07916666666666666
0 0.66015625 0.2638888888888889 0.028125 0.08055555555555556
1 0.414453125 0.34305555555555556 0.13359375 0.16666666666666666
0 0.678125 0.2388888888888889 0.021875 0.07222222222222222
0 0.619140625 0.17222222222222222 0.01484375 0.04722222222222222
0 0.637109375 0.16111111111111112 0.01640625 0.04722222222222222
1 0.66796875 0.16319444444444445 0.0296875 0.043055555555555555
