0 0.47734375 0.8055555555555556 0.0484375 0.2111111111111111
0 0.5265625 0.6 0.0265625 0.12222222222222222
0 0.427734375 0.9361111111111111 0.06953125 0.12777777777777777
0 0.259765625 0.8611111111111112 0.03828125 0.14166666666666666
0 0.321875 0.6430555555555556 0.028125 0.11666666666666667
0 0.363671875 0.5493055555555556 0.01796875 0.07083333333333333
0 0.423046875 0.5222222222222223 0.02421875 0.10833333333333334
0 0.525390625 0.4798611111111111 0.01796875 0.0763888888888889
0 0.507421875 0.4548611111111111 0.01640625 0.06527777777777778
0 0.483203125 0.4375 0.01328125 0.06388888888888888
