1 0.25625 0.25277777777777777 0.0828125 0.08055555555555556
1 0.083203125 0.26180555555555557 0.03359375 0.07361111111111111
1 0.128515625 0.2548611111111111 0.03828125 0.06527777777777778
1 0.15 0.23402777777777778 0.0328125 0.05694444444444444
1 0.37421875 0.4284722222222222 0.1234375 0.17916666666666667
3 0.396875 0.23958333333333334 0.0984375 0.09861111111111111
0 0.13359375 0.2833333333333333 0.0234375 0.06388888888888888
0 0.16640625 0.3173611111111111 0.021875 0.08472222222222223
0 0.17890625 0.3784722222222222 0.0234375 0.09861111111111111
0 0.188671875 0.2326388888888889 0.01640625 0.05416666666666667
0 0.43125 0.27361111111111114 0.0390625 0.08611111111111111
0 0.288671875 0.5354166666666667 0.05390625 0.16527777777777777
0 0.09765625 0.7340277777777777 0.0671875 0.20694444444444443
0 0.440625 0.7694444444444445 0.08125 0.24166666666666667
0 0.727734375 0.4527777777777778 0.03828125 0.11388888888888889
0 0.814453125 0.6597222222222222 0.06953125 0.18055555555555555
