1 0.226953125 0.35555555555555557 0.06953125 0.10277777777777777
0 0.1546875 0.49722222222222223 0.0359375 0.14444444444444443
0 0.1171875 0.3 0.0171875 0.06666666666666667
0 0.134765625 0.2777777777777778 0.01484375 0.06388888888888888
0 0.149609375 0.3013888888888889 0.01640625 0.06388888888888888
0 0.157421875 0.3506944444444444 0.02109375 0.0875
0 0.1921875 0.41597222222222224 0.0296875 0.10694444444444444
0 0.212890625 0.49166666666666664 0.03046875 0.1361111111111111
0 0.18828125 0.26180555555555557 0.0203125 0.07083333333333333
0 0.272265625 0.25 0.02890625 0.05555555555555555
0 0.290625 0.35208333333333336 0.0515625 0.0875
0 0.380859375 0.6305555555555555 0.05859375 0.20555555555555555
0 0.86328125 0.7208333333333333 0.06875 0.18333333333333332
0 0.40625 0.26180555555555557 0.040625 0.059722222222222225
