0 0.559765625 0.22291666666666668 0.02421875 0.08472222222222223
0 0.5828125 0.24583333333333332 0.028125 0.09722222222222222
0 0.584375 0.35555555555555557 0.0296875 0.11388888888888889
0 0.63671875 0.3416666666666667 0.0234375 0.11666666666666667
0 0.657421875 0.2763888888888889 0.02734375 0.07222222222222222
0 0.387890625 0.16458333333333333 0.03671875 0.09861111111111111
0 0.325 0.1625 0.04375 0.08333333333333333
0 0.4046875 0.2673611111111111 0.04375 0.12361111111111112
0 0.491796875 0.29375 0.04296875 0.10416666666666667
0 0.525 0.3736111111111111 0.034375 0.12777777777777777
0 0.372265625 0.37569444444444444 0.07109375 0.1736111111111111
0 0.371484375 0.2798611111111111 0.04765625 0.13472222222222222
0 0.24609375 0.8583333333333333 0.1859375 0.2833333333333333
0 0.506640625 0.23541666666666666 0.02265625 0.06805555555555555
0 0.6 0.20347222222222222 0.0203125 0.059722222222222225
