0 0.84609375 0.6048611111111111 0.04375 0.13194444444444445
0 0.7234375 0.4097222222222222 0.0265625 0.10277777777777777
0 0.346484375 0.5451388888888888 0.03203125 0.14305555555555555
0 0.290625 0.5236111111111111 0.0296875 0.1361111111111111
0 0.30703125 0.39444444444444443 0.0234375 0.1
0 0.223046875 0.7673611111111112 0.04453125 0.16805555555555557
0 0.6359375 0.3402777777777778 0.01875 0.09444444444444444
0 0.512890625 0.47638888888888886 0.03203125 0.11944444444444445
0 0.6828125 0.4409722222222222 0.04375 0.10972222222222222
0 0.67578125 0.3541666666666667 0.0265625 0.08055555555555556
0 0.32421875 0.28125 0.0171875 0.0763888888888889
0 0.503125 0.3138888888888889 0.0234375 0.08055555555555556
0 0.294140625 0.7131944444444445 0.03671875 0.16805555555555557
0 0.591015625 0.3104166666666667 0.01640625 0.07361111111111111
0 0.013671875 0.3784722222222222 0.02734375 0.09305555555555556
0 0.758984375 0.38055555555555554 0.02578125 0.09166666666666666
0 0.613671875 0.9472222222222222 0.05390625 0.09722222222222222
0 0.95625 0.6861111111111111 0.0625 0.14444444444444443
0 0.355078125 0.25277777777777777 0.01796875 0.06388888888888888
0 0.370703125 0.25625 0.01796875 0.0625
0 0.55625 0.2847222222222222 0.0171875 0.06666666666666667
0 0.607421875 0.2548611111111111 0.01953125 0.059722222222222225
0 0.814453125 0.4340277777777778 0.03515625 0.08472222222222223
1 0.5671875 0.3680555555555556 0.05 0.10277777777777777
1 0.637109375 0.5756944444444444 0.08203125 0.18194444444444444
1 0.083203125 0.5090277777777777 0.12109375 0.10972222222222222
1 0.438671875 0.6201388888888889 0.08359375 0.2513888888888889
1 0.443359375 0.2520833333333333 0.03203125 0.07083333333333333
1 0.41640625 0.20972222222222223 0.028125 0.058333333333333334
3 0.426953125 0.39444444444444443 0.07109375 0.19166666666666668
3 0.46171875 0.1875 0.0265625 0.08055555555555556
0 0.20390625 0.6625 0.028125 0.1111111111111111
