0 0.52421875 0.5673611111111111 0.05625 0.22916666666666666
0 0.384765625 0.34097222222222223 0.03828125 0.1486111111111111
0 0.455078125 0.28680555555555554 0.03203125 0.12083333333333333
0 0.513671875 0.2222222222222222 0.04296875 0.07777777777777778
0 0.55625 0.2263888888888889 0.0234375 0.075
0 0.271484375 0.10972222222222222 0.03203125 0.08055555555555556
0 0.36875 0.2798611111111111 0.046875 0.11527777777777778
0 0.4125 0.2659722222222222 0.034375 0.13194444444444445
0 0.582421875 0.20347222222222222 0.01640625 0.07361111111111111
0 0.60859375 0.20902777777777778 0.015625 0.06527777777777778
0 0.655859375 0.2423611111111111 0.01796875 0.06805555555555555
0 0.68046875 0.24166666666666667 0.01875 0.07222222222222222
