0 0.490234375 0.2701388888888889 0.04296875 0.11527777777777778
0 0.61953125 0.2590277777777778 0.0234375 0.08194444444444444
0 0.683984375 0.3458333333333333 0.03359375 0.1
0 0.35234375 0.5263888888888889 0.078125 0.21666666666666667
0 0.4421875 0.5666666666666667 0.0609375 0.2361111111111111
0 0.318359375 0.8118055555555556 0.11328125 0.3236111111111111
1 0.596484375 0.43680555555555556 0.10546875 0.22916666666666666
0 0.638671875 0.22430555555555556 0.02421875 0.0625
0 0.658203125 0.19444444444444445 0.01953125 0.06388888888888888
0 0.68984375 0.2298611111111111 0.03125 0.07361111111111111
