0 0.121484375 0.47430555555555554 0.09921875 0.2152777777777778
0 0.465234375 0.75625 0.09921875 0.29583333333333334
0 0.594140625 0.4305555555555556 0.04765625 0.15555555555555556
0 0.6109375 0.3104166666666667 0.0328125 0.10138888888888889
0 0.6875 0.3236111111111111 0.0515625 0.09444444444444444
0 0.660546875 0.28541666666666665 0.03046875 0.08472222222222223
0 0.4859375 0.2361111111111111 0.0296875 0.09166666666666666
0 0.33828125 0.33958333333333335 0.046875 0.1486111111111111
2 0.533203125 0.24375 0.10390625 0.1763888888888889
0 0.625390625 0.25416666666666665 0.02421875 0.075
0 0.6515625 0.25763888888888886 0.021875 0.07361111111111111
0 0.58359375 0.1840277777777778 0.015625 0.05416666666666667
0 0.591796875 0.17777777777777778 0.01328125 0.06111111111111111
0 0.605859375 0.18125 0.01796875 0.05416666666666667
1 0.638671875 0.17708333333333334 0.03984375 0.06527777777777778
3 0.6640625 0.225 0.0375 0.08055555555555556
