0 0.878125 0.8965277777777778 0.05 0.18472222222222223
0 0.86953125 0.6715277777777777 0.046875 0.13472222222222222
0 0.072265625 0.5215277777777778 0.03515625 0.12361111111111112
0 0.252734375 0.7173611111111111 0.03828125 0.18472222222222223
0 0.35390625 0.4618055555555556 0.0234375 0.12083333333333333
0 0.473046875 0.2569444444444444 0.01640625 0.06388888888888888
0 0.43046875 0.33611111111111114 0.0203125 0.09444444444444444
0 0.319921875 0.49166666666666664 0.02421875 0.13333333333333333
0 0.29375 0.4673611111111111 0.0234375 0.11527777777777778
0 0.08203125 0.3659722222222222 0.0515625 0.07916666666666666
0 0.7390625 0.8666666666666667 0.0828125 0.17777777777777778
0 0.3921875 0.24097222222222223 0.0140625 0.07083333333333333
0 0.65703125 0.4465277777777778 0.0265625 0.1125
0 0.630859375 0.3104166666666667 0.01796875 0.08472222222222223
0 0.899609375 0.6027777777777777 0.03046875 0.1111111111111111
0 0.3046875 0.3854166666666667 0.025 0.09027777777777778
0 0.3453125 0.38125 0.015625 0.0875
0 0.578515625 0.26944444444444443 0.01640625 0.07222222222222222
0 0.6453125 0.38125 0.028125 0.09583333333333334
0 0.84609375 0.5895833333333333 0.0390625 0.1125
0 0.416015625 0.21319444444444444 0.01171875 0.05694444444444444
0 0.66875 0.3236111111111111 0.0265625 0.08333333333333333
0 0.5640625 0.22777777777777777 0.01875 0.06388888888888888
0 0.009375 0.3388888888888889 0.0171875 0.08888888888888889
0 0.60234375 0.21666666666666667 0.0171875 0.06111111111111111
1 0.151953125 0.46597222222222223 0.13515625 0.11805555555555555
1 0.604296875 0.9034722222222222 0.21484375 0.19305555555555556
1 0.461328125 0.4888888888888889 0.06484375 0.14166666666666666
1 0.5765625 0.3784722222222222 0.0609375 0.12916666666666668
1 0.4625 0.1736111111111111 0.025 0.06111111111111111
3 0.74765625 0.5701388888888889 0.15625 0.25972222222222224
