0 0.73359375 0.5215277777777778 0.04375 0.14583333333333334
0 0.23046875 0.5194444444444445 0.046875 0.16111111111111112
0 0.103515625 0.32569444444444445 0.02109375 0.0875
0 0.146484375 0.3798611111111111 0.02734375 0.09583333333333334
0 0.15703125 0.46458333333333335 0.0375 0.14027777777777778
0 0.192578125 0.42986111111111114 0.03671875 0.12083333333333333
0 0.274609375 0.24930555555555556 0.04140625 0.0763888888888889
0 0.4796875 0.2604166666666667 0.0390625 0.0625
3 0.36640625 0.23402777777777778 0.1109375 0.10972222222222222
1 0.171875 0.3215277777777778 0.059375 0.09305555555555556
1 0.24453125 0.41388888888888886 0.0890625 0.13055555555555556
1 0.4265625 0.3840277777777778 0.103125 0.11805555555555555
