1 0.24609375 0.31180555555555556 0.059375 0.08472222222222223
1 0.26484375 0.4013888888888889 0.0921875 0.13055555555555556
1 0.5140625 0.36875 0.1328125 0.10138888888888889
3 0.217578125 0.21944444444444444 0.07265625 0.09722222222222222
0 0.085546875 0.26180555555555557 0.01484375 0.0625
0 0.120703125 0.2777777777777778 0.01796875 0.06944444444444445
0 0.188671875 0.49375 0.03359375 0.15694444444444444
0 0.320703125 0.24722222222222223 0.03359375 0.05555555555555555
0 0.37578125 0.5229166666666667 0.05 0.14305555555555555
0 0.302734375 0.7354166666666667 0.06953125 0.22361111111111112
0 0.45546875 0.3888888888888889 0.0609375 0.10277777777777777
0 0.671484375 0.5305555555555556 0.04765625 0.1527777777777778
0 0.66328125 0.4576388888888889 0.040625 0.11527777777777778
0 0.519140625 0.7305555555555555 0.08203125 0.16111111111111112
0 0.7703125 0.5854166666666667 0.0578125 0.18194444444444444
