0 0.619921875 0.9034722222222222 0.09140625 0.19305555555555556
0 0.3359375 0.5645833333333333 0.059375 0.14583333333333334
0 0.790234375 0.6284722222222222 0.03046875 0.13472222222222222
0 0.797265625 0.5208333333333334 0.02265625 0.08611111111111111
0 0.820703125 0.5881944444444445 0.02734375 0.11527777777777778
0 0.838671875 0.51875 0.01953125 0.07083333333333333
0 0.051953125 0.6819444444444445 0.09140625 0.18888888888888888
0 0.816796875 0.47638888888888886 0.01640625 0.06388888888888888
1 0.62109375 0.6416666666666667 0.15625 0.18888888888888888
1 0.19375 0.7569444444444444 0.35 0.375
3 0.7046875 0.4618055555555556 0.1328125 0.2263888888888889
3 0.499609375 0.5013888888888889 0.24765625 0.3277777777777778
0 0.37578125 0.48055555555555557 0.0375 0.11666666666666667
0 0.628125 0.49930555555555556 0.0234375 0.10972222222222222
0 0.93359375 0.8916666666666667 0.078125 0.1111111111111111
0 0.91484375 0.8236111111111111 0.053125 0.10833333333333334
0 0.9078125 0.5423611111111111 0.028125 0.08472222222222223
1 0.78828125 0.44583333333333336 0.025 0.06388888888888888
