0 0.497265625 0.2534722222222222 0.03046875 0.09583333333333334
0 0.53671875 0.25972222222222224 0.0296875 0.09722222222222222
0 0.583984375 0.21319444444444444 0.02734375 0.07083333333333333
0 0.65234375 0.26875 0.025 0.07916666666666666
0 0.68125 0.24097222222222223 0.0171875 0.06527777777777778
0 0.598046875 0.5180555555555556 0.05234375 0.17222222222222222
0 0.041796875 0.6625 0.08359375 0.26944444444444443
0 0.609765625 0.17916666666666667 0.01484375 0.058333333333333334
0 0.5953125 0.1763888888888889 0.0203125 0.04722222222222222
0 0.646484375 0.1875 0.01640625 0.05277777777777778
