0 0.921484375 0.6041666666666666 0.02578125 0.075
0 0.75625 0.5652777777777778 0.021875 0.08611111111111111
0 0.694921875 0.5569444444444445 0.03203125 0.08333333333333333
0 0.579296875 0.5229166666666667 0.02109375 0.07083333333333333
0 0.535546875 0.5048611111111111 0.02421875 0.07916666666666666
0 0.519921875 0.6333333333333333 0.03359375 0.10833333333333334
0 0.641796875 0.7222222222222222 0.04140625 0.14166666666666666
0 0.8078125 0.8361111111111111 0.0390625 0.175
0 0.598046875 0.7972222222222223 0.03984375 0.16666666666666666
0 0.56328125 0.9395833333333333 0.0546875 0.12083333333333333
0 0.384375 0.9347222222222222 0.06875 0.13055555555555556
1 0.6234375 0.5805555555555556 0.0734375 0.10833333333333334
