0 0.559765625 0.24722222222222223 0.03046875 0.08888888888888889
0 0.66875 0.21875 0.0171875 0.05694444444444444
0 0.6703125 0.2923611111111111 0.025 0.08194444444444444
0 0.6359375 0.33541666666666664 0.0359375 0.10972222222222222
0 0.576953125 0.33958333333333335 0.03984375 0.12083333333333333
0 0.564453125 0.43125 0.04140625 0.15694444444444444
0 0.652734375 0.4527777777777778 0.04609375 0.14444444444444443
0 0.682421875 0.47708333333333336 0.04609375 0.1597222222222222
0 0.489453125 0.4930555555555556 0.06640625 0.19166666666666668
0 0.3984375 0.36527777777777776 0.05 0.16111111111111112
0 0.3359375 0.2569444444444444 0.0390625 0.12222222222222222
0 0.330859375 0.36736111111111114 0.05546875 0.1486111111111111
0 0.31484375 0.48333333333333334 0.071875 0.23333333333333334
0 0.646484375 0.175 0.01484375 0.04722222222222222
