0 0.710546875 0.5854166666666667 0.03515625 0.12638888888888888
0 0.777734375 0.5708333333333333 0.02578125 0.1111111111111111
0 0.482421875 0.5333333333333333 0.04453125 0.11944444444444445
0 0.353515625 0.5777777777777777 0.06953125 0.125
0 0.243359375 0.7270833333333333 0.08515625 0.19305555555555556
0 0.523828125 0.4777777777777778 0.02890625 0.09166666666666666
0 0.624609375 0.4395833333333333 0.02578125 0.08194444444444444
0 0.657421875 0.4388888888888889 0.02421875 0.07777777777777778
0 0.682421875 0.44027777777777777 0.01640625 0.07777777777777778
3 0.783984375 0.4173611111111111 0.05234375 0.10972222222222222
0 0.821484375 0.5215277777777778 0.02265625 0.09861111111111111
0 0.8296875 0.46805555555555556 0.015625 0.06666666666666667
0 0.70703125 0.40208333333333335 0.0265625 0.06805555555555555
