0 0.433203125 0.8465277777777778 0.04765625 0.23472222222222222
0 0.43984375 0.6590277777777778 0.0296875 0.1486111111111111
0 0.319921875 0.6381944444444444 0.02734375 0.10138888888888889
0 0.3640625 0.54375 0.0171875 0.06805555555555555
0 0.598828125 0.8791666666666667 0.03828125 0.22777777777777777
0 0.258984375 0.8666666666666667 0.03046875 0.14166666666666666
0 0.516015625 0.48819444444444443 0.01328125 0.06805555555555555
0 0.451953125 0.49583333333333335 0.01328125 0.06944444444444445
0 0.471484375 0.42777777777777776 0.01328125 0.05277777777777778
0 0.466015625 0.3840277777777778 0.01015625 0.034722222222222224
0 0.5296875 0.4638888888888889 0.0125 0.058333333333333334
