0 0.381640625 0.89375 0.06015625 0.2125
0 0.452734375 0.5409722222222222 0.02109375 0.09861111111111111
0 0.2609375 0.8631944444444445 0.0328125 0.14583333333333334
0 0.4421875 0.4465277777777778 0.015625 0.06527777777777778
0 0.3640625 0.5430555555555555 0.021875 0.07777777777777778
0 0.319921875 0.64375 0.02734375 0.09583333333333334
0 0.4984375 0.49027777777777776 0.0203125 0.075
0 0.52578125 0.49375 0.0203125 0.06805555555555555
0 0.487890625 0.4222222222222222 0.01484375 0.04722222222222222
0 0.458203125 0.4409722222222222 0.01484375 0.059722222222222225
