0 0.431640625 0.7701388888888889 0.08515625 0.24027777777777778
0 0.569140625 0.5270833333333333 0.04921875 0.13194444444444445
0 0.171484375 0.8034722222222223 0.11796875 0.25972222222222224
0 0.340234375 0.5729166666666666 0.07109375 0.15694444444444444
0 0.63671875 0.43194444444444446 0.028125 0.08333333333333333
0 0.73671875 0.6993055555555555 0.0453125 0.1486111111111111
0 0.4796875 0.5423611111111111 0.05 0.14027777777777778
0 0.83984375 0.5236111111111111 0.021875 0.08055555555555556
0 0.69765625 0.41597222222222224 0.0296875 0.07361111111111111
0 0.778515625 0.5159722222222223 0.05390625 0.10694444444444444
0 0.683984375 0.65625 0.04140625 0.14583333333333334
0 0.71484375 0.39861111111111114 0.015625 0.05555555555555555
0 0.77578125 0.5979166666666667 0.034375 0.12638888888888888
0 0.672265625 0.55 0.03046875 0.1111111111111111
0 0.7265625 0.5472222222222223 0.025 0.1
0 0.833203125 0.8826388888888889 0.10703125 0.1986111111111111
0 0.85625 0.46597222222222223 0.0140625 0.05694444444444444
0 0.818359375 0.4951388888888889 0.01796875 0.0763888888888889
0 0.753125 0.38472222222222224 0.015625 0.05
0 0.7703125 0.4548611111111111 0.01875 0.06805555555555555
0 0.79609375 0.4826388888888889 0.01875 0.07361111111111111
0 0.898828125 0.6013888888888889 0.03671875 0.11666666666666667
