0 0.68046875 0.5208333333333334 0.0421875 0.11944444444444445
0 0.79453125 0.43819444444444444 0.0359375 0.09861111111111111
0 0.85703125 0.3347222222222222 0.034375 0.08333333333333333
0 0.9390625 0.3402777777777778 0.0375 0.08611111111111111
0 0.42578125 0.3645833333333333 0.0265625 0.07916666666666666
0 0.193359375 0.48333333333333334 0.02890625 0.08333333333333333
0 0.10703125 0.6173611111111111 0.040625 0.11805555555555555
0 0.569921875 0.27708333333333335 0.01640625 0.0625
0 0.5953125 0.2569444444444444 0.015625 0.058333333333333334
3 0.596875 0.8097222222222222 0.15 0.3333333333333333
