0 0.2140625 0.7840277777777778 0.04375 0.20694444444444443
0 0.259765625 0.4777777777777778 0.02578125 0.12222222222222222
0 0.12890625 0.7722222222222223 0.0515625 0.2
0 0.391796875 0.3680555555555556 0.01953125 0.09444444444444444
0 0.087109375 0.7416666666666667 0.04921875 0.19444444444444445
0 0.36875 0.6576388888888889 0.034375 0.16805555555555557
0 0.78203125 0.7680555555555556 0.0546875 0.15833333333333333
0 0.49296875 0.6868055555555556 0.034375 0.16805555555555557
0 0.737890625 0.4083333333333333 0.03203125 0.09444444444444444
0 0.682421875 0.4486111111111111 0.02265625 0.10833333333333334
0 0.305859375 0.6875 0.03671875 0.18055555555555555
0 0.331640625 0.5930555555555556 0.02734375 0.14722222222222223
0 0.340625 0.49166666666666664 0.0234375 0.11666666666666667
0 0.190625 0.3770833333333333 0.0484375 0.08472222222222223
0 0.3234375 0.9368055555555556 0.059375 0.12638888888888888
0 0.421484375 0.4270833333333333 0.02578125 0.1125
0 0.3609375 0.3638888888888889 0.01875 0.09166666666666666
0 0.421875 0.5840277777777778 0.053125 0.12916666666666668
0 0.576171875 0.3159722222222222 0.01953125 0.08194444444444444
0 0.653125 0.39305555555555555 0.0171875 0.09722222222222222
0 0.29140625 0.3375 0.0265625 0.08055555555555556
0 0.3125 0.47847222222222224 0.028125 0.12083333333333333
0 0.28203125 0.6298611111111111 0.0375 0.15694444444444444
0 0.807421875 0.6152777777777778 0.03203125 0.13333333333333333
0 0.4234375 0.9340277777777778 0.0421875 0.13194444444444445
0 0.587890625 0.38472222222222224 0.02265625 0.08333333333333333
0 0.985546875 0.8791666666666667 0.02265625 0.14722222222222223
0 0.6265625 0.3263888888888889 0.0203125 0.075
0 0.978515625 0.7694444444444445 0.03359375 0.14444444444444443
0 0.31015625 0.3958333333333333 0.0234375 0.08611111111111111
0 0.612109375 0.4097222222222222 0.03359375 0.08888888888888889
0 0.626953125 0.43472222222222223 0.03046875 0.09166666666666666
0 0.080078125 0.3638888888888889 0.05078125 0.06944444444444445
0 0.323046875 0.3111111111111111 0.02265625 0.08055555555555556
0 0.337109375 0.4236111111111111 0.02265625 0.09166666666666666
0 0.587109375 0.25555555555555554 0.01796875 0.06111111111111111
0 0.77578125 0.5034722222222222 0.03125 0.10416666666666667
0 0.333203125 0.33819444444444446 0.01953125 0.08472222222222223
0 0.775390625 0.46597222222222223 0.03359375 0.09027777777777778
0 0.20859375 0.6854166666666667 0.0421875 0.15138888888888888
0 0.010546875 0.3375 0.01640625 0.08611111111111111
0 0.37890625 0.32569444444444445 0.0171875 0.08194444444444444
1 0.675 0.8131944444444444 0.1203125 0.23194444444444445
1 0.58359375 0.4798611111111111 0.0671875 0.12361111111111112
1 0.5484375 0.2520833333333333 0.0375 0.06527777777777778
1 0.466796875 0.3055555555555556 0.05703125 0.10555555555555556
1 0.736328125 0.6020833333333333 0.11171875 0.19305555555555556
1 0.535546875 0.15416666666666667 0.02890625 0.06666666666666667
