0 0.530078125 0.5138888888888888 0.01953125 0.05555555555555555
0 0.530859375 0.5909722222222222 0.02890625 0.09583333333333334
0 0.56171875 0.5680555555555555 0.015625 0.07777777777777778
0 0.563671875 0.5166666666666667 0.01484375 0.03611111111111111
0 0.589453125 0.5222222222222223 0.01328125 0.06388888888888888
0 0.82734375 0.6888888888888889 0.021875 0.09444444444444444
0 0.8171875 0.7972222222222223 0.0359375 0.14444444444444443
0 0.747265625 0.8645833333333334 0.04296875 0.1763888888888889
0 0.161328125 0.8597222222222223 0.06484375 0.14444444444444443
0 0.91875 0.6208333333333333 0.0234375 0.09166666666666666
1 0.65703125 0.5979166666666667 0.0671875 0.10972222222222222
1 0.3609375 0.7680555555555556 0.178125 0.21388888888888888
