0 0.378125 0.6555555555555556 0.0734375 0.15833333333333333
0 0.459765625 0.5666666666666667 0.05390625 0.1388888888888889
0 0.615625 0.4777777777777778 0.0328125 0.1
0 0.651171875 0.4125 0.02265625 0.07777777777777778
0 0.698828125 0.41388888888888886 0.01640625 0.06666666666666667
0 0.703515625 0.5527777777777778 0.02265625 0.11666666666666667
0 0.18203125 0.6965277777777777 0.0921875 0.14583333333333334
0 0.7734375 0.6243055555555556 0.0328125 0.13194444444444445
0 0.7828125 0.5416666666666666 0.025 0.08055555555555556
0 0.805078125 0.5055555555555555 0.01484375 0.08055555555555556
0 0.7734375 0.475 0.01875 0.07777777777777778
0 0.8 0.45416666666666666 0.0140625 0.058333333333333334
0 0.8421875 0.45694444444444443 0.0140625 0.05555555555555555
0 0.30625 0.5131944444444444 0.05625 0.10972222222222222
