0 0.544921875 0.70625 0.03828125 0.1597222222222222
0 0.4828125 0.9354166666666667 0.059375 0.12916666666666668
0 0.41171875 0.7944444444444444 0.0515625 0.21944444444444444
0 0.35546875 0.8861111111111111 0.059375 0.22777777777777777
0 0.26015625 0.8673611111111111 0.0359375 0.15416666666666667
0 0.322265625 0.6409722222222223 0.03203125 0.10138888888888889
0 0.36328125 0.5527777777777778 0.0234375 0.08611111111111111
0 0.449609375 0.3993055555555556 0.01171875 0.04027777777777778
0 0.474609375 0.39652777777777776 0.01171875 0.04861111111111111
0 0.463671875 0.3840277777777778 0.01015625 0.034722222222222224
0 0.596875 0.5430555555555555 0.0203125 0.08611111111111111
0 0.574609375 0.5486111111111112 0.01796875 0.06666666666666667
