0 0.840625 0.4791666666666667 0.0203125 0.07777777777777778
0 0.816796875 0.5729166666666666 0.02890625 0.10694444444444444
0 0.767578125 0.5597222222222222 0.02578125 0.10277777777777777
0 0.74609375 0.6881944444444444 0.040625 0.15138888888888888
0 0.79453125 0.5326388888888889 0.0234375 0.09027777777777778
0 0.73125 0.5298611111111111 0.028125 0.10694444444444444
0 0.230078125 0.5770833333333333 0.06171875 0.14027777777777778
0 0.799609375 0.4354166666666667 0.01640625 0.04861111111111111
0 0.630078125 0.4097222222222222 0.01953125 0.06388888888888888
1 0.77421875 0.46319444444444446 0.05 0.07916666666666666
3 0.825 0.37222222222222223 0.0453125 0.08611111111111111
1 0.811328125 0.41875 0.02421875 0.04861111111111111
