0 0.419921875 0.7118055555555556 0.04296875 0.1875
0 0.55234375 0.6159722222222223 0.0265625 0.13472222222222222
0 0.5390625 0.525 0.0265625 0.08611111111111111
0 0.525390625 0.4791666666666667 0.01953125 0.06666666666666667
0 0.476171875 0.45069444444444445 0.01953125 0.06527777777777778
1 0.4359375 0.4354166666666667 0.04375 0.06527777777777778
0 0.260546875 0.8666666666666667 0.03828125 0.125
0 0.36328125 0.5541666666666667 0.021875 0.07222222222222222
0 0.578515625 0.5555555555555556 0.02265625 0.07222222222222222
0 0.598046875 0.5590277777777778 0.01796875 0.07361111111111111
