0 0.2625 0.8736111111111111 0.0515625 0.15555555555555556
0 0.2140625 0.9027777777777778 0.046875 0.18333333333333332
0 0.480078125 0.6645833333333333 0.02734375 0.16527777777777777
0 0.321484375 0.64375 0.03203125 0.10416666666666667
0 0.362890625 0.54375 0.02265625 0.08194444444444444
0 0.380859375 0.5222222222222223 0.02265625 0.09166666666666666
0 0.422265625 0.51875 0.02265625 0.09861111111111111
0 0.45859375 0.4951388888888889 0.015625 0.08472222222222223
0 0.447265625 0.47847222222222224 0.01171875 0.0763888888888889
0 0.5171875 0.5125 0.0171875 0.07777777777777778
0 0.526171875 0.48125 0.01796875 0.0625
