0 0.294140625 0.23333333333333334 0.06328125 0.11666666666666667
0 0.28359375 0.9076388888888889 0.10625 0.18472222222222223
0 0.63359375 0.30972222222222223 0.0265625 0.09444444444444444
0 0.65234375 0.45 0.04375 0.14722222222222223
0 0.680859375 0.4798611111111111 0.04140625 0.15138888888888888
0 0.680859375 0.2625 0.02109375 0.06666666666666667
0 0.609765625 0.2 0.01953125 0.06388888888888888
0 0.478515625 0.1597222222222222 0.03671875 0.06666666666666667
0 0.633984375 0.19652777777777777 0.01640625 0.05138888888888889
0 0.639453125 0.23680555555555555 0.01796875 0.05694444444444444
0 0.639453125 0.175 0.01328125 0.044444444444444446
