0 0.085546875 0.2604166666666667 0.01953125 0.0625
0 0.278125 0.24861111111111112 0.025 0.06111111111111111
0 0.293359375 0.24097222222222223 0.02421875 0.05694444444444444
0 0.389453125 0.2548611111111111 0.03515625 0.06527777777777778
0 0.5046875 0.3625 0.053125 0.09444444444444444
0 0.57890625 0.3798611111111111 0.05625 0.09861111111111111
0 0.6734375 0.3972222222222222 0.05 0.08888888888888889
0 0.32578125 0.7722222222222223 0.071875 0.2361111111111111
0 0.86328125 0.8618055555555556 0.0828125 0.2263888888888889
1 0.121875 0.26666666666666666 0.0296875 0.06111111111111111
1 0.25390625 0.32708333333333334 0.075 0.11805555555555555
1 0.47734375 0.5305555555555556 0.1859375 0.25
