0 0.917578125 0.6125 0.02734375 0.09166666666666666
0 0.778125 0.5875 0.0328125 0.10277777777777777
0 0.675 0.6284722222222222 0.0390625 0.10138888888888889
0 0.73359375 0.6041666666666666 0.0296875 0.07222222222222222
0 0.88046875 0.5895833333333333 0.0234375 0.07361111111111111
0 0.735546875 0.7409722222222223 0.04765625 0.12916666666666668
0 0.64609375 0.8381944444444445 0.0515625 0.1736111111111111
0 0.712890625 0.9277777777777778 0.04765625 0.14444444444444443
1 0.577734375 0.6458333333333334 0.09140625 0.1361111111111111
1 0.516796875 0.5215277777777778 0.06640625 0.08194444444444444
1 0.60078125 0.5152777777777777 0.046875 0.058333333333333334
1 0.18125 0.9263888888888889 0.2203125 0.14722222222222223
1 0.3828125 0.9743055555555555 0.1734375 0.05138888888888889
