1 0.51015625 0.8409722222222222 0.1703125 0.31805555555555554
1 0.4828125 0.6215277777777778 0.0765625 0.13194444444444445
0 0.40859375 0.6083333333333333 0.025 0.125
0 0.320703125 0.6409722222222223 0.02890625 0.10138888888888889
0 0.36328125 0.5458333333333333 0.0203125 0.06944444444444445
0 0.25859375 0.8548611111111111 0.034375 0.11527777777777778
0 0.573828125 0.5465277777777777 0.02265625 0.07361111111111111
0 0.598828125 0.5534722222222223 0.01796875 0.06527777777777778
0 0.546875 0.49930555555555556 0.0234375 0.0763888888888889
0 0.5109375 0.49930555555555556 0.025 0.07916666666666666
1 0.43359375 0.4513888888888889 0.0390625 0.07777777777777778
0 0.467578125 0.4444444444444444 0.01640625 0.06111111111111111
0 0.4984375 0.4354166666666667 0.0140625 0.04861111111111111
0 0.438671875 0.5333333333333333 0.02109375 0.08611111111111111
0 0.4078125 0.5166666666666667 0.015625 0.07222222222222222
