0 0.36796875 0.30069444444444443 0.0453125 0.12916666666666668
0 0.41171875 0.33402777777777776 0.053125 0.1375
0 0.484375 0.2625 0.0421875 0.10833333333333334
0 0.48046875 0.16111111111111112 0.0390625 0.07777777777777778
0 0.5671875 0.21458333333333332 0.025 0.07361111111111111
0 0.54296875 0.28541666666666665 0.03125 0.10416666666666667
0 0.594140625 0.3902777777777778 0.05546875 0.14444444444444443
0 0.4359375 0.7201388888888889 0.0984375 0.2875
0 0.225390625 0.8770833333333333 0.12578125 0.24583333333333332
0 0.635546875 0.2833333333333333 0.02734375 0.08888888888888889
0 0.66328125 0.30486111111111114 0.0296875 0.10416666666666667
0 0.653125 0.45416666666666666 0.0453125 0.15833333333333333
0 0.679296875 0.4847222222222222 0.05078125 0.15833333333333333
1 0.607421875 0.19930555555555557 0.04609375 0.0625
0 0.49453125 0.22569444444444445 0.0265625 0.07361111111111111
0 0.665625 0.26805555555555555 0.021875 0.075
