0 0.394921875 0.2951388888888889 0.05078125 0.14027777777777778
0 0.29921875 0.41944444444444445 0.0734375 0.18888888888888888
0 0.516015625 0.4701388888888889 0.05703125 0.18194444444444444
0 0.59609375 0.43194444444444446 0.053125 0.15833333333333333
0 0.65078125 0.45694444444444443 0.0453125 0.14166666666666666
0 0.6828125 0.47847222222222224 0.0390625 0.1597222222222222
0 0.653515625 0.28402777777777777 0.02578125 0.07916666666666666
0 0.5796875 0.19722222222222222 0.0203125 0.06111111111111111
0 0.68046875 0.23541666666666666 0.0203125 0.06805555555555555
0 0.641796875 0.21597222222222223 0.01953125 0.0625
0 0.40625 0.5263888888888889 0.0578125 0.23333333333333334
0 0.620703125 0.18125 0.01640625 0.05138888888888889
