0 0.643359375 0.5465277777777777 0.06328125 0.12361111111111112
0 0.729296875 0.5902777777777778 0.06171875 0.125
0 0.1359375 0.6583333333333333 0.0875 0.14166666666666666
0 0.43359375 0.4222222222222222 0.05625 0.09166666666666666
0 0.481640625 0.5465277777777777 0.06484375 0.11805555555555555
0 0.306640625 0.3013888888888889 0.01953125 0.08333333333333333
0 0.275 0.6729166666666667 0.0921875 0.14027777777777778
0 0.564453125 0.35 0.02734375 0.08888888888888889
0 0.2921875 0.43680555555555556 0.065625 0.09027777777777778
0 0.487109375 0.35694444444444445 0.03046875 0.08611111111111111
0 0.315625 0.6173611111111111 0.078125 0.13194444444444445
0 0.93984375 0.6826388888888889 0.0515625 0.15694444444444444
0 0.529296875 0.3229166666666667 0.01953125 0.08194444444444444
0 0.797265625 0.55 0.06328125 0.11666666666666667
0 0.533984375 0.6194444444444445 0.08203125 0.13333333333333333
0 0.08125 0.5618055555555556 0.08125 0.12083333333333333
0 0.45390625 0.3506944444444444 0.0390625 0.07361111111111111
0 0.788671875 0.4548611111111111 0.05859375 0.08472222222222223
0 0.758203125 0.3798611111111111 0.02890625 0.0875
0 0.606640625 0.2534722222222222 0.01796875 0.06527777777777778
0 0.574609375 0.28055555555555556 0.01796875 0.06666666666666667
0 0.338671875 0.2826388888888889 0.01796875 0.05694444444444444
0 0.0875 0.4222222222222222 0.0546875 0.08611111111111111
0 0.31484375 0.4201388888888889 0.0578125 0.08472222222222223
0 0.010546875 0.33819444444444446 0.01953125 0.08472222222222223
0 0.565234375 0.5895833333333333 0.05390625 0.11805555555555555
1 0.066796875 0.49166666666666664 0.13359375 0.11388888888888889
1 0.39765625 0.2590277777777778 0.0375 0.06527777777777778
1 0.44140625 0.27152777777777776 0.040625 0.0763888888888889
1 0.426171875 0.15694444444444444 0.02265625 0.04722222222222222
3 0.462109375 0.225 0.03046875 0.09166666666666666
