0 0.105078125 0.7541666666666667 0.04765625 0.19166666666666668
0 0.183984375 0.7729166666666667 0.05078125 0.1986111111111111
0 0.346484375 0.5604166666666667 0.05703125 0.12361111111111112
0 0.369921875 0.36666666666666664 0.01953125 0.09166666666666666
0 0.5109375 0.475 0.0296875 0.125
0 0.315234375 0.3277777777777778 0.01953125 0.08611111111111111
0 0.4171875 0.22916666666666666 0.0140625 0.06666666666666667
0 0.29921875 0.47847222222222224 0.053125 0.09861111111111111
0 0.26796875 0.4201388888888889 0.0515625 0.09305555555555556
0 0.519921875 0.3111111111111111 0.03515625 0.075
0 0.63984375 0.3472222222222222 0.0171875 0.07777777777777778
0 0.27421875 0.5618055555555556 0.040625 0.12916666666666668
0 0.597265625 0.24375 0.01484375 0.06527777777777778
0 0.38671875 0.22708333333333333 0.0125 0.0625
0 0.433203125 0.4048611111111111 0.02265625 0.10416666666666667
0 0.38515625 0.5326388888888889 0.046875 0.14583333333333334
0 0.0875 0.3659722222222222 0.05625 0.08194444444444444
0 0.41484375 0.33541666666666664 0.021875 0.09027777777777778
0 0.1875 0.5236111111111111 0.0328125 0.13333333333333333
0 0.344921875 0.34305555555555556 0.02109375 0.08888888888888889
0 0.626171875 0.2465277777777778 0.01796875 0.07083333333333333
0 0.3515625 0.26944444444444443 0.0171875 0.06666666666666667
0 0.355078125 0.4722222222222222 0.03203125 0.075
0 0.55234375 0.26805555555555555 0.015625 0.06944444444444445
0 0.010546875 0.33819444444444446 0.01796875 0.08194444444444444
1 0.615625 0.8319444444444445 0.2171875 0.26666666666666666
1 0.791015625 0.6305555555555555 0.14453125 0.18333333333333332
1 0.8765625 0.9430555555555555 0.171875 0.1111111111111111
1 0.535546875 0.17152777777777778 0.02578125 0.04861111111111111
1 0.572265625 0.2388888888888889 0.03046875 0.06666666666666667
0 0.6515625 0.3125 0.0140625 0.058333333333333334
0 0.34921875 0.4409722222222222 0.05 0.06805555555555555
