0 0.54375 0.43680555555555556 0.0671875 0.1125
0 0.370703125 0.3597222222222222 0.05078125 0.10833333333333334
0 0.2 0.4708333333333333 0.0390625 0.14722222222222223
0 0.25546875 0.44583333333333336 0.034375 0.13333333333333333
0 0.194140625 0.38263888888888886 0.03515625 0.10694444444444444
0 0.126171875 0.3090277777777778 0.01953125 0.08194444444444444
0 0.109765625 0.2534722222222222 0.01640625 0.06805555555555555
0 0.276953125 0.2375 0.03046875 0.06388888888888888
0 0.373046875 0.24375 0.03515625 0.059722222222222225
1 0.158203125 0.2423611111111111 0.03984375 0.06527777777777778
1 0.4484375 0.5597222222222222 0.1625 0.2
1 0.73359375 0.6333333333333333 0.2125 0.26944444444444443
