0 0.613671875 0.8159722222222222 0.08046875 0.22361111111111112
0 0.7671875 0.4465277777777778 0.0203125 0.07361111111111111
0 0.674609375 0.41041666666666665 0.02109375 0.0625
0 0.078515625 0.6597222222222222 0.08828125 0.2
0 0.659765625 0.6402777777777777 0.04296875 0.16111111111111112
0 0.1328125 0.7986111111111112 0.1171875 0.25
0 0.35 0.8055555555555556 0.109375 0.24722222222222223
0 0.61875 0.49236111111111114 0.034375 0.10138888888888889
0 0.45625 0.5527777777777778 0.0640625 0.14444444444444443
0 0.714453125 0.41875 0.01953125 0.06805555555555555
0 0.798828125 0.4534722222222222 0.01796875 0.06805555555555555
0 0.733984375 0.42430555555555555 0.01640625 0.06527777777777778
0 0.696484375 0.5722222222222222 0.03671875 0.1111111111111111
0 0.828125 0.39791666666666664 0.0171875 0.04027777777777778
2 0.8328125 0.5090277777777777 0.0625 0.12638888888888888
0 0.130078125 0.7236111111111111 0.11328125 0.24722222222222223
0 0.755078125 0.40625 0.01640625 0.059722222222222225
0 0.795703125 0.425 0.01953125 0.06388888888888888
