0 0.41796875 0.6263888888888889 0.0328125 0.13055555555555556
0 0.63046875 0.9104166666666667 0.0625 0.17916666666666667
0 0.320703125 0.6409722222222223 0.03515625 0.09583333333333334
0 0.36328125 0.5444444444444444 0.0234375 0.06666666666666667
0 0.46484375 0.5152777777777777 0.0234375 0.1
0 0.528125 0.5048611111111111 0.021875 0.0875
0 0.578125 0.55 0.021875 0.06944444444444445
0 0.5984375 0.5493055555555556 0.0234375 0.07083333333333333
1 0.437109375 0.43819444444444444 0.03828125 0.06805555555555555
0 0.468359375 0.45555555555555555 0.01796875 0.05277777777777778
0 0.502734375 0.44305555555555554 0.01640625 0.04722222222222222
