0 0.2609375 0.5888888888888889 0.03125 0.15
0 0.29765625 0.33541666666666664 0.0234375 0.09583333333333334
0 0.2671875 0.3576388888888889 0.028125 0.09305555555555556
0 0.0109375 0.40555555555555556 0.021875 0.08888888888888889
0 0.06328125 0.35694444444444445 0.046875 0.07777777777777778
0 0.634375 0.2833333333333333 0.025 0.06111111111111111
0 0.89921875 0.6006944444444444 0.0375 0.11527777777777778
0 0.402734375 0.2534722222222222 0.01796875 0.0625
0 0.516796875 0.7541666666666667 0.04609375 0.16666666666666666
0 0.5046875 0.6736111111111112 0.025 0.09444444444444444
0 0.51484375 0.8847222222222222 0.10625 0.18055555555555555
0 0.37734375 0.2701388888888889 0.0171875 0.0625
0 0.555859375 0.49027777777777776 0.03046875 0.10277777777777777
0 0.423046875 0.19722222222222222 0.01640625 0.06666666666666667
0 0.743359375 0.36736111111111114 0.02265625 0.08472222222222223
1 0.416796875 0.4131944444444444 0.05859375 0.13194444444444445
1 0.84375 0.8597222222222223 0.1921875 0.28055555555555556
1 0.373828125 0.6194444444444445 0.09296875 0.19444444444444445
1 0.527734375 0.25555555555555554 0.04140625 0.075
1 0.513671875 0.55 0.09921875 0.1638888888888889
1 0.729296875 0.5743055555555555 0.07421875 0.15416666666666667
1 0.362109375 0.31319444444444444 0.04453125 0.08194444444444444
1 0.519140625 0.19791666666666666 0.02421875 0.07361111111111111
1 0.45859375 0.2763888888888889 0.0375 0.08055555555555556
3 0.62890625 0.5333333333333333 0.1078125 0.26666666666666666
3 0.5734375 0.3215277777777778 0.0703125 0.16527777777777777
3 0.231640625 0.90625 0.19609375 0.1875
0 0.530859375 0.6472222222222223 0.02890625 0.13333333333333333
1 0.941015625 0.8680555555555556 0.11796875 0.2638888888888889
