0 0.303125 0.37916666666666665 0.059375 0.17777777777777778
0 0.572265625 0.36736111111111114 0.04140625 0.14027777777777778
0 0.633984375 0.2625 0.02421875 0.08333333333333333
0 0.666796875 0.27152777777777776 0.02578125 0.09027777777777778
0 0.6515625 0.4527777777777778 0.0421875 0.15
0 0.685546875 0.4756944444444444 0.04609375 0.1597222222222222
0 0.479296875 0.6458333333333334 0.08359375 0.2638888888888889
0 0.61171875 0.23680555555555555 0.0203125 0.08472222222222223
0 0.6046875 0.19444444444444445 0.0140625 0.05555555555555555
0 0.6734375 0.225 0.0203125 0.06111111111111111
