0 0.2125 0.9069444444444444 0.053125 0.1638888888888889
0 0.578125 0.5861111111111111 0.053125 0.1361111111111111
0 0.321484375 0.40902777777777777 0.02421875 0.10972222222222222
0 0.26953125 0.5375 0.028125 0.1388888888888889
0 0.10234375 0.9055555555555556 0.05625 0.17777777777777778
0 0.4703125 0.5076388888888889 0.028125 0.12916666666666668
0 0.403515625 0.3138888888888889 0.01796875 0.08611111111111111
0 0.76171875 0.5805555555555556 0.0359375 0.14166666666666666
0 0.3546875 0.32430555555555557 0.0171875 0.09305555555555556
0 0.58984375 0.93125 0.0671875 0.1375
0 0.488671875 0.6027777777777777 0.04140625 0.14444444444444443
0 0.480859375 0.7020833333333333 0.05078125 0.15138888888888888
0 0.868359375 0.4652777777777778 0.05390625 0.09722222222222222
0 0.10546875 0.3819444444444444 0.0625 0.09722222222222222
0 0.716015625 0.46458333333333335 0.02578125 0.12083333333333333
0 0.465234375 0.7972222222222223 0.04609375 0.18055555555555555
0 0.43046875 0.24791666666666667 0.015625 0.07361111111111111
0 0.40078125 0.24166666666666667 0.0125 0.06111111111111111
0 0.705859375 0.4215277777777778 0.03046875 0.10694444444444444
0 0.31328125 0.3541666666666667 0.0265625 0.08333333333333333
0 0.472265625 0.24513888888888888 0.01328125 0.0625
0 0.37109375 0.23125 0.0171875 0.059722222222222225
1 0.723046875 0.9048611111111111 0.16640625 0.19027777777777777
1 0.64453125 0.38055555555555554 0.0609375 0.10277777777777777
1 0.346484375 0.9430555555555555 0.09765625 0.11388888888888889
1 0.5734375 0.24444444444444444 0.0328125 0.058333333333333334
3 0.52421875 0.23680555555555555 0.040625 0.0875
1 0.380859375 0.4305555555555556 0.06484375 0.10277777777777777
1 0.368359375 0.5833333333333334 0.09765625 0.21944444444444444
0 0.513671875 0.5104166666666666 0.03515625 0.1125
0 0.515234375 0.43819444444444444 0.02265625 0.05694444444444444
