1 0.3703125 0.26319444444444445 0.0875 0.0875
1 0.22421875 0.325 0.0671875 0.10277777777777777
1 0.351953125 0.4895833333333333 0.12421875 0.1736111111111111
1 0.135546875 0.22916666666666666 0.03359375 0.044444444444444446
3 0.207421875 0.23680555555555555 0.05859375 0.09027777777777778
0 0.09609375 0.2625 0.0140625 0.06388888888888888
0 0.130078125 0.27152777777777776 0.01640625 0.06805555555555555
0 0.1265625 0.33194444444444443 0.0203125 0.075
0 0.146484375 0.3819444444444444 0.02578125 0.10555555555555556
0 0.285546875 0.24097222222222223 0.03046875 0.059722222222222225
0 0.56953125 0.7493055555555556 0.0671875 0.22083333333333333
0 0.593359375 0.6291666666666667 0.05703125 0.18055555555555555
0 0.71953125 0.47430555555555554 0.0265625 0.12361111111111112
