0 0.920703125 0.6090277777777777 0.02109375 0.07361111111111111
0 0.764453125 0.6708333333333333 0.02734375 0.12777777777777777
0 0.71953125 0.6409722222222223 0.025 0.10972222222222222
0 0.608203125 0.5777777777777777 0.03046875 0.10277777777777777
0 0.73671875 0.7770833333333333 0.0390625 0.15138888888888888
0 0.83671875 0.8284722222222223 0.04375 0.1763888888888889
0 0.623046875 0.8416666666666667 0.03671875 0.17777777777777778
1 0.701171875 0.5534722222222223 0.06171875 0.08194444444444444
1 0.428515625 0.9486111111111111 0.18046875 0.10277777777777777
1 0.266015625 0.8805555555555555 0.23828125 0.2388888888888889
