0 0.378515625 0.7125 0.07890625 0.2222222222222222
0 0.45 0.36666666666666664 0.0625 0.08333333333333333
0 0.151953125 0.3145833333333333 0.02890625 0.09027777777777778
0 0.121875 0.33125 0.021875 0.0875
0 0.108203125 0.28402777777777777 0.01796875 0.0625
0 0.1203125 0.25833333333333336 0.015625 0.058333333333333334
0 0.144140625 0.28541666666666665 0.01484375 0.06805555555555555
3 0.242578125 0.28055555555555556 0.09296875 0.15833333333333333
3 0.2921875 0.2388888888888889 0.0828125 0.08333333333333333
1 0.325 0.4076388888888889 0.103125 0.1375
1 0.607421875 0.7222222222222222 0.23203125 0.3416666666666667
1 0.821484375 0.6847222222222222 0.22265625 0.2916666666666667
