0 0.7671875 0.4895833333333333 0.021875 0.09305555555555556
0 0.58046875 0.46458333333333335 0.03125 0.09027777777777778
0 0.3203125 0.5722222222222222 0.0671875 0.16666666666666666
0 0.15 0.7340277777777777 0.1 0.2152777777777778
0 0.3484375 0.6361111111111111 0.0796875 0.20277777777777778
0 0.548828125 0.5333333333333333 0.04296875 0.11388888888888889
0 0.822265625 0.6027777777777777 0.03046875 0.13055555555555556
0 0.802734375 0.8902777777777777 0.07265625 0.20277777777777778
0 0.81328125 0.4930555555555556 0.01875 0.07777777777777778
0 0.5109375 0.5083333333333333 0.0421875 0.13055555555555556
0 0.081640625 0.8465277777777778 0.13046875 0.19027777777777777
0 0.79375 0.5291666666666667 0.025 0.10277777777777777
0 0.840234375 0.4361111111111111 0.01328125 0.05555555555555555
0 0.73671875 0.4048611111111111 0.0140625 0.05416666666666667
0 0.1984375 0.6451388888888889 0.06875 0.1625
0 0.808984375 0.4354166666666667 0.01484375 0.04861111111111111
0 0.860546875 0.4597222222222222 0.01484375 0.06111111111111111
1 0.711328125 0.43819444444444444 0.05703125 0.07916666666666666
3 0.809375 0.3861111111111111 0.0546875 0.125
0 0.792578125 0.4111111111111111 0.01640625 0.058333333333333334
0 0.842578125 0.5506944444444445 0.02109375 0.09583333333333334
