0 0.418359375 0.41944444444444445 0.03828125 0.08055555555555556
0 0.66953125 0.30486111111111114 0.0234375 0.059722222222222225
0 0.712109375 0.3333333333333333 0.02421875 0.08055555555555556
0 0.833984375 0.4534722222222222 0.03359375 0.11527777777777778
0 0.926953125 0.4375 0.03203125 0.1111111111111111
3 0.740234375 0.5958333333333333 0.20546875 0.3388888888888889
1 0.420703125 0.6347222222222222 0.13359375 0.16111111111111112
1 0.321484375 0.5020833333333333 0.06640625 0.11527777777777778
3 0.250390625 0.425 0.07265625 0.15833333333333333
2 0.539453125 0.3909722222222222 0.07734375 0.15138888888888888
1 0.562109375 0.3215277777777778 0.04296875 0.06527777777777778
3 0.369140625 0.2916666666666667 0.03515625 0.1111111111111111
3 0.33125 0.26944444444444443 0.0375 0.10833333333333334
