0 0.58828125 0.34097222222222223 0.0203125 0.0875
0 0.158203125 0.4673611111111111 0.03203125 0.10694444444444444
0 0.80703125 0.7263888888888889 0.0921875 0.16111111111111112
0 0.644140625 0.36527777777777776 0.02109375 0.09166666666666666
0 0.21484375 0.5375 0.0703125 0.11666666666666667
0 0.37734375 0.3368055555555556 0.0171875 0.09305555555555556
0 0.62890625 0.2743055555555556 0.0171875 0.07916666666666666
0 0.34765625 0.33611111111111114 0.0171875 0.08888888888888889
0 0.176171875 0.38472222222222224 0.04921875 0.09166666666666666
0 0.9328125 0.7548611111111111 0.078125 0.14305555555555555
0 0.316796875 0.33611111111111114 0.01796875 0.08333333333333333
0 0.583203125 0.21319444444444444 0.01328125 0.05416666666666667
0 0.0203125 0.38263888888888886 0.040625 0.09027777777777778
0 0.52734375 0.18958333333333333 0.0125 0.05416666666666667
0 0.433984375 0.29791666666666666 0.01953125 0.07361111111111111
0 0.479296875 0.2972222222222222 0.01953125 0.058333333333333334
0 0.1046875 0.35347222222222224 0.04375 0.07916666666666666
0 0.558203125 0.19652777777777777 0.01640625 0.05138888888888889
1 0.276953125 0.43680555555555556 0.09921875 0.09861111111111111
1 0.08359375 0.6180555555555556 0.1671875 0.15
3 0.05234375 0.4986111111111111 0.1046875 0.1111111111111111
1 0.449609375 0.41041666666666665 0.10234375 0.08194444444444444
1 0.5375 0.2722222222222222 0.0390625 0.075
