0 0.542578125 0.7694444444444445 0.05078125 0.175
0 0.38984375 0.8611111111111112 0.046875 0.20277777777777778
0 0.440625 0.7625 0.0421875 0.2
0 0.41484375 0.6715277777777777 0.034375 0.15416666666666667
0 0.334765625 0.8256944444444444 0.04296875 0.18194444444444444
0 0.5546875 0.6833333333333333 0.034375 0.12222222222222222
0 0.32109375 0.6423611111111112 0.025 0.09583333333333334
0 0.36484375 0.5444444444444444 0.0203125 0.06666666666666667
0 0.435546875 0.55 0.02578125 0.10277777777777777
0 0.466015625 0.4826388888888889 0.02109375 0.08472222222222223
0 0.505859375 0.4986111111111111 0.02421875 0.08333333333333333
