0 0.262890625 0.6631944444444444 0.09140625 0.19583333333333333
0 0.6734375 0.75 0.0640625 0.19444444444444445
0 0.477734375 0.5729166666666666 0.05859375 0.14305555555555555
0 0.807421875 0.6451388888888889 0.03203125 0.14583333333333334
0 0.346484375 0.6986111111111111 0.07734375 0.15833333333333333
0 0.33671875 0.5520833333333334 0.059375 0.13472222222222222
0 0.65390625 0.5034722222222222 0.03125 0.10416666666666667
0 0.424609375 0.5472222222222223 0.05234375 0.12222222222222222
0 0.076953125 0.7284722222222222 0.10078125 0.2125
0 0.541015625 0.5291666666666667 0.04140625 0.11666666666666667
0 0.769140625 0.5708333333333333 0.02890625 0.11944444444444445
0 0.571484375 0.4791666666666667 0.03046875 0.1
0 0.819140625 0.5263888888888889 0.02109375 0.08333333333333333
0 0.61484375 0.49444444444444446 0.0375 0.11666666666666667
0 0.8375 0.5736111111111111 0.0234375 0.10833333333333334
0 0.719921875 0.39861111111111114 0.01484375 0.05555555555555555
0 0.149609375 0.6569444444444444 0.07421875 0.18333333333333332
0 0.70703125 0.5125 0.0453125 0.11388888888888889
0 0.84921875 0.46805555555555556 0.0171875 0.06388888888888888
1 0.60703125 0.6506944444444445 0.1703125 0.20972222222222223
3 0.782421875 0.40902777777777777 0.06953125 0.1375
0 0.54609375 0.4236111111111111 0.04375 0.09166666666666666
0 0.634375 0.9256944444444445 0.0796875 0.1486111111111111
0 0.941015625 0.8909722222222223 0.09453125 0.12361111111111112
0 0.919140625 0.8361111111111111 0.06015625 0.11944444444444445
1 0.759765625 0.47847222222222224 0.05703125 0.09027777777777778
0 0.737890625 0.38263888888888886 0.01953125 0.043055555555555555
0 0.69765625 0.4284722222222222 0.0359375 0.08194444444444444
