1 0.643359375 0.6243055555555556 0.07578125 0.15694444444444444
3 0.5484375 0.4951388888888889 0.140625 0.22083333333333333
3 0.2375 0.7006944444444444 0.475 0.5986111111111111
0 0.77421875 0.5277777777777778 0.03125 0.10833333333333334
0 0.801171875 0.46805555555555556 0.02265625 0.09722222222222222
0 0.826953125 0.3902777777777778 0.03359375 0.07777777777777778
0 0.8140625 0.3451388888888889 0.021875 0.06527777777777778
0 0.786328125 0.4027777777777778 0.02109375 0.075
0 0.751171875 0.43125 0.02265625 0.08472222222222223
0 0.7359375 0.4625 0.025 0.09722222222222222
0 0.723828125 0.35555555555555557 0.03984375 0.06111111111111111
0 0.74765625 0.3034722222222222 0.03125 0.05416666666666667
0 0.69765625 0.28402777777777777 0.028125 0.0625
0 0.656640625 0.28680555555555554 0.02734375 0.04861111111111111
1 0.667578125 0.41597222222222224 0.10234375 0.10138888888888889
0 0.88984375 0.6854166666666667 0.05 0.12361111111111112
