0 0.64921875 0.8006944444444445 0.0609375 0.20694444444444443
0 0.203515625 0.7381944444444445 0.09765625 0.2375
0 0.73046875 0.39861111111111114 0.0171875 0.06111111111111111
0 0.148828125 0.6604166666666667 0.08359375 0.1736111111111111
0 0.7703125 0.4548611111111111 0.01875 0.0763888888888889
0 0.525390625 0.5465277777777777 0.05390625 0.14027777777777778
0 0.603515625 0.5048611111111111 0.03515625 0.10694444444444444
0 0.797265625 0.43125 0.01953125 0.06805555555555555
0 0.673046875 0.5979166666666667 0.03984375 0.12916666666666668
0 0.69765625 0.39375 0.0171875 0.05416666666666667
0 0.6015625 0.44583333333333336 0.034375 0.08333333333333333
2 0.836328125 0.5020833333333333 0.06796875 0.09861111111111111
1 0.7890625 0.37777777777777777 0.0265625 0.041666666666666664
0 0.66953125 0.39861111111111114 0.0375 0.06388888888888888
