1 0.18515625 0.2513888888888889 0.0390625 0.05555555555555555
1 0.229296875 0.31180555555555556 0.06015625 0.07916666666666666
1 0.422265625 0.4930555555555556 0.14453125 0.16111111111111112
3 0.349609375 0.2375 0.11328125 0.1
0 0.115234375 0.2625 0.01328125 0.05555555555555555
0 0.105078125 0.28194444444444444 0.01796875 0.06111111111111111
0 0.1109375 0.3611111111111111 0.01875 0.09444444444444444
0 0.1671875 0.30833333333333335 0.0171875 0.07777777777777778
0 0.169921875 0.4097222222222222 0.03046875 0.11944444444444445
0 0.26953125 0.5388888888888889 0.053125 0.16666666666666666
0 0.426171875 0.6180555555555556 0.06171875 0.17777777777777778
