0 0.034765625 0.5069444444444444 0.04765625 0.11388888888888889
0 0.7203125 0.7256944444444444 0.0375 0.1736111111111111
0 0.4015625 0.33819444444444446 0.0171875 0.09027777777777778
0 0.166796875 0.39375 0.04765625 0.0875
0 0.8296875 0.5895833333333333 0.0421875 0.12083333333333333
0 0.590234375 0.32430555555555557 0.01484375 0.07916666666666666
0 0.332421875 0.35347222222222224 0.02265625 0.09027777777777778
0 0.700390625 0.5777777777777777 0.03203125 0.14444444444444443
0 0.369140625 0.45208333333333334 0.02421875 0.12361111111111112
0 0.89140625 0.7145833333333333 0.0546875 0.14583333333333334
0 0.51328125 0.47708333333333336 0.0296875 0.11805555555555555
0 0.75546875 0.5506944444444445 0.0328125 0.14305555555555555
0 0.7171875 0.3951388888888889 0.025 0.10138888888888889
0 0.371875 0.3111111111111111 0.015625 0.075
0 0.65390625 0.5111111111111111 0.0296875 0.125
0 0.822265625 0.7131944444444445 0.05234375 0.15694444444444444
0 0.676953125 0.43333333333333335 0.02578125 0.09722222222222222
0 0.231640625 0.38125 0.05390625 0.08472222222222223
0 0.3078125 0.3 0.01875 0.07777777777777778
0 0.642578125 0.3680555555555556 0.02734375 0.08611111111111111
0 0.775390625 0.9472222222222222 0.06484375 0.10555555555555556
0 0.34921875 0.26805555555555555 0.015625 0.06944444444444445
0 0.2046875 0.8513888888888889 0.05625 0.19444444444444445
0 0.664453125 0.35555555555555557 0.02421875 0.08055555555555556
0 0.69765625 0.5055555555555555 0.0296875 0.11388888888888889
0 0.941796875 0.825 0.06484375 0.1638888888888889
0 0.378125 0.25763888888888886 0.0140625 0.06527777777777778
0 0.56484375 0.2708333333333333 0.0140625 0.06666666666666667
0 0.814453125 0.43472222222222223 0.03515625 0.08888888888888889
0 0.3859375 0.4222222222222222 0.0234375 0.10555555555555556
0 0.22734375 0.9055555555555556 0.059375 0.17222222222222222
0 0.9640625 0.6979166666666666 0.0546875 0.13194444444444445
0 0.07109375 0.38125 0.034375 0.07916666666666666
0 0.76875 0.39375 0.028125 0.09305555555555556
0 0.4078125 0.21597222222222223 0.0125 0.0625
0 0.26015625 0.36319444444444443 0.0390625 0.06805555555555555
1 0.440234375 0.7513888888888889 0.16953125 0.225
1 0.448046875 0.3263888888888889 0.04453125 0.09444444444444444
1 0.446875 0.45208333333333334 0.053125 0.11805555555555555
1 0.59609375 0.3993055555555556 0.0578125 0.09305555555555556
1 0.51953125 0.9569444444444445 0.1328125 0.08611111111111111
1 0.323046875 0.17083333333333334 0.03515625 0.075
3 0.5328125 0.2513888888888889 0.05 0.11666666666666667
3 0.44609375 0.21736111111111112 0.0359375 0.08472222222222223
0 0.625 0.32916666666666666 0.015625 0.06666666666666667
