0 0.554296875 0.7833333333333333 0.03515625 0.1361111111111111
0 0.621484375 0.7965277777777777 0.03671875 0.1486111111111111
0 0.66796875 0.8958333333333334 0.0421875 0.1638888888888889
0 0.79609375 0.8090277777777778 0.034375 0.1597222222222222
0 0.859375 0.6923611111111111 0.0296875 0.12638888888888888
0 0.753125 0.7479166666666667 0.0234375 0.12361111111111112
0 0.767578125 0.6666666666666666 0.02109375 0.125
0 0.695703125 0.70625 0.02109375 0.12083333333333333
0 0.665625 0.6097222222222223 0.021875 0.09166666666666666
0 0.615625 0.6013888888888889 0.0203125 0.08611111111111111
0 0.651953125 0.5465277777777777 0.01640625 0.07083333333333333
0 0.7328125 0.5861111111111111 0.0234375 0.08333333333333333
0 0.826953125 0.5722222222222222 0.02265625 0.06111111111111111
0 0.584375 0.5055555555555555 0.0171875 0.041666666666666664
0 0.46953125 0.9590277777777778 0.06875 0.08194444444444444
1 0.562890625 0.5854166666666667 0.07890625 0.10416666666666667
1 0.4125 0.7194444444444444 0.115625 0.1388888888888889
3 0.135546875 0.8486111111111111 0.27109375 0.30277777777777776
