0 0.6171875 0.8784722222222222 0.06875 0.22916666666666666
0 0.43515625 0.5569444444444445 0.0578125 0.14166666666666666
0 0.766015625 0.46111111111111114 0.02109375 0.08055555555555556
0 0.0546875 0.85 0.109375 0.19444444444444445
0 0.514453125 0.5506944444444445 0.04140625 0.15138888888888888
0 0.087109375 0.6861111111111111 0.07890625 0.19444444444444445
0 0.65390625 0.475 0.0296875 0.1
0 0.72421875 0.425 0.01875 0.06388888888888888
0 0.56640625 0.5020833333333333 0.0390625 0.1125
0 0.479296875 0.4930555555555556 0.03515625 0.1
0 0.709375 0.40625 0.01875 0.0625
0 0.758984375 0.3972222222222222 0.01640625 0.05277777777777778
0 0.73828125 0.3972222222222222 0.0125 0.058333333333333334
0 0.798828125 0.45069444444444445 0.02265625 0.059722222222222225
0 0.130859375 0.7333333333333333 0.10234375 0.19722222222222222
2 0.834375 0.5104166666666666 0.05625 0.12638888888888888
1 0.790234375 0.4263888888888889 0.03671875 0.05277777777777778
0 0.827734375 0.43472222222222223 0.01484375 0.03333333333333333
