1 0.6171875 0.1986111111111111 0.0453125 0.06388888888888888
0 0.46484375 0.26319444444444445 0.034375 0.10972222222222222
0 0.387890625 0.6604166666666667 0.10859375 0.27361111111111114
0 0.57421875 0.5798611111111112 0.06875 0.22361111111111112
0 0.591796875 0.40694444444444444 0.04296875 0.1388888888888889
0 0.631640625 0.4409722222222222 0.04140625 0.14583333333333334
0 0.606640625 0.3111111111111111 0.03203125 0.09166666666666666
0 0.645703125 0.24583333333333332 0.02265625 0.06666666666666667
0 0.66953125 0.26875 0.021875 0.07361111111111111
0 0.552734375 0.19791666666666666 0.03359375 0.06805555555555555
0 0.268359375 0.10277777777777777 0.03671875 0.06111111111111111
0 0.609375 0.2625 0.021875 0.075
0 0.669140625 0.22361111111111112 0.01953125 0.06666666666666667
