0 0.213671875 0.7118055555555556 0.10546875 0.1986111111111111
0 0.47578125 0.5333333333333333 0.0546875 0.14444444444444443
1 0.6828125 0.5611111111111111 0.0953125 0.12777777777777777
0 0.79453125 0.5548611111111111 0.028125 0.10972222222222222
0 0.841015625 0.5527777777777778 0.02109375 0.09444444444444444
0 0.817578125 0.5173611111111112 0.01953125 0.07916666666666666
0 0.735546875 0.4576388888888889 0.01328125 0.06805555555555555
1 0.72578125 0.40902777777777777 0.0453125 0.06805555555555555
1 0.775 0.4909722222222222 0.0421875 0.08194444444444444
3 0.7921875 0.38472222222222224 0.0734375 0.125
0 0.853515625 0.49375 0.01640625 0.07361111111111111
0 0.8265625 0.47708333333333336 0.0171875 0.05694444444444444
