0 0.479296875 0.1597222222222222 0.03984375 0.06111111111111111
0 0.446484375 0.3861111111111111 0.04921875 0.16944444444444445
0 0.564453125 0.3645833333333333 0.03828125 0.13472222222222222
0 0.63046875 0.33819444444444446 0.03125 0.10694444444444444
0 0.654296875 0.45069444444444445 0.04921875 0.14305555555555555
0 0.6828125 0.47708333333333336 0.0421875 0.15694444444444444
0 0.583203125 0.2152777777777778 0.02109375 0.06666666666666667
0 0.66171875 0.225 0.015625 0.05555555555555555
0 0.6890625 0.2465277777777778 0.0203125 0.0625
0 0.641015625 0.15208333333333332 0.01328125 0.03194444444444444
0 0.66640625 0.16180555555555556 0.0109375 0.03194444444444444
