0 0.665234375 0.8027777777777778 0.06796875 0.225
0 0.792578125 0.5305555555555556 0.02734375 0.09722222222222222
0 0.808203125 0.46111111111111114 0.01640625 0.06666666666666667
0 0.12734375 0.6826388888888889 0.0796875 0.2125
0 0.44765625 0.5215277777777778 0.046875 0.12638888888888888
0 0.8375 0.5229166666666667 0.0203125 0.08194444444444444
0 0.77265625 0.6451388888888889 0.0359375 0.1486111111111111
0 0.521484375 0.49236111111111114 0.02265625 0.10694444444444444
3 0.744921875 0.48194444444444445 0.02265625 0.09722222222222222
0 0.847265625 0.4798611111111111 0.01328125 0.05694444444444444
0 0.83046875 0.46111111111111114 0.0140625 0.05277777777777778
1 0.453515625 0.8291666666666667 0.26953125 0.31666666666666665
3 0.633203125 0.5215277777777778 0.20234375 0.32083333333333336
3 0.275 0.6548611111111111 0.2953125 0.45416666666666666
3 0.7609375 0.375 0.053125 0.09166666666666666
0 0.934375 0.8847222222222222 0.075 0.10555555555555556
0 0.915625 0.8319444444444445 0.053125 0.10277777777777777
1 0.772265625 0.4486111111111111 0.04609375 0.06388888888888888
1 0.794921875 0.42986111111111114 0.03515625 0.05694444444444444
