0 0.721875 0.7416666666666667 0.0515625 0.18333333333333332
0 0.84765625 0.4930555555555556 0.0203125 0.075
0 0.819140625 0.5111111111111111 0.02265625 0.07777777777777778
0 0.791015625 0.5083333333333333 0.02109375 0.08333333333333333
0 0.815625 0.5875 0.0296875 0.11944444444444445
0 0.602734375 0.4895833333333333 0.03359375 0.09861111111111111
0 0.48359375 0.54375 0.0578125 0.1375
0 0.68203125 0.4375 0.0203125 0.07222222222222222
0 0.548828125 0.5506944444444445 0.04296875 0.10694444444444444
0 0.58125 0.4673611111111111 0.0234375 0.07916666666666666
0 0.4765625 0.4638888888888889 0.0359375 0.06944444444444445
1 0.591015625 0.6666666666666666 0.17734375 0.20555555555555555
3 0.734375 0.48194444444444445 0.0859375 0.18611111111111112
3 0.786328125 0.39791666666666664 0.08984375 0.19305555555555556
0 0.253125 0.59375 0.08125 0.10694444444444444
0 0.554296875 0.42569444444444443 0.03828125 0.05416666666666667
0 0.937109375 0.8916666666666667 0.07890625 0.11388888888888889
0 0.9234375 0.8326388888888889 0.0765625 0.10416666666666667
0 0.820703125 0.47847222222222224 0.01796875 0.04861111111111111
