0 0.411328125 0.8388888888888889 0.06015625 0.18611111111111112
0 0.50546875 0.7993055555555556 0.05625 0.1736111111111111
0 0.22265625 0.8118055555555556 0.04375 0.2013888888888889
0 0.253515625 0.49166666666666664 0.02578125 0.125
0 0.290625 0.8541666666666666 0.040625 0.2
0 0.258984375 0.6145833333333334 0.03515625 0.14583333333333334
0 0.307421875 0.5208333333333334 0.02734375 0.11944444444444445
0 0.37109375 0.6965277777777777 0.0421875 0.1625
0 0.102734375 0.8923611111111112 0.06328125 0.17916666666666667
0 0.388671875 0.2965277777777778 0.01953125 0.0763888888888889
0 0.33671875 0.4361111111111111 0.0203125 0.125
0 0.266796875 0.35625 0.03515625 0.09027777777777778
0 0.65703125 0.7861111111111111 0.034375 0.16111111111111112
0 0.16484375 0.9229166666666667 0.053125 0.15138888888888888
0 0.324609375 0.32430555555555557 0.01640625 0.07916666666666666
0 0.359375 0.3277777777777778 0.0171875 0.09722222222222222
0 0.08046875 0.3638888888888889 0.0515625 0.06944444444444445
0 0.488671875 0.3145833333333333 0.01796875 0.08472222222222223
0 0.565625 0.2388888888888889 0.01875 0.06111111111111111
0 0.877734375 0.53125 0.03828125 0.09305555555555556
0 0.9171875 0.4909722222222222 0.065625 0.09305555555555556
0 0.4171875 0.24583333333333332 0.015625 0.06666666666666667
0 0.948828125 0.8527777777777777 0.03046875 0.11944444444444445
0 0.98828125 0.7701388888888889 0.0234375 0.12638888888888888
0 0.009765625 0.33819444444444446 0.01640625 0.08194444444444444
0 0.353515625 0.28402777777777777 0.02109375 0.0625
0 0.65859375 0.3090277777777778 0.0234375 0.0763888888888889
0 0.971484375 0.9513888888888888 0.03828125 0.07777777777777778
1 0.551171875 0.3638888888888889 0.04453125 0.10277777777777777
1 0.5640625 0.4618055555555556 0.05625 0.11805555555555555
1 0.439453125 0.36180555555555555 0.04765625 0.10972222222222222
1 0.591015625 0.6444444444444445 0.09296875 0.19444444444444445
1 0.612109375 0.325 0.08671875 0.09166666666666666
1 0.6421875 0.4097222222222222 0.059375 0.07222222222222222
2 0.7984375 0.66875 0.303125 0.5486111111111112
0 0.301171875 0.44375 0.01796875 0.06527777777777778
0 0.90859375 0.5958333333333333 0.028125 0.06111111111111111
0 0.96015625 0.7222222222222222 0.0265625 0.10833333333333334
