0 0.533203125 0.80625 0.03515625 0.2125
0 0.3859375 0.775 0.040625 0.19444444444444445
0 0.39375 0.6125 0.025 0.12777777777777777
0 0.53828125 0.5777777777777777 0.025 0.1111111111111111
0 0.496875 0.44375 0.015625 0.0625
0 0.526953125 0.4652777777777778 0.01171875 0.06944444444444445
1 0.459375 0.4 0.025 0.044444444444444446
0 0.364453125 0.5444444444444444 0.01953125 0.075
0 0.322265625 0.6368055555555555 0.03046875 0.09027777777777778
0 0.257421875 0.8701388888888889 0.03515625 0.14583333333333334
