1 0.430859375 0.3298611111111111 0.14140625 0.18472222222222223
1 0.5609375 0.24791666666666667 0.06875 0.10972222222222222
0 0.601953125 0.34305555555555556 0.02890625 0.10833333333333334
0 0.640234375 0.36180555555555555 0.02421875 0.1125
0 0.5140625 0.7006944444444444 0.08125 0.2625
0 0.507421875 0.21458333333333332 0.01640625 0.0763888888888889
0 0.525 0.21944444444444444 0.0203125 0.075
0 0.48671875 0.2222222222222222 0.01875 0.04722222222222222
0 0.66484375 0.23680555555555555 0.015625 0.08194444444444444
0 0.691796875 0.28680555555555554 0.01640625 0.06805555555555555
0 0.626953125 0.18958333333333333 0.01328125 0.05416666666666667
0 0.600390625 0.18194444444444444 0.01328125 0.06111111111111111
0 0.585546875 0.16944444444444445 0.01171875 0.05277777777777778
