0 0.43984375 0.2722222222222222 0.03125 0.10555555555555556
0 0.473046875 0.3486111111111111 0.04453125 0.12222222222222222
0 0.464453125 0.45069444444444445 0.05234375 0.13472222222222222
0 0.444140625 0.6222222222222222 0.07734375 0.23333333333333334
0 0.65390625 0.45555555555555555 0.0453125 0.14444444444444443
0 0.68125 0.48055555555555557 0.046875 0.16666666666666666
0 0.6421875 0.2791666666666667 0.0203125 0.09166666666666666
0 0.626171875 0.2375 0.01953125 0.07777777777777778
0 0.601953125 0.25833333333333336 0.02421875 0.08611111111111111
0 0.5703125 0.2881944444444444 0.0296875 0.10416666666666667
0 0.53671875 0.3590277777777778 0.0421875 0.14027777777777778
0 0.480078125 0.1597222222222222 0.03671875 0.06666666666666667
0 0.6703125 0.24027777777777778 0.0171875 0.06111111111111111
0 0.610546875 0.18263888888888888 0.02109375 0.06527777777777778
