0 0.337890625 0.675 0.06328125 0.15
0 0.775 0.5590277777777778 0.034375 0.14027777777777778
0 0.337109375 0.4222222222222222 0.02109375 0.11388888888888889
0 0.675390625 0.4111111111111111 0.02421875 0.1
0 0.716015625 0.7729166666666667 0.04140625 0.16527777777777777
0 0.305078125 0.4111111111111111 0.02421875 0.10833333333333334
0 0.19296875 0.4930555555555556 0.046875 0.11666666666666667
0 0.559765625 0.31666666666666665 0.02734375 0.08611111111111111
0 0.21484375 0.4340277777777778 0.0390625 0.10138888888888889
0 0.1265625 0.4534722222222222 0.0546875 0.10972222222222222
0 0.35390625 0.2743055555555556 0.021875 0.07916666666666666
0 0.72734375 0.46111111111111114 0.0296875 0.1111111111111111
0 0.37109375 0.2951388888888889 0.015625 0.07916666666666666
0 0.6296875 0.3541666666666667 0.0203125 0.08611111111111111
0 0.89921875 0.6006944444444444 0.034375 0.11805555555555555
0 0.610546875 0.3229166666666667 0.02109375 0.08194444444444444
0 0.449609375 0.2048611111111111 0.01328125 0.0625
0 0.081640625 0.4791666666666667 0.04609375 0.1111111111111111
0 0.351953125 0.35625 0.02109375 0.08194444444444444
0 0.60546875 0.22708333333333333 0.01875 0.05694444444444444
0 0.642578125 0.325 0.01796875 0.08611111111111111
0 0.633984375 0.2569444444444444 0.02109375 0.058333333333333334
0 0.5890625 0.23194444444444445 0.021875 0.058333333333333334
0 0.698046875 0.29375 0.02890625 0.06527777777777778
0 0.408203125 0.18611111111111112 0.01171875 0.05277777777777778
1 0.418359375 0.5590277777777778 0.16328125 0.1763888888888889
1 0.634765625 0.46319444444444446 0.06953125 0.11805555555555555
1 0.4625 0.4097222222222222 0.053125 0.1111111111111111
1 0.928515625 0.9 0.14296875 0.2
1 0.039453125 0.40694444444444444 0.07890625 0.08611111111111111
1 0.3234375 0.1701388888888889 0.03125 0.06805555555555555
1 0.509375 0.14583333333333334 0.021875 0.041666666666666664
2 0.549609375 0.20277777777777778 0.04296875 0.1
3 0.549609375 0.20277777777777778 0.04296875 0.1
2 0.68984375 0.5972222222222222 0.109375 0.19166666666666668
0 0.671875 0.8826388888888889 0.109375 0.16805555555555557
