0 0.1484375 0.7479166666666667 0.0859375 0.22083333333333333
0 0.792578125 0.6138888888888889 0.03203125 0.13055555555555556
0 0.323046875 0.5916666666666667 0.07109375 0.15555555555555556
0 0.249609375 0.6708333333333333 0.10078125 0.16111111111111112
0 0.715625 0.65625 0.0390625 0.15138888888888888
0 0.845703125 0.4666666666666667 0.01640625 0.06388888888888888
0 0.818359375 0.5145833333333333 0.02421875 0.09027777777777778
0 0.5125 0.5166666666666667 0.0390625 0.11666666666666667
0 0.380078125 0.4791666666666667 0.04609375 0.1
0 0.79140625 0.5180555555555556 0.021875 0.08055555555555556
3 0.633984375 0.5201388888888889 0.20703125 0.32083333333333336
0 0.251171875 0.5861111111111111 0.07890625 0.1
3 0.74375 0.48194444444444445 0.021875 0.11944444444444445
3 0.740625 0.3888888888888889 0.0453125 0.08611111111111111
1 0.7703125 0.4548611111111111 0.046875 0.0763888888888889
1 0.78984375 0.42986111111111114 0.0296875 0.05694444444444444
1 0.77265625 0.3888888888888889 0.028125 0.05555555555555555
0 0.934375 0.89375 0.0796875 0.1125
0 0.9140625 0.8270833333333333 0.053125 0.07916666666666666
