0 0.759375 0.8791666666666667 0.0625 0.20277777777777778
0 0.621484375 0.4625 0.03046875 0.09166666666666666
0 0.69140625 0.44305555555555554 0.0234375 0.08611111111111111
0 0.541796875 0.47708333333333336 0.03359375 0.09861111111111111
0 0.712109375 0.7138888888888889 0.04765625 0.16666666666666666
0 0.71875 0.43819444444444444 0.0203125 0.07361111111111111
0 0.683984375 0.6305555555555555 0.04140625 0.14444444444444443
0 0.856640625 0.46319444444444446 0.01796875 0.06805555555555555
0 0.80625 0.5152777777777777 0.0234375 0.09444444444444444
0 0.584375 0.49444444444444446 0.0390625 0.10555555555555556
0 0.744140625 0.5361111111111111 0.02890625 0.1
0 0.762109375 0.6465277777777778 0.03671875 0.1375
0 0.82421875 0.46041666666666664 0.015625 0.059722222222222225
0 0.65703125 0.4340277777777778 0.021875 0.07361111111111111
0 0.7859375 0.5722222222222222 0.03125 0.10277777777777777
1 0.466796875 0.75625 0.26328125 0.2569444444444444
1 0.447265625 0.5659722222222222 0.19140625 0.16527777777777777
3 0.77890625 0.42291666666666666 0.0640625 0.12916666666666668
0 0.627734375 0.4076388888888889 0.03671875 0.0625
0 0.66796875 0.41944444444444445 0.015625 0.06666666666666667
