0 0.10078125 0.2569444444444444 0.0203125 0.06111111111111111
0 0.1265625 0.2847222222222222 0.01875 0.08333333333333333
0 0.113671875 0.3472222222222222 0.02421875 0.09722222222222222
0 0.162109375 0.41041666666666665 0.02734375 0.12361111111111112
0 0.177734375 0.3770833333333333 0.02890625 0.09861111111111111
0 0.204296875 0.3611111111111111 0.02734375 0.10277777777777777
0 0.194921875 0.22708333333333333 0.02265625 0.05138888888888889
0 0.43046875 0.26180555555555557 0.0375 0.05138888888888889
0 0.36953125 0.6840277777777778 0.065625 0.2125
0 0.412109375 0.35555555555555557 0.06328125 0.09722222222222222
0 0.659375 0.5569444444444445 0.046875 0.16944444444444445
0 0.7046875 0.5284722222222222 0.04375 0.15138888888888888
0 0.812109375 0.65625 0.06015625 0.2013888888888889
0 0.7484375 0.4375 0.0421875 0.1
1 0.203515625 0.28402777777777777 0.05703125 0.09305555555555556
1 0.291796875 0.38055555555555554 0.07734375 0.11944444444444445
