0 0.094140625 0.28958333333333336 0.01796875 0.06527777777777778
0 0.1140625 0.3125 0.021875 0.06666666666666667
0 0.244140625 0.24305555555555555 0.02421875 0.06111111111111111
0 0.18671875 0.3701388888888889 0.028125 0.1125
0 0.194140625 0.5104166666666666 0.04765625 0.16527777777777777
0 0.3765625 0.3597222222222222 0.0625 0.1
0 0.294140625 0.7506944444444444 0.06171875 0.24861111111111112
0 0.490625 0.3854166666666667 0.0578125 0.12638888888888888
0 0.6125 0.41944444444444445 0.046875 0.09166666666666666
0 0.74375 0.48194444444444445 0.0421875 0.11944444444444445
3 0.19375 0.2673611111111111 0.075 0.14027777777777778
1 0.13046875 0.24930555555555556 0.040625 0.06805555555555555
1 0.30390625 0.40902777777777777 0.090625 0.12916666666666668
1 0.361328125 0.5743055555555555 0.15703125 0.21805555555555556
1 0.676953125 0.5284722222222222 0.10859375 0.2513888888888889
