0 0.526953125 0.49027777777777776 0.04296875 0.10833333333333334
0 0.158203125 0.6701388888888888 0.08203125 0.15416666666666667
0 0.430859375 0.6166666666666667 0.06015625 0.16111111111111112
0 0.82890625 0.51875 0.021875 0.08472222222222223
0 0.809765625 0.60625 0.03046875 0.12638888888888888
0 0.38359375 0.5430555555555555 0.0484375 0.125
0 0.84921875 0.4652777777777778 0.0125 0.058333333333333334
0 0.619921875 0.5152777777777777 0.02734375 0.1
0 0.565234375 0.4597222222222222 0.02734375 0.08611111111111111
0 0.0140625 0.8659722222222223 0.028125 0.15138888888888888
1 0.509375 0.8097222222222222 0.23125 0.26944444444444443
2 0.712109375 0.45416666666666666 0.16796875 0.25555555555555554
0 0.626171875 0.4375 0.02265625 0.058333333333333334
0 0.834375 0.4722222222222222 0.0140625 0.05555555555555555
