0 0.348828125 0.7034722222222223 0.05390625 0.10972222222222222
0 0.33203125 0.8909722222222223 0.0890625 0.17916666666666667
0 0.559375 0.9118055555555555 0.05625 0.1763888888888889
0 0.572265625 0.7548611111111111 0.03828125 0.15138888888888888
0 0.639453125 0.6229166666666667 0.02890625 0.10972222222222222
0 0.7234375 0.6368055555555555 0.0234375 0.10972222222222222
0 0.764453125 0.5729166666666666 0.02421875 0.09861111111111111
0 0.81015625 0.5763888888888888 0.025 0.07777777777777778
1 0.525 0.64375 0.0953125 0.14583333333333334
1 0.050390625 0.8708333333333333 0.10078125 0.1527777777777778
