0 0.0890625 0.7840277777777778 0.046875 0.2013888888888889
0 0.048046875 0.5763888888888888 0.04453125 0.14722222222222223
0 0.51015625 0.46805555555555556 0.0296875 0.12222222222222222
0 0.7625 0.5340277777777778 0.034375 0.11527777777777778
0 0.364453125 0.4375 0.02109375 0.10833333333333334
0 0.68984375 0.4083333333333333 0.0234375 0.10277777777777777
0 0.30234375 0.86875 0.05625 0.19583333333333333
0 0.6953125 0.5076388888888889 0.0296875 0.12083333333333333
0 0.246875 0.6972222222222222 0.05 0.14722222222222223
0 0.633984375 0.40902777777777777 0.02890625 0.09583333333333334
0 0.666015625 0.31319444444444444 0.02109375 0.07361111111111111
0 0.849609375 0.6354166666666666 0.03984375 0.14305555555555555
0 0.330859375 0.4486111111111111 0.02734375 0.1111111111111111
0 0.55 0.28402777777777777 0.015625 0.0763888888888889
0 0.8078125 0.5159722222222223 0.034375 0.10416666666666667
0 0.380078125 0.3125 0.01640625 0.08055555555555556
0 0.344140625 0.3368055555555556 0.02265625 0.09583333333333334
0 0.630078125 0.32708333333333334 0.02109375 0.0763888888888889
0 0.660546875 0.4111111111111111 0.02421875 0.1
0 0.309765625 0.4236111111111111 0.02578125 0.09722222222222222
0 0.080078125 0.36666666666666664 0.04921875 0.075
0 0.01015625 0.3388888888888889 0.01875 0.08611111111111111
0 0.3703125 0.26805555555555555 0.0140625 0.07222222222222222
0 0.3484375 0.23125 0.015625 0.05694444444444444
0 0.813671875 0.43472222222222223 0.02578125 0.08333333333333333
1 0.253515625 0.5319444444444444 0.15078125 0.15555555555555556
1 0.602734375 0.5645833333333333 0.09765625 0.1625
1 0.575 0.3541666666666667 0.0546875 0.1
1 0.458203125 0.1986111111111111 0.02265625 0.06666666666666667
1 0.441796875 0.24444444444444444 0.03046875 0.05
1 0.520703125 0.21180555555555555 0.03359375 0.08472222222222223
2 0.8796875 0.8673611111111111 0.240625 0.2652777777777778
3 0.43359375 0.3958333333333333 0.084375 0.2388888888888889
3 0.520703125 0.20416666666666666 0.03515625 0.08611111111111111
0 0.9609375 0.8055555555555556 0.0640625 0.16111111111111112
