1 0.594921875 0.5576388888888889 0.09140625 0.1625
0 0.819140625 0.6902777777777778 0.05703125 0.15
0 0.924609375 0.5284722222222222 0.03671875 0.12638888888888888
1 0.30625 0.48333333333333334 0.065625 0.14722222222222223
0 0.183984375 0.4791666666666667 0.01953125 0.07777777777777778
0 0.192578125 0.4409722222222222 0.02109375 0.0625
0 0.06953125 0.6548611111111111 0.0328125 0.12916666666666668
2 0.5203125 0.2611111111111111 0.0421875 0.08333333333333333
2 0.46796875 0.24722222222222223 0.040625 0.10277777777777777
2 0.81171875 0.29583333333333334 0.1984375 0.175
3 0.925390625 0.3 0.14453125 0.2
0 0.288671875 0.2916666666666667 0.01640625 0.04722222222222222
