0 0.487109375 0.9020833333333333 0.06640625 0.19583333333333333
0 0.255859375 0.8736111111111111 0.02890625 0.15555555555555556
0 0.319921875 0.6423611111111112 0.02890625 0.09861111111111111
0 0.522265625 0.6625 0.02890625 0.15
0 0.558984375 0.6402777777777777 0.02734375 0.11944444444444445
0 0.59921875 0.5638888888888889 0.0421875 0.06944444444444445
0 0.431640625 0.5513888888888889 0.02265625 0.09722222222222222
0 0.49453125 0.42430555555555555 0.0140625 0.04861111111111111
0 0.4421875 0.5111111111111111 0.025 0.075
0 0.362109375 0.54375 0.02421875 0.06527777777777778
