0 0.652734375 0.86875 0.06015625 0.2125
0 0.815625 0.5055555555555555 0.0234375 0.08611111111111111
0 0.60546875 0.43472222222222223 0.0265625 0.075
0 0.77578125 0.6270833333333333 0.0359375 0.14583333333333334
0 0.7 0.4326388888888889 0.0203125 0.06805555555555555
0 0.50625 0.5118055555555555 0.0453125 0.12916666666666668
0 0.847265625 0.5083333333333333 0.02109375 0.08333333333333333
0 0.730078125 0.39375 0.01484375 0.05138888888888889
0 0.201171875 0.5854166666666667 0.06484375 0.10138888888888889
1 0.73515625 0.5111111111111111 0.0640625 0.11944444444444445
3 0.6265625 0.5805555555555556 0.1875 0.28055555555555556
3 0.8046875 0.38958333333333334 0.053125 0.10138888888888889
0 0.534375 0.4777777777777778 0.03125 0.10277777777777777
3 0.346484375 0.7763888888888889 0.47109375 0.44722222222222224
0 0.940625 0.8868055555555555 0.0859375 0.11527777777777778
0 0.9203125 0.8305555555555556 0.0578125 0.10833333333333334
1 0.787109375 0.4375 0.03671875 0.06944444444444445
0 0.841015625 0.48333333333333334 0.02265625 0.075
0 0.737890625 0.4041666666666667 0.01953125 0.058333333333333334
0 0.81171875 0.46458333333333335 0.021875 0.0625
0 0.75703125 0.4395833333333333 0.0390625 0.06527777777777778
