0 0.508984375 0.8930555555555556 0.08359375 0.20555555555555555
0 0.83203125 0.5270833333333333 0.0171875 0.08194444444444444
0 0.76015625 0.5479166666666667 0.0234375 0.09861111111111111
0 0.75390625 0.6861111111111111 0.034375 0.15555555555555556
0 0.65859375 0.6722222222222223 0.05 0.16111111111111112
0 0.534765625 0.53125 0.04453125 0.1125
0 0.799609375 0.5604166666666667 0.02578125 0.09027777777777778
0 0.79296875 0.65625 0.034375 0.14027777777777778
0 0.71953125 0.6409722222222223 0.034375 0.13472222222222222
0 0.023046875 0.7430555555555556 0.04609375 0.19166666666666668
0 0.8 0.5041666666666667 0.0234375 0.08055555555555556
0 0.673828125 0.7840277777777778 0.04765625 0.18472222222222223
0 0.779296875 0.5083333333333333 0.02109375 0.08611111111111111
0 0.85703125 0.48125 0.0171875 0.07083333333333333
0 0.875390625 0.5013888888888889 0.01796875 0.06944444444444445
1 0.5265625 0.6875 0.16875 0.19444444444444445
1 0.676171875 0.5451388888888888 0.08984375 0.12083333333333333
3 0.768359375 0.3770833333333333 0.06796875 0.12638888888888888
0 0.641015625 0.9215277777777777 0.06484375 0.15694444444444444
0 0.822265625 0.45069444444444445 0.01328125 0.059722222222222225
