0 0.921484375 0.6048611111111111 0.02578125 0.07916666666666666
0 0.7875 0.5694444444444444 0.025 0.09166666666666666
0 0.72578125 0.6013888888888889 0.0140625 0.06111111111111111
0 0.733203125 0.6875 0.02890625 0.13055555555555556
0 0.660546875 0.6784722222222223 0.03828125 0.11527777777777778
0 0.51484375 0.6298611111111111 0.025 0.10694444444444444
0 0.486328125 0.5986111111111111 0.02578125 0.1
0 0.412890625 0.8243055555555555 0.04453125 0.1597222222222222
0 0.519140625 0.9625 0.05234375 0.075
1 0.5765625 0.6805555555555556 0.0984375 0.1361111111111111
