0 0.43125 0.7013888888888888 0.0484375 0.1638888888888889
0 0.36875 0.7722222222222223 0.05 0.18611111111111112
0 0.19609375 0.8263888888888888 0.0421875 0.19722222222222222
0 0.245703125 0.64375 0.04296875 0.15416666666666667
0 0.190234375 0.36944444444444446 0.04453125 0.08888888888888889
0 0.37890625 0.32916666666666666 0.0203125 0.09444444444444444
0 0.34609375 0.6416666666666667 0.0359375 0.14166666666666666
0 0.650390625 0.7402777777777778 0.03046875 0.1388888888888889
0 0.298828125 0.5041666666666667 0.02578125 0.13333333333333333
0 0.492578125 0.34097222222222223 0.01953125 0.09027777777777778
0 0.298046875 0.36736111111111114 0.01953125 0.09583333333333334
0 0.20859375 0.5888888888888889 0.0296875 0.14444444444444443
0 0.337109375 0.36736111111111114 0.01796875 0.1125
0 0.566015625 0.22777777777777777 0.01640625 0.06666666666666667
0 0.265625 0.5340277777777778 0.025 0.13472222222222222
0 0.4421875 0.21736111111111112 0.0140625 0.06527777777777778
0 0.4109375 0.27291666666666664 0.01875 0.07361111111111111
0 0.08046875 0.3638888888888889 0.0515625 0.07222222222222222
0 0.3125 0.41944444444444445 0.0203125 0.10555555555555556
0 0.869921875 0.5069444444444444 0.03671875 0.09444444444444444
0 0.9484375 0.6993055555555555 0.0375 0.1375
0 0.331640625 0.2152777777777778 0.01484375 0.058333333333333334
0 0.364453125 0.2659722222222222 0.01484375 0.06805555555555555
0 0.33828125 0.2847222222222222 0.015625 0.06388888888888888
0 0.91640625 0.5055555555555555 0.05625 0.08888888888888889
1 0.5484375 0.35208333333333336 0.0484375 0.09583333333333334
1 0.628125 0.3125 0.078125 0.08055555555555556
1 0.560546875 0.4486111111111111 0.04921875 0.11666666666666667
1 0.435546875 0.39444444444444443 0.04921875 0.125
1 0.5875 0.6118055555555556 0.08125 0.1736111111111111
1 0.6375 0.3923611111111111 0.0546875 0.07916666666666666
2 0.778515625 0.6152777777777778 0.26953125 0.48333333333333334
3 0.61875 0.9152777777777777 0.2828125 0.16944444444444445
