0 0.57265625 0.8472222222222222 0.0484375 0.20555555555555555
0 0.551171875 0.7090277777777778 0.03671875 0.15694444444444444
0 0.425 0.6256944444444444 0.03125 0.13194444444444445
0 0.25859375 0.8604166666666667 0.040625 0.1375
0 0.3203125 0.6416666666666667 0.0359375 0.10555555555555556
0 0.363671875 0.5513888888888889 0.02578125 0.07222222222222222
0 0.46015625 0.53125 0.025 0.0875
0 0.487109375 0.48541666666666666 0.02109375 0.0763888888888889
0 0.46015625 0.4284722222222222 0.025 0.05416666666666667
1 0.41484375 0.5145833333333333 0.0625 0.1125
0 0.574609375 0.5486111111111112 0.02265625 0.06666666666666667
0 0.59765625 0.5541666666666667 0.0203125 0.06666666666666667
