0 0.817578125 0.5895833333333333 0.03203125 0.12083333333333333
0 0.82421875 0.49166666666666664 0.021875 0.075
0 0.633203125 0.4236111111111111 0.02109375 0.075
0 0.773828125 0.5631944444444444 0.02578125 0.10972222222222222
0 0.74296875 0.64375 0.0375 0.14305555555555555
0 0.71171875 0.41597222222222224 0.015625 0.05694444444444444
0 0.841796875 0.45069444444444445 0.01328125 0.05416666666666667
1 0.6046875 0.6611111111111111 0.1609375 0.18055555555555555
1 0.700390625 0.5263888888888889 0.09609375 0.10833333333333334
3 0.48359375 0.49444444444444446 0.271875 0.3055555555555556
3 0.754296875 0.43472222222222223 0.06953125 0.13055555555555556
2 0.22265625 0.7118055555555556 0.4453125 0.5763888888888888
1 0.67265625 0.45694444444444443 0.0703125 0.08333333333333333
0 0.913671875 0.5763888888888888 0.02890625 0.10555555555555556
