0 0.32265625 0.6986111111111111 0.046875 0.15833333333333333
0 0.4953125 0.3680555555555556 0.0203125 0.09444444444444444
0 0.37109375 0.6305555555555555 0.0390625 0.15
0 0.276171875 0.44930555555555557 0.02109375 0.11527777777777778
0 0.1203125 0.7972222222222223 0.040625 0.20277777777777778
0 0.251171875 0.5180555555555556 0.02734375 0.12777777777777777
0 0.189453125 0.74375 0.03515625 0.18194444444444444
0 0.369921875 0.38472222222222224 0.02265625 0.10277777777777777
0 0.24296875 0.6590277777777778 0.0359375 0.1625
0 0.065234375 0.3819444444444444 0.05859375 0.09166666666666666
0 0.19765625 0.6048611111111111 0.0328125 0.14305555555555555
0 0.313671875 0.5763888888888888 0.03203125 0.12777777777777777
0 0.64375 0.675 0.0296875 0.14166666666666666
0 0.35234375 0.29444444444444445 0.021875 0.08333333333333333
0 0.234765625 0.43680555555555556 0.02734375 0.10416666666666667
0 0.376171875 0.30833333333333335 0.01640625 0.08055555555555556
0 0.320703125 0.3375 0.02265625 0.07777777777777778
0 0.8953125 0.6166666666666667 0.0390625 0.12222222222222222
0 0.310546875 0.4048611111111111 0.02421875 0.09861111111111111
0 0.403125 0.3236111111111111 0.0171875 0.08333333333333333
0 0.446484375 0.24444444444444444 0.01796875 0.06111111111111111
0 0.551171875 0.2111111111111111 0.01640625 0.06666666666666667
0 0.009765625 0.3388888888888889 0.01640625 0.08333333333333333
0 0.33984375 0.23819444444444443 0.015625 0.059722222222222225
1 0.543359375 0.3229166666666667 0.03984375 0.09027777777777778
1 0.55703125 0.4263888888888889 0.0515625 0.10555555555555556
1 0.628515625 0.3090277777777778 0.05234375 0.07916666666666666
1 0.434765625 0.425 0.06015625 0.14444444444444443
1 0.58203125 0.5736111111111111 0.0703125 0.16666666666666666
1 0.323828125 0.1701388888888889 0.03515625 0.05694444444444444
2 0.7421875 0.5631944444444444 0.2421875 0.43472222222222223
2 0.903125 0.8458333333333333 0.1859375 0.29444444444444445
3 0.557421875 0.8506944444444444 0.30703125 0.2986111111111111
1 0.6234375 0.37430555555555556 0.040625 0.09583333333333334
