0 0.619921875 0.4222222222222222 0.04140625 0.1
0 0.214453125 0.7305555555555555 0.04140625 0.175
0 0.30859375 0.4534722222222222 0.021875 0.12361111111111112
0 0.254296875 0.45069444444444445 0.02109375 0.11527777777777778
0 0.14609375 0.7138888888888889 0.04375 0.18055555555555555
0 0.762890625 0.7256944444444444 0.04765625 0.1736111111111111
0 0.29296875 0.3416666666666667 0.0265625 0.09166666666666666
0 0.3375 0.38819444444444445 0.0171875 0.08472222222222223
0 0.245703125 0.6215277777777778 0.03515625 0.15694444444444444
0 0.676171875 0.475 0.05546875 0.10833333333333334
0 0.5171875 0.5305555555555556 0.03125 0.12777777777777777
0 0.8859375 0.49027777777777776 0.0703125 0.09722222222222222
0 0.501171875 0.3125 0.02578125 0.06388888888888888
0 0.61015625 0.3125 0.021875 0.09166666666666666
0 0.71171875 0.43333333333333335 0.0296875 0.10833333333333334
0 0.6765625 0.39305555555555555 0.0265625 0.09444444444444444
0 0.56484375 0.2590277777777778 0.015625 0.07083333333333333
0 0.540625 0.3229166666666667 0.028125 0.08472222222222223
0 0.111328125 0.37083333333333335 0.05390625 0.08888888888888889
0 0.018359375 0.4361111111111111 0.03671875 0.08888888888888889
0 0.354296875 0.34097222222222223 0.01953125 0.0875
0 0.651953125 0.29444444444444445 0.02734375 0.07777777777777778
0 0.36015625 0.2722222222222222 0.01875 0.07222222222222222
0 0.542578125 0.26944444444444443 0.01640625 0.06944444444444445
0 0.37109375 0.21180555555555555 0.015625 0.06527777777777778
0 0.862109375 0.4340277777777778 0.03828125 0.0763888888888889
1 0.6484375 0.7284722222222222 0.13125 0.23472222222222222
1 0.409375 0.8138888888888889 0.125 0.3472222222222222
1 0.41171875 0.2298611111111111 0.040625 0.09861111111111111
3 0.411328125 0.3638888888888889 0.07109375 0.18611111111111112
3 0.41171875 0.2298611111111111 0.040625 0.09861111111111111
0 0.48671875 0.2916666666666667 0.0171875 0.05277777777777778
0 0.33515625 0.3138888888888889 0.015625 0.05277777777777778
