0 0.565625 0.7409722222222223 0.0640625 0.18472222222222223
0 0.775390625 0.6131944444444445 0.02890625 0.1375
0 0.84609375 0.46944444444444444 0.0140625 0.06666666666666667
0 0.71015625 0.4638888888888889 0.0203125 0.07222222222222222
0 0.813671875 0.47638888888888886 0.01640625 0.06111111111111111
0 0.68515625 0.4201388888888889 0.01875 0.06805555555555555
0 0.759765625 0.5493055555555556 0.02265625 0.10138888888888889
0 0.830078125 0.4548611111111111 0.01640625 0.0625
0 0.712109375 0.55625 0.02890625 0.12083333333333333
0 0.81328125 0.5708333333333333 0.028125 0.11666666666666667
0 0.7296875 0.4340277777777778 0.015625 0.059722222222222225
0 0.792578125 0.5305555555555556 0.01953125 0.07222222222222222
1 0.758984375 0.4652777777777778 0.05390625 0.075
1 0.79453125 0.4444444444444444 0.0359375 0.05555555555555555
3 0.408984375 0.5423611111111111 0.50703125 0.5125
3 0.813671875 0.3763888888888889 0.06015625 0.11388888888888889
