0 0.92109375 0.60625 0.0203125 0.07916666666666666
0 0.594140625 0.5340277777777778 0.01953125 0.08472222222222223
0 0.751171875 0.6 0.02578125 0.10833333333333334
0 0.828125 0.7055555555555556 0.0296875 0.1361111111111111
0 0.76640625 0.7576388888888889 0.03125 0.14027777777777778
0 0.709765625 0.8104166666666667 0.03359375 0.16805555555555557
0 0.655859375 0.6826388888888889 0.03359375 0.12361111111111112
0 0.62578125 0.7645833333333333 0.028125 0.15416666666666667
0 0.56484375 0.7027777777777777 0.0359375 0.125
0 0.55546875 0.9055555555555556 0.046875 0.175
1 0.201953125 0.9208333333333333 0.26953125 0.15833333333333333
