0 0.290625 0.11180555555555556 0.0296875 0.0625
0 0.534375 0.17847222222222223 0.03125 0.0625
0 0.51640625 0.2513888888888889 0.0296875 0.09722222222222222
0 0.4921875 0.3055555555555556 0.0421875 0.1111111111111111
0 0.21796875 0.4340277777777778 0.071875 0.1875
0 0.136328125 0.6104166666666667 0.11015625 0.2902777777777778
0 0.662890625 0.26180555555555557 0.02890625 0.07361111111111111
0 0.651171875 0.4527777777777778 0.04765625 0.1527777777777778
0 0.68046875 0.47708333333333336 0.0484375 0.1625
0 0.634375 0.1701388888888889 0.0125 0.04027777777777778
0 0.646875 0.17916666666666667 0.0109375 0.044444444444444446
