0 0.721875 0.5465277777777777 0.03125 0.1125
0 0.587109375 0.4625 0.03046875 0.08888888888888889
0 0.644140625 0.425 0.02421875 0.07222222222222222
0 0.719921875 0.7659722222222223 0.05546875 0.20416666666666666
0 0.784765625 0.5631944444444444 0.02734375 0.10972222222222222
0 0.815625 0.5104166666666666 0.0203125 0.08472222222222223
0 0.838671875 0.5208333333333334 0.02265625 0.08055555555555556
0 0.753125 0.6173611111111111 0.034375 0.13472222222222222
0 0.73203125 0.41597222222222224 0.0171875 0.0625
0 0.767578125 0.49236111111111114 0.03046875 0.10138888888888889
0 0.703515625 0.4083333333333333 0.01328125 0.05555555555555555
0 0.851953125 0.50625 0.01796875 0.07916666666666666
1 0.679296875 0.45694444444444443 0.06171875 0.08333333333333333
3 0.30234375 0.6951388888888889 0.6046875 0.6097222222222223
0 0.6921875 0.39305555555555555 0.0109375 0.044444444444444446
2 0.800390625 0.43680555555555556 0.08515625 0.09027777777777778
0 0.725390625 0.39791666666666664 0.01640625 0.06805555555555555
