0 0.736328125 0.5597222222222222 0.03046875 0.07777777777777778
0 0.7984375 0.5479166666666667 0.034375 0.10138888888888889
3 0.787890625 0.79375 0.22421875 0.4125
0 0.30234375 0.6479166666666667 0.0859375 0.20972222222222223
1 0.1515625 0.7930555555555555 0.128125 0.2111111111111111
0 0.123046875 0.575 0.03671875 0.10833333333333334
0 0.0546875 0.6027777777777777 0.03125 0.10833333333333334
0 0.177734375 0.4409722222222222 0.02421875 0.06527777777777778
1 0.319921875 0.3298611111111111 0.03359375 0.05694444444444444
3 0.5234375 0.42291666666666666 0.0796875 0.16527777777777777
0 0.591015625 0.32569444444444445 0.01953125 0.059722222222222225
0 0.596484375 0.2902777777777778 0.01328125 0.05
0 0.647265625 0.28194444444444444 0.02265625 0.05
0 0.56328125 0.27361111111111114 0.0140625 0.06111111111111111
