0 0.344140625 0.3298611111111111 0.06328125 0.16527777777777777
0 0.48125 0.2833333333333333 0.0390625 0.11388888888888889
0 0.554296875 0.43333333333333335 0.05078125 0.16111111111111112
0 0.5765625 0.3611111111111111 0.0421875 0.1388888888888889
0 0.62421875 0.4173611111111111 0.04375 0.14305555555555555
0 0.26796875 0.8645833333333334 0.1265625 0.2708333333333333
1 0.061328125 0.7465277777777778 0.12265625 0.35694444444444445
0 0.70625 0.32222222222222224 0.0515625 0.09444444444444444
0 0.671484375 0.29930555555555555 0.02421875 0.09027777777777778
0 0.474609375 0.23055555555555557 0.03046875 0.08611111111111111
2 0.6046875 0.19236111111111112 0.0640625 0.10694444444444444
3 0.6296875 0.2604166666666667 0.0515625 0.10138888888888889
0 0.257421875 0.10138888888888889 0.03828125 0.058333333333333334
1 0.659765625 0.16875 0.02890625 0.05416666666666667
0 0.664453125 0.23680555555555555 0.01953125 0.059722222222222225
0 0.6828125 0.25833333333333336 0.01875 0.07222222222222222
0 0.63828125 0.32569444444444445 0.0328125 0.09861111111111111
