0 0.43203125 0.7527777777777778 0.065625 0.14166666666666666
0 0.7 0.8638888888888889 0.096875 0.16666666666666666
0 0.33046875 0.5875 0.046875 0.11666666666666667
0 0.178515625 0.51875 0.02265625 0.12083333333333333
0 0.28359375 0.45416666666666666 0.0359375 0.09444444444444444
0 0.18671875 0.3798611111111111 0.0203125 0.05694444444444444
0 0.1359375 0.3680555555555556 0.01875 0.075
0 0.144921875 0.2673611111111111 0.01015625 0.05416666666666667
0 0.1125 0.27708333333333335 0.009375 0.05416666666666667
1 0.28359375 0.34375 0.0796875 0.10972222222222222
1 0.29296875 0.27708333333333335 0.06875 0.06805555555555555
1 0.19765625 0.2743055555555556 0.0453125 0.06805555555555555
1 0.162109375 0.21041666666666667 0.02890625 0.04027777777777778
1 0.125390625 0.18333333333333332 0.02734375 0.03611111111111111
1 0.101953125 0.1909722222222222 0.01640625 0.029166666666666667
3 0.57890625 0.2520833333333333 0.0796875 0.0763888888888889
1 0.655859375 0.2520833333333333 0.04765625 0.05416666666666667
1 0.883203125 0.3423611111111111 0.05703125 0.0625
2 0.903515625 0.4131944444444444 0.10390625 0.08472222222222223
3 0.676953125 0.3472222222222222 0.15234375 0.12777777777777777
