1 0.153125 0.24027777777777778 0.034375 0.058333333333333334
1 0.203515625 0.2826388888888889 0.05078125 0.07083333333333333
1 0.32578125 0.3194444444444444 0.0796875 0.09722222222222222
1 0.366015625 0.4215277777777778 0.12734375 0.17083333333333334
1 0.4015625 0.6576388888888889 0.184375 0.2708333333333333
0 0.087890625 0.2569444444444444 0.01796875 0.058333333333333334
0 0.323046875 0.25 0.03671875 0.06388888888888888
0 0.483984375 0.2590277777777778 0.04140625 0.0625
0 0.15390625 0.3638888888888889 0.03125 0.1
0 0.15625 0.4840277777777778 0.0453125 0.1486111111111111
0 0.74765625 0.6715277777777777 0.065625 0.2125
0 0.85078125 0.7097222222222223 0.0671875 0.2111111111111111
