0 0.823828125 0.6326388888888889 0.03203125 0.13194444444444445
0 0.651171875 0.8291666666666667 0.05234375 0.26944444444444443
0 0.487890625 0.6236111111111111 0.06015625 0.16111111111111112
0 0.3984375 0.6270833333333333 0.0625 0.1736111111111111
0 0.318359375 0.6118055555555556 0.07265625 0.16805555555555557
0 0.4734375 0.5013888888888889 0.046875 0.09722222222222222
0 0.598046875 0.48125 0.03515625 0.10416666666666667
0 0.629296875 0.44166666666666665 0.02890625 0.09722222222222222
0 0.664453125 0.45625 0.03046875 0.09027777777777778
0 0.697265625 0.4673611111111111 0.02578125 0.0875
0 0.744140625 0.4361111111111111 0.02109375 0.08888888888888889
0 0.769921875 0.5 0.01640625 0.08888888888888889
0 0.82421875 0.5041666666666667 0.0171875 0.08055555555555556
