0 0.412109375 0.9506944444444444 0.05859375 0.09861111111111111
0 0.6046875 0.7888888888888889 0.0390625 0.18055555555555555
0 0.442578125 0.6493055555555556 0.03046875 0.14305555555555555
0 0.527734375 0.5506944444444445 0.02421875 0.09583333333333334
0 0.319140625 0.6416666666666667 0.02890625 0.1
0 0.362890625 0.5520833333333334 0.02265625 0.08194444444444444
0 0.259765625 0.8618055555555556 0.04609375 0.1375
0 0.465234375 0.47847222222222224 0.01796875 0.07916666666666666
0 0.44921875 0.4666666666666667 0.0125 0.06666666666666667
0 0.500390625 0.49375 0.02109375 0.0763888888888889
0 0.503125 0.4375 0.015625 0.05555555555555555
0 0.4609375 0.4013888888888889 0.0125 0.03611111111111111
0 0.45625 0.43333333333333335 0.0109375 0.03888888888888889
