0 0.76171875 0.5493055555555556 0.0328125 0.12638888888888888
0 0.752734375 0.4513888888888889 0.02890625 0.10277777777777777
0 0.689453125 0.37916666666666665 0.02265625 0.09166666666666666
0 0.637109375 0.6902777777777778 0.03828125 0.1527777777777778
0 0.16796875 0.6611111111111111 0.0375 0.16944444444444445
0 0.47265625 0.6715277777777777 0.0390625 0.1375
0 0.29765625 0.5208333333333334 0.025 0.125
0 0.566015625 0.40625 0.02265625 0.09583333333333334
0 0.203515625 0.5375 0.03046875 0.1388888888888889
0 0.605078125 0.25833333333333336 0.01328125 0.06388888888888888
0 0.258984375 0.5916666666666667 0.02734375 0.14166666666666666
0 0.61875 0.3416666666666667 0.0234375 0.08333333333333333
0 0.308203125 0.42083333333333334 0.01953125 0.09166666666666666
0 0.715625 0.4618055555555556 0.028125 0.10972222222222222
0 0.505859375 0.7993055555555556 0.04453125 0.17916666666666667
0 0.11796875 0.3854166666666667 0.0515625 0.09583333333333334
0 0.330078125 0.4888888888888889 0.02890625 0.1111111111111111
0 0.266015625 0.4513888888888889 0.02578125 0.10555555555555556
0 0.40234375 0.29444444444444445 0.0234375 0.06111111111111111
0 0.25859375 0.5048611111111111 0.0234375 0.11527777777777778
0 0.66484375 0.3548611111111111 0.0203125 0.0875
0 0.536328125 0.22569444444444445 0.01640625 0.0625
0 0.306640625 0.3388888888888889 0.02421875 0.06944444444444445
0 0.5265625 0.6861111111111111 0.05 0.125
0 0.2796875 0.38680555555555557 0.015625 0.07361111111111111
0 0.643359375 0.3229166666666667 0.02109375 0.07361111111111111
0 0.66875 0.3090277777777778 0.021875 0.07361111111111111
1 0.51640625 0.56875 0.1140625 0.17083333333333334
1 0.627734375 0.8805555555555555 0.14140625 0.21666666666666667
1 0.55859375 0.3104166666666667 0.04375 0.08472222222222223
1 0.665625 0.475 0.065625 0.12222222222222222
1 0.030078125 0.41944444444444445 0.06015625 0.11388888888888889
1 0.3609375 0.33611111111111114 0.046875 0.07777777777777778
1 0.352734375 0.6180555555555556 0.07734375 0.19444444444444445
3 0.40078125 0.44027777777777777 0.0859375 0.20555555555555555
1 0.456640625 0.2791666666666667 0.03984375 0.08333333333333333
0 0.265625 0.3611111111111111 0.0265625 0.06944444444444445
0 0.344921875 0.4236111111111111 0.02578125 0.08611111111111111
