0 0.733984375 0.43194444444444446 0.04296875 0.13055555555555556
0 0.10625 0.2423611111111111 0.015625 0.043055555555555555
0 0.11796875 0.26180555555555557 0.0171875 0.04861111111111111
0 0.133203125 0.29583333333333334 0.02265625 0.075
0 0.146875 0.35138888888888886 0.0296875 0.08611111111111111
0 0.128125 0.4465277777777778 0.0625 0.12916666666666668
0 0.191796875 0.3215277777777778 0.02578125 0.09305555555555556
0 0.201953125 0.23680555555555555 0.02421875 0.05694444444444444
0 0.2234375 0.225 0.0203125 0.06388888888888888
0 0.2875 0.23680555555555555 0.0328125 0.05138888888888889
1 0.1796875 0.2673611111111111 0.05 0.06805555555555555
1 0.458984375 0.3958333333333333 0.14296875 0.125
