0 0.791015625 0.4777777777777778 0.02109375 0.075
0 0.05859375 0.7680555555555556 0.109375 0.21944444444444444
0 0.736328125 0.8 0.06953125 0.20833333333333334
0 0.822265625 0.4597222222222222 0.01796875 0.06666666666666667
0 0.13046875 0.66875 0.0890625 0.1763888888888889
0 0.51796875 0.4888888888888889 0.034375 0.10277777777777777
0 0.58828125 0.45069444444444445 0.0328125 0.09583333333333334
0 0.860546875 0.4666666666666667 0.01640625 0.06666666666666667
0 0.84140625 0.4597222222222222 0.01875 0.06388888888888888
0 0.625 0.4388888888888889 0.025 0.05555555555555555
3 0.653125 0.5569444444444445 0.1609375 0.25277777777777777
1 0.743359375 0.5118055555555555 0.05390625 0.11527777777777778
2 0.7328125 0.3923611111111111 0.053125 0.09027777777777778
3 0.42421875 0.7576388888888889 0.3859375 0.4736111111111111
1 0.79140625 0.4305555555555556 0.0359375 0.05277777777777778
0 0.779296875 0.4444444444444444 0.01953125 0.05277777777777778
0 0.805078125 0.44583333333333336 0.01640625 0.06388888888888888
0 0.6859375 0.4215277777777778 0.021875 0.04027777777777778
0 0.910546875 0.5819444444444445 0.03359375 0.10833333333333334
0 0.939453125 0.8944444444444445 0.08359375 0.11666666666666667
0 0.916015625 0.8270833333333333 0.05859375 0.10416666666666667
0 0.433984375 0.5118055555555555 0.03828125 0.05416666666666667
