1 0.421875 0.4708333333333333 0.13125 0.1638888888888889
1 0.28359375 0.3263888888888889 0.0765625 0.1
1 0.182421875 0.32708333333333334 0.06640625 0.10138888888888889
2 0.54765625 0.3375 0.13125 0.11666666666666667
3 0.5 0.24861111111111112 0.1125 0.12222222222222222
0 0.344921875 0.2548611111111111 0.03515625 0.059722222222222225
0 0.288671875 0.24513888888888888 0.02734375 0.04861111111111111
0 0.266796875 0.2465277777777778 0.02265625 0.04583333333333333
0 0.115625 0.3138888888888889 0.0203125 0.07222222222222222
0 0.10859375 0.275 0.01875 0.06944444444444445
0 0.20859375 0.5097222222222222 0.0375 0.15555555555555556
