3 0.462109375 0.2388888888888889 0.10703125 0.09722222222222222
1 0.27578125 0.34791666666666665 0.0765625 0.11527777777777778
0 0.1328125 0.3576388888888889 0.025 0.09861111111111111
0 0.22109375 0.23680555555555555 0.0203125 0.05138888888888889
0 0.21484375 0.41944444444444445 0.034375 0.10833333333333334
0 0.234765625 0.5027777777777778 0.03984375 0.14166666666666666
0 0.298828125 0.475 0.05390625 0.14722222222222223
0 0.43203125 0.38472222222222224 0.059375 0.10833333333333334
0 0.7421875 0.5472222222222223 0.05 0.13333333333333333
0 0.320703125 0.2604166666666667 0.03359375 0.06527777777777778
0 0.34375 0.2590277777777778 0.028125 0.0625
