0 0.3765625 0.15763888888888888 0.04375 0.07361111111111111
0 0.381640625 0.3486111111111111 0.05703125 0.1638888888888889
0 0.53125 0.5138888888888888 0.065625 0.2222222222222222
0 0.590234375 0.3423611111111111 0.04296875 0.12638888888888888
0 0.653515625 0.45416666666666666 0.04609375 0.14722222222222223
0 0.68203125 0.47708333333333336 0.040625 0.15416666666666667
0 0.684375 0.24097222222222223 0.0171875 0.0625
0 0.6640625 0.2375 0.01875 0.06388888888888888
0 0.6515625 0.19930555555555557 0.015625 0.05694444444444444
0 0.620703125 0.16666666666666666 0.01171875 0.04722222222222222
