0 0.6671875 0.5034722222222222 0.0453125 0.09861111111111111
0 0.7359375 0.5243055555555556 0.040625 0.10972222222222222
0 0.460546875 0.3576388888888889 0.05234375 0.09305555555555556
0 0.137890625 0.3263888888888889 0.02734375 0.075
0 0.08046875 0.26458333333333334 0.015625 0.06527777777777778
3 0.128125 0.23402777777777778 0.0390625 0.0875
3 0.214453125 0.26805555555555555 0.06328125 0.1388888888888889
1 0.29765625 0.2986111111111111 0.0609375 0.075
1 0.384765625 0.3645833333333333 0.08515625 0.10138888888888889
1 0.36640625 0.43125 0.1125 0.16805555555555557
1 0.704296875 0.6479166666666667 0.18984375 0.24027777777777778
