0 0.284765625 0.2965277777777778 0.01171875 0.0375
0 0.223828125 0.32569444444444445 0.01484375 0.04583333333333333
0 0.08203125 0.5708333333333333 0.034375 0.08333333333333333
0 0.952734375 0.84375 0.06015625 0.1763888888888889
0 0.61875 0.3958333333333333 0.0203125 0.08333333333333333
0 0.59453125 0.3527777777777778 0.01875 0.06666666666666667
0 0.44140625 0.29305555555555557 0.0296875 0.04722222222222222
3 0.8375 0.34791666666666665 0.13125 0.15694444444444444
3 0.362109375 0.2951388888888889 0.06328125 0.2013888888888889
1 0.323046875 0.30486111111111114 0.02421875 0.059722222222222225
