0 0.634765625 0.88125 0.04296875 0.22083333333333333
0 0.259375 0.8770833333333333 0.0375 0.16527777777777777
0 0.21640625 0.9006944444444445 0.0421875 0.14027777777777778
0 0.322265625 0.6423611111111112 0.03203125 0.10138888888888889
0 0.42734375 0.6659722222222222 0.0296875 0.15416666666666667
0 0.4578125 0.61875 0.0328125 0.15138888888888888
0 0.362890625 0.5381944444444444 0.01953125 0.0763888888888889
0 0.385546875 0.5298611111111111 0.02578125 0.10416666666666667
0 0.454296875 0.49444444444444446 0.02578125 0.09166666666666666
0 0.526171875 0.5138888888888888 0.02578125 0.09166666666666666
