0 0.919140625 0.6090277777777777 0.02265625 0.06805555555555555
0 0.57421875 0.6006944444444444 0.0265625 0.10416666666666667
0 0.62890625 0.65 0.025 0.11388888888888889
0 0.65546875 0.7479166666666667 0.034375 0.13194444444444445
0 0.68359375 0.8298611111111112 0.0375 0.15694444444444444
0 0.74375 0.7402777777777778 0.0234375 0.14166666666666666
0 0.780078125 0.6534722222222222 0.02421875 0.12361111111111112
0 0.8390625 0.7333333333333333 0.0328125 0.15555555555555556
0 0.760546875 0.9222222222222223 0.04921875 0.15555555555555556
0 0.59609375 0.8888888888888888 0.04375 0.16944444444444445
0 0.63515625 0.9375 0.04375 0.125
0 0.511328125 0.9444444444444444 0.04765625 0.1111111111111111
0 0.808203125 0.5618055555555556 0.01796875 0.05694444444444444
0 0.745703125 0.5548611111111111 0.01796875 0.0625
0 0.71015625 0.5430555555555555 0.01875 0.06666666666666667
0 0.68125 0.5361111111111111 0.0203125 0.058333333333333334
1 0.473828125 0.5611111111111111 0.07734375 0.1
1 0.40546875 0.6993055555555555 0.1390625 0.1597222222222222
1 0.42421875 0.8826388888888889 0.2 0.23472222222222222
