0 0.5484375 0.7319444444444444 0.0265625 0.17777777777777778
0 0.59375 0.7 0.03125 0.16666666666666666
0 0.465234375 0.7965277777777777 0.03828125 0.17916666666666667
0 0.50234375 0.9173611111111111 0.0796875 0.16527777777777777
0 0.258984375 0.8430555555555556 0.02734375 0.08611111111111111
0 0.320703125 0.65 0.03515625 0.1111111111111111
0 0.364453125 0.5506944444444445 0.02265625 0.07083333333333333
0 0.44765625 0.4791666666666667 0.0203125 0.08333333333333333
0 0.512890625 0.45416666666666666 0.02109375 0.06944444444444445
0 0.57578125 0.5486111111111112 0.0234375 0.06666666666666667
1 0.4609375 0.4152777777777778 0.0328125 0.05555555555555555
1 0.4453125 0.5798611111111112 0.065625 0.11805555555555555
