0 0.474609375 0.7208333333333333 0.04609375 0.18055555555555555
0 0.57890625 0.6833333333333333 0.04375 0.175
0 0.513671875 0.5652777777777778 0.02890625 0.12222222222222222
0 0.432421875 0.5777777777777777 0.02890625 0.11666666666666667
0 0.5765625 0.5534722222222223 0.025 0.06527777777777778
0 0.26015625 0.8576388888888888 0.0515625 0.12361111111111112
0 0.364453125 0.5534722222222223 0.02421875 0.07361111111111111
0 0.3203125 0.6430555555555556 0.0296875 0.10277777777777777
0 0.512109375 0.44583333333333336 0.01640625 0.05
1 0.456640625 0.38819444444444445 0.02578125 0.034722222222222224
0 0.4921875 0.3909722222222222 0.0109375 0.04027777777777778
