0 0.650390625 0.8645833333333334 0.06328125 0.20416666666666666
0 0.5015625 0.9083333333333333 0.0859375 0.17222222222222222
0 0.751953125 0.7847222222222222 0.04765625 0.18888888888888888
0 0.6515625 0.6708333333333333 0.0390625 0.13333333333333333
0 0.669921875 0.41944444444444445 0.02109375 0.06944444444444445
0 0.75390625 0.5638888888888889 0.025 0.1
0 0.773828125 0.6131944444444445 0.02734375 0.12361111111111112
0 0.8390625 0.6402777777777777 0.0265625 0.11666666666666667
0 0.703125 0.6979166666666666 0.0515625 0.1763888888888889
0 0.806640625 0.5909722222222222 0.02734375 0.10416666666666667
0 0.837109375 0.50625 0.01484375 0.05694444444444444
0 0.7359375 0.38055555555555554 0.0125 0.04722222222222222
1 0.64921875 0.5625 0.0953125 0.10833333333333334
1 0.73671875 0.48194444444444445 0.0578125 0.08888888888888889
3 0.499609375 0.4979166666666667 0.18359375 0.24027777777777778
3 0.796484375 0.3590277777777778 0.05859375 0.10138888888888889
0 0.71484375 0.5743055555555555 0.021875 0.0763888888888889
0 0.876953125 0.6756944444444445 0.03203125 0.1597222222222222
0 0.780078125 0.49583333333333335 0.01484375 0.08333333333333333
0 0.794921875 0.4777777777777778 0.01328125 0.06666666666666667
0 0.86953125 0.48819444444444443 0.0171875 0.07083333333333333
0 0.804296875 0.5076388888888889 0.01640625 0.0625
0 0.825390625 0.5395833333333333 0.01953125 0.07083333333333333
