0 0.748046875 0.5965277777777778 0.05703125 0.1736111111111111
0 0.26171875 0.5145833333333333 0.0546875 0.1597222222222222
0 0.371484375 0.5180555555555556 0.05078125 0.17777777777777778
0 0.2515625 0.24097222222222223 0.0265625 0.05138888888888889
0 0.269921875 0.2423611111111111 0.02890625 0.06527777777777778
0 0.290234375 0.2388888888888889 0.03203125 0.058333333333333334
1 0.189453125 0.23125 0.04609375 0.05694444444444444
1 0.18984375 0.2659722222222222 0.04375 0.06805555555555555
1 0.2421875 0.3215277777777778 0.0734375 0.10416666666666667
1 0.3484375 0.2534722222222222 0.0828125 0.07083333333333333
