1 0.46796875 0.6409722222222223 0.0859375 0.1986111111111111
0 0.26015625 0.8631944444444445 0.03125 0.13194444444444445
0 0.5671875 0.6152777777777778 0.03125 0.10833333333333334
0 0.319921875 0.6430555555555556 0.03046875 0.09444444444444444
0 0.364453125 0.5506944444444445 0.02109375 0.0625
1 0.43046875 0.45694444444444443 0.0375 0.075
0 0.53671875 0.5381944444444444 0.01875 0.0875
0 0.551171875 0.5222222222222223 0.01640625 0.08611111111111111
0 0.576171875 0.5451388888888888 0.01796875 0.0625
0 0.597265625 0.5506944444444445 0.02421875 0.07083333333333333
1 0.476171875 0.5208333333333334 0.05234375 0.08888888888888889
0 0.45546875 0.4048611111111111 0.0125 0.043055555555555555
