0 0.791015625 0.5881944444444445 0.02890625 0.11805555555555555
0 0.1359375 0.8534722222222222 0.1046875 0.22083333333333333
0 0.6984375 0.7506944444444444 0.0453125 0.18472222222222223
0 0.80703125 0.6965277777777777 0.0359375 0.15416666666666667
0 0.3171875 0.55 0.0609375 0.1361111111111111
0 0.62890625 0.4076388888888889 0.01875 0.0625
1 0.722265625 0.5076388888888889 0.06015625 0.09027777777777778
1 0.782421875 0.4652777777777778 0.04296875 0.06388888888888888
3 0.798046875 0.38125 0.06796875 0.12916666666666668
0 0.848828125 0.46944444444444444 0.01015625 0.05555555555555555
0 0.836328125 0.4722222222222222 0.01484375 0.05555555555555555
0 0.822265625 0.49583333333333335 0.01328125 0.075
0 0.82578125 0.5465277777777777 0.01875 0.08472222222222223
