0 0.286328125 0.40069444444444446 0.06796875 0.18472222222222223
0 0.38046875 0.48333333333333334 0.0546875 0.19444444444444445
0 0.41640625 0.6944444444444444 0.0828125 0.24444444444444444
0 0.58828125 0.5381944444444444 0.0421875 0.1875
0 0.546484375 0.42777777777777776 0.04140625 0.15
0 0.62421875 0.3472222222222222 0.034375 0.12777777777777777
0 0.549609375 0.30625 0.02421875 0.10138888888888889
0 0.53984375 0.24444444444444444 0.0265625 0.1
0 0.5078125 0.2791666666666667 0.0328125 0.10277777777777777
0 0.438671875 0.3138888888888889 0.03984375 0.13055555555555556
0 0.375 0.3347222222222222 0.04375 0.13055555555555556
0 0.40546875 0.26458333333333334 0.0265625 0.0875
0 0.3640625 0.28125 0.0375 0.11527777777777778
0 0.485546875 0.2513888888888889 0.02578125 0.09166666666666666
0 0.67265625 0.24166666666666667 0.0171875 0.07222222222222222
0 0.59921875 0.19652777777777777 0.015625 0.059722222222222225
