0 0.137890625 0.5395833333333333 0.09609375 0.25972222222222224
0 0.30234375 0.7881944444444444 0.11875 0.28194444444444444
0 0.3859375 0.3215277777777778 0.0421875 0.13194444444444445
0 0.410546875 0.3590277777777778 0.06328125 0.15694444444444444
0 0.469921875 0.31666666666666665 0.03671875 0.13055555555555556
0 0.54453125 0.2652777777777778 0.025 0.09444444444444444
0 0.53203125 0.225 0.025 0.08611111111111111
0 0.626171875 0.38819444444444445 0.03984375 0.13472222222222222
0 0.645703125 0.3368055555555556 0.02578125 0.09861111111111111
0 0.685546875 0.47847222222222224 0.04140625 0.15416666666666667
0 0.76953125 0.9006944444444445 0.1359375 0.1986111111111111
0 0.650390625 0.2361111111111111 0.02265625 0.06944444444444445
0 0.587109375 0.20833333333333334 0.03359375 0.06111111111111111
0 0.6828125 0.25277777777777777 0.0140625 0.06388888888888888
0 0.616796875 0.18263888888888888 0.01484375 0.04861111111111111
0 0.63828125 0.18819444444444444 0.015625 0.05416666666666667
0 0.65390625 0.19652777777777777 0.0125 0.04027777777777778
0 0.679296875 0.22430555555555556 0.01640625 0.05416666666666667
