0 0.32890625 0.26944444444444443 0.0140625 0.05
3 0.498046875 0.33819444444444446 0.07421875 0.16805555555555557
0 0.559375 0.25 0.01875 0.06111111111111111
0 0.250390625 0.34444444444444444 0.01640625 0.07777777777777778
0 0.657421875 0.3715277777777778 0.02421875 0.08194444444444444
0 0.733984375 0.5055555555555555 0.03046875 0.11666666666666667
0 0.9546875 0.8194444444444444 0.065625 0.18611111111111112
1 0.203515625 0.7548611111111111 0.12421875 0.25972222222222224
0 0.63515625 0.3923611111111111 0.028125 0.08194444444444444
0 0.589453125 0.25972222222222224 0.02421875 0.05555555555555555
0 0.399609375 0.3388888888888889 0.02421875 0.05555555555555555
