1 0.326171875 0.36527777777777776 0.09609375 0.1111111111111111
1 0.519921875 0.7319444444444444 0.21953125 0.2861111111111111
1 0.850390625 0.8652777777777778 0.23515625 0.26944444444444443
1 0.929296875 0.8020833333333334 0.14140625 0.24583333333333332
1 0.187109375 0.275 0.04140625 0.058333333333333334
1 0.120703125 0.26805555555555555 0.03203125 0.04722222222222222
3 0.509765625 0.4722222222222222 0.16953125 0.28055555555555556
3 0.537109375 0.33194444444444443 0.14609375 0.12777777777777777
1 0.77890625 0.40555555555555556 0.115625 0.1
0 0.12421875 0.3527777777777778 0.0203125 0.08333333333333333
0 0.1921875 0.48125 0.0265625 0.13472222222222222
0 0.374609375 0.80625 0.06640625 0.24305555555555555
0 0.7265625 0.5402777777777777 0.028125 0.14166666666666666
