1 0.5546875 0.6208333333333333 0.078125 0.1361111111111111
1 0.65859375 0.5784722222222223 0.065625 0.09583333333333334
1 0.49609375 0.8958333333333334 0.1578125 0.18888888888888888
3 0.2671875 0.8291666666666667 0.2890625 0.3416666666666667
0 0.684765625 0.7840277777777778 0.04140625 0.1597222222222222
0 0.847265625 0.8722222222222222 0.05390625 0.16666666666666666
0 0.80234375 0.6333333333333333 0.034375 0.11388888888888889
0 0.7265625 0.6222222222222222 0.0265625 0.10833333333333334
0 0.92421875 0.6006944444444444 0.01875 0.07083333333333333
0 0.81796875 0.5756944444444444 0.025 0.07083333333333333
0 0.780859375 0.5701388888888889 0.01484375 0.0763888888888889
0 0.753125 0.5618055555555556 0.015625 0.07083333333333333
0 0.721875 0.5354166666666667 0.015625 0.0375
0 0.560546875 0.5020833333333333 0.01796875 0.04583333333333333
0 0.594140625 0.5034722222222222 0.01796875 0.034722222222222224
0 0.6359375 0.3923611111111111 0.015625 0.043055555555555555
0 0.650390625 0.9111111111111111 0.04296875 0.17777777777777778
0 0.775390625 0.9097222222222222 0.05078125 0.175
