0 0.23203125 0.4777777777777778 0.0375 0.13333333333333333
0 0.26796875 0.43194444444444446 0.034375 0.11388888888888889
0 0.73046875 0.49375 0.03125 0.11527777777777778
0 0.75625 0.46597222222222223 0.0328125 0.10138888888888889
0 0.126953125 0.3020833333333333 0.02265625 0.07083333333333333
3 0.353515625 0.3611111111111111 0.09453125 0.17777777777777778
2 0.5359375 0.24375 0.1328125 0.09305555555555556
1 0.22109375 0.30486111111111114 0.059375 0.0875
1 0.142578125 0.23958333333333334 0.02890625 0.04583333333333333
1 0.192578125 0.24027777777777778 0.03828125 0.04722222222222222
1 0.238671875 0.2652777777777778 0.05078125 0.058333333333333334
