0 0.609375 0.6979166666666666 0.046875 0.16527777777777777
0 0.64453125 0.8423611111111111 0.065625 0.20694444444444443
0 0.736328125 0.6847222222222222 0.04453125 0.16111111111111112
0 0.5125 0.475 0.03125 0.10555555555555556
0 0.63984375 0.4201388888888889 0.0203125 0.05694444444444444
3 0.737109375 0.3729166666666667 0.05546875 0.1486111111111111
0 0.790625 0.6229166666666667 0.0265625 0.13194444444444445
0 0.755078125 0.5465277777777777 0.01953125 0.09305555555555556
0 0.7984375 0.5305555555555556 0.0203125 0.09444444444444444
0 0.831640625 0.56875 0.02265625 0.10138888888888889
1 0.7796875 0.49444444444444446 0.0484375 0.08055555555555556
0 0.841796875 0.4756944444444444 0.01796875 0.06527777777777778
3 0.791015625 0.38819444444444445 0.07578125 0.12638888888888888
