0 0.406640625 0.33819444444444446 0.01796875 0.07916666666666666
0 0.60703125 0.30277777777777776 0.025 0.09166666666666666
0 0.309375 0.3013888888888889 0.021875 0.06111111111111111
1 0.11796875 0.9055555555555556 0.165625 0.18888888888888888
0 0.590625 0.31319444444444444 0.01875 0.09305555555555556
0 0.21640625 0.4097222222222222 0.0234375 0.08611111111111111
0 0.968359375 0.3111111111111111 0.03359375 0.10277777777777777
0 0.660546875 0.3902777777777778 0.02265625 0.09722222222222222
0 0.775390625 0.5527777777777778 0.03359375 0.1361111111111111
3 0.4734375 0.2861111111111111 0.046875 0.11944444444444445
