0 0.728515625 0.6041666666666666 0.06015625 0.13055555555555556
0 0.28515625 0.5784722222222223 0.071875 0.12916666666666668
0 0.403125 0.4222222222222222 0.05625 0.09166666666666666
0 0.56640625 0.31180555555555556 0.015625 0.07916666666666666
0 0.6359375 0.25833333333333336 0.015625 0.06944444444444445
0 0.52109375 0.3215277777777778 0.0421875 0.07083333333333333
0 0.10390625 0.5729166666666666 0.08125 0.1125
0 0.526953125 0.2423611111111111 0.01484375 0.06527777777777778
0 0.403125 0.35 0.0234375 0.08611111111111111
0 0.13671875 0.5354166666666667 0.06875 0.10972222222222222
0 0.6 0.31180555555555556 0.0171875 0.07916666666666666
0 0.304296875 0.31666666666666665 0.02265625 0.08611111111111111
0 0.6046875 0.24513888888888888 0.015625 0.05416666666666667
0 0.081640625 0.3659722222222222 0.04921875 0.07083333333333333
0 0.480859375 0.3020833333333333 0.01953125 0.07083333333333333
0 0.383984375 0.29444444444444445 0.01640625 0.06666666666666667
0 0.332421875 0.29583333333333334 0.01953125 0.06944444444444445
0 0.582421875 0.2298611111111111 0.02109375 0.05138888888888889
0 0.35390625 0.29444444444444445 0.01875 0.06388888888888888
0 0.6984375 0.2881944444444444 0.025 0.07361111111111111
0 0.41796875 0.2972222222222222 0.01875 0.075
1 0.478515625 0.5159722222222223 0.17265625 0.12361111111111112
1 0.237890625 0.4354166666666667 0.14296875 0.12638888888888888
1 0.558203125 0.25416666666666665 0.02890625 0.06944444444444445
1 0.509375 0.17083333333333334 0.0265625 0.06388888888888888
1 0.45625 0.28055555555555556 0.0359375 0.1
1 0.54921875 0.18611111111111112 0.0203125 0.05277777777777778
1 0.323046875 0.17152777777777778 0.03515625 0.0625
3 0.455859375 0.27152777777777776 0.03515625 0.10416666666666667
0 0.505078125 0.29444444444444445 0.01640625 0.04722222222222222
