0 0.60546875 0.19444444444444445 0.0140625 0.05277777777777778
0 0.637890625 0.1875 0.01484375 0.05277777777777778
0 0.6640625 0.26805555555555555 0.025 0.07777777777777778
0 0.62890625 0.3701388888888889 0.0421875 0.10694444444444444
0 0.613671875 0.45208333333333334 0.03984375 0.15694444444444444
0 0.68515625 0.47847222222222224 0.04375 0.15138888888888888
0 0.41875 0.7111111111111111 0.10625 0.2833333333333333
0 0.494140625 0.9118055555555555 0.08515625 0.1736111111111111
0 0.023828125 0.6638888888888889 0.04765625 0.1527777777777778
0 0.6171875 0.17847222222222223 0.0125 0.05138888888888889
0 0.683984375 0.225 0.01640625 0.06388888888888888
