0 0.51875 0.9006944444444445 0.05625 0.1986111111111111
0 0.60625 0.8611111111111112 0.0484375 0.21944444444444444
0 0.261328125 0.8770833333333333 0.03515625 0.1625
0 0.21484375 0.9020833333333333 0.0484375 0.1736111111111111
0 0.323046875 0.6472222222222223 0.03046875 0.10277777777777777
0 0.416015625 0.5951388888888889 0.02734375 0.12361111111111112
0 0.362890625 0.5354166666666667 0.01796875 0.07083333333333333
0 0.38359375 0.5159722222222223 0.0234375 0.09583333333333334
0 0.509375 0.5319444444444444 0.025 0.09444444444444444
0 0.55390625 0.5527777777777778 0.0203125 0.10833333333333334
0 0.4734375 0.45 0.0140625 0.06388888888888888
