0 0.316796875 0.6020833333333333 0.08515625 0.13194444444444445
0 0.86953125 0.5368055555555555 0.059375 0.10972222222222222
0 0.0359375 0.4895833333333333 0.071875 0.10694444444444444
0 0.52890625 0.28680555555555554 0.01875 0.07361111111111111
0 0.608984375 0.32013888888888886 0.01640625 0.0763888888888889
0 0.080078125 0.36666666666666664 0.06171875 0.08611111111111111
0 0.370703125 0.3798611111111111 0.02734375 0.08194444444444444
0 0.9703125 0.7090277777777778 0.059375 0.1375
0 0.323046875 0.29791666666666666 0.02109375 0.07083333333333333
0 0.551171875 0.28125 0.01796875 0.07083333333333333
0 0.57421875 0.24375 0.0203125 0.06527777777777778
0 0.346875 0.2951388888888889 0.0203125 0.07083333333333333
0 0.41015625 0.2826388888888889 0.0171875 0.07083333333333333
0 0.01171875 0.3388888888888889 0.0203125 0.08888888888888889
0 0.378125 0.2951388888888889 0.021875 0.06805555555555555
0 0.594921875 0.23055555555555557 0.01640625 0.05555555555555555
0 0.496875 0.2826388888888889 0.025 0.0625
0 0.815234375 0.43194444444444446 0.03046875 0.07222222222222222
1 0.378125 0.5125 0.1453125 0.11944444444444445
1 0.300390625 0.41041666666666665 0.14296875 0.11805555555555555
1 0.4953125 0.3590277777777778 0.08125 0.0875
1 0.712109375 0.5145833333333333 0.14140625 0.12638888888888888
3 0.449609375 0.25416666666666665 0.04296875 0.13055555555555556
0 0.623046875 0.29444444444444445 0.01953125 0.06111111111111111
