0 0.543359375 0.22569444444444445 0.02421875 0.08472222222222223
0 0.47734375 0.16180555555555556 0.0359375 0.07083333333333333
0 0.32734375 0.35555555555555557 0.05625 0.15833333333333333
0 0.2859375 0.7951388888888888 0.1203125 0.27361111111111114
0 0.53203125 0.40694444444444444 0.04375 0.14722222222222223
0 0.65390625 0.4527777777777778 0.0421875 0.1388888888888889
0 0.683203125 0.47638888888888886 0.04140625 0.1527777777777778
0 0.526953125 0.32430555555555557 0.02734375 0.09583333333333334
0 0.559375 0.27291666666666664 0.0296875 0.09861111111111111
0 0.602734375 0.28402777777777777 0.02890625 0.07916666666666666
0 0.626171875 0.24305555555555555 0.02421875 0.07777777777777778
0 0.581640625 0.19722222222222222 0.01953125 0.075
0 0.666015625 0.24583333333333332 0.01796875 0.06388888888888888
