0 0.215625 0.5159722222222223 0.0453125 0.1597222222222222
0 0.689453125 0.46041666666666664 0.04296875 0.12361111111111112
0 0.7390625 0.4618055555555556 0.04375 0.12916666666666668
0 0.10859375 0.36666666666666664 0.0453125 0.09166666666666666
0 0.141015625 0.3298611111111111 0.02421875 0.08194444444444444
0 0.140234375 0.2881944444444444 0.02265625 0.05416666666666667
0 0.0609375 0.26458333333333334 0.015625 0.059722222222222225
0 0.080078125 0.2465277777777778 0.01640625 0.04861111111111111
0 0.10625 0.2611111111111111 0.0234375 0.06111111111111111
3 0.206640625 0.21944444444444444 0.07421875 0.08611111111111111
3 0.31640625 0.23125 0.10625 0.10416666666666667
3 0.494921875 0.2423611111111111 0.13671875 0.10416666666666667
2 0.2140625 0.36875 0.090625 0.16805555555555557
1 0.221484375 0.2923611111111111 0.05859375 0.0763888888888889
1 0.455859375 0.47152777777777777 0.12109375 0.16527777777777777
1 0.845703125 0.7381944444444445 0.25078125 0.3375
