0 0.227734375 0.4583333333333333 0.08359375 0.20555555555555555
0 0.404296875 0.8791666666666667 0.11015625 0.24166666666666667
0 0.575390625 0.2902777777777778 0.03515625 0.10555555555555556
0 0.671484375 0.24444444444444444 0.02265625 0.07222222222222222
0 0.570703125 0.39791666666666664 0.04921875 0.14583333333333334
0 0.606640625 0.5020833333333333 0.05546875 0.2125
0 0.652734375 0.45416666666666666 0.04296875 0.14722222222222223
0 0.683203125 0.4777777777777778 0.04453125 0.15
0 0.47890625 0.16041666666666668 0.040625 0.06527777777777778
0 0.6296875 0.16875 0.015625 0.05138888888888889
0 0.653125 0.16944444444444445 0.0140625 0.03888888888888889
