0 0.102734375 0.275 0.01484375 0.058333333333333334
0 0.1109375 0.3145833333333333 0.01875 0.07083333333333333
0 0.146484375 0.35 0.02734375 0.09444444444444444
0 0.183203125 0.37777777777777777 0.02265625 0.08055555555555556
0 0.189453125 0.4708333333333333 0.03203125 0.13055555555555556
0 0.194140625 0.6034722222222222 0.04765625 0.1736111111111111
0 0.29140625 0.30069444444444443 0.0328125 0.06805555555555555
0 0.33671875 0.3111111111111111 0.0375 0.075
0 0.334375 0.24791666666666667 0.034375 0.05694444444444444
1 0.409375 0.46944444444444444 0.1125 0.175
1 0.516015625 0.36041666666666666 0.12890625 0.10138888888888889
1 0.743359375 0.6166666666666667 0.15859375 0.21388888888888888
