0 0.3453125 0.8 0.046875 0.20277777777777778
0 0.2625 0.8701388888888889 0.0328125 0.15138888888888888
0 0.3203125 0.6423611111111112 0.028125 0.10416666666666667
0 0.36328125 0.5458333333333333 0.0203125 0.07222222222222222
0 0.506640625 0.5388888888888889 0.02421875 0.09722222222222222
0 0.528125 0.5173611111111112 0.021875 0.0875
0 0.596484375 0.5638888888888889 0.03828125 0.07222222222222222
0 0.45625 0.48541666666666666 0.0171875 0.07083333333333333
0 0.44765625 0.4270833333333333 0.0171875 0.05416666666666667
0 0.48828125 0.4284722222222222 0.0171875 0.05694444444444444
