0 0.666015625 0.7777777777777778 0.07109375 0.2111111111111111
0 0.611328125 0.4638888888888889 0.02890625 0.08611111111111111
0 0.7625 0.7798611111111111 0.0484375 0.18194444444444444
0 0.825 0.5944444444444444 0.028125 0.11944444444444445
0 0.730078125 0.64375 0.03515625 0.13194444444444445
0 0.81640625 0.49444444444444446 0.0203125 0.06944444444444445
0 0.848046875 0.4638888888888889 0.01640625 0.06388888888888888
0 0.775390625 0.6159722222222223 0.03515625 0.12916666666666668
0 0.830859375 0.475 0.01484375 0.06111111111111111
0 0.773046875 0.5555555555555556 0.02109375 0.08888888888888889
0 0.79453125 0.5833333333333334 0.0296875 0.10833333333333334
0 0.557421875 0.425 0.03984375 0.058333333333333334
0 0.798046875 0.5611111111111111 0.01953125 0.09444444444444444
1 0.544921875 0.5298611111111111 0.12734375 0.14305555555555555
1 0.70078125 0.5486111111111112 0.0875 0.12222222222222222
3 0.754296875 0.4215277777777778 0.08828125 0.15138888888888888
1 0.211328125 0.9048611111111111 0.41640625 0.19027777777777777
0 0.6046875 0.4215277777777778 0.021875 0.06805555555555555
1 0.687109375 0.4354166666666667 0.05859375 0.09027777777777778
0 0.725 0.47708333333333336 0.025 0.05138888888888889
0 0.744921875 0.5666666666666667 0.03046875 0.10833333333333334
0 0.93515625 0.8861111111111111 0.0734375 0.10277777777777777
0 0.914453125 0.8340277777777778 0.05078125 0.10694444444444444
0 0.60703125 0.6256944444444444 0.10625 0.1763888888888889
