3 0.421484375 0.25416666666666665 0.06796875 0.08888888888888889
3 0.484375 0.35694444444444445 0.196875 0.19722222222222222
1 0.21171875 0.3472222222222222 0.0765625 0.12777777777777777
1 0.41953125 0.5958333333333333 0.159375 0.24166666666666667
0 0.087109375 0.2513888888888889 0.01953125 0.05555555555555555
0 0.21796875 0.22916666666666666 0.0203125 0.04722222222222222
0 0.25390625 0.24722222222222223 0.0296875 0.05555555555555555
0 0.6296875 0.36875 0.0484375 0.0763888888888889
0 0.644140625 0.4097222222222222 0.04921875 0.10555555555555556
0 0.737109375 0.4673611111111111 0.04453125 0.12638888888888888
0 0.7671875 0.6458333333333334 0.0671875 0.18888888888888888
0 0.387109375 0.7590277777777777 0.07890625 0.22916666666666666
