1 0.669921875 0.5034722222222222 0.09140625 0.2375
1 0.319140625 0.4083333333333333 0.16171875 0.16111111111111112
1 0.407421875 0.36875 0.08515625 0.13194444444444445
1 0.284375 0.3527777777777778 0.071875 0.07777777777777778
1 0.2375 0.31666666666666665 0.065625 0.09444444444444444
1 0.3046875 0.3020833333333333 0.084375 0.1125
1 0.125390625 0.25277777777777777 0.03359375 0.06388888888888888
1 0.157421875 0.22916666666666666 0.03203125 0.05555555555555555
1 0.21171875 0.24583333333333332 0.05 0.05555555555555555
1 0.153125 0.2951388888888889 0.046875 0.0875
0 0.087109375 0.2965277777777778 0.02265625 0.0763888888888889
0 0.1375 0.32569444444444445 0.0234375 0.07361111111111111
0 0.188671875 0.3111111111111111 0.03359375 0.08055555555555556
0 0.495703125 0.4215277777777778 0.07890625 0.14305555555555555
0 0.446484375 0.2534722222222222 0.03515625 0.06805555555555555
0 0.473828125 0.25 0.03515625 0.06944444444444445
