0 0.412890625 0.31527777777777777 0.06484375 0.16666666666666666
0 0.50234375 0.2743055555555556 0.04375 0.11527777777777778
0 0.541796875 0.2625 0.03203125 0.1111111111111111
0 0.587890625 0.26875 0.03984375 0.10138888888888889
0 0.625 0.30694444444444446 0.025 0.08888888888888889
0 0.593359375 0.3875 0.05234375 0.16111111111111112
0 0.627734375 0.4701388888888889 0.03984375 0.1597222222222222
0 0.4546875 0.7111111111111111 0.11875 0.3
0 0.053125 0.6229166666666667 0.10625 0.2513888888888889
0 0.295703125 0.13194444444444445 0.06328125 0.08333333333333333
0 0.6640625 0.23333333333333334 0.0203125 0.06666666666666667
0 0.61171875 0.19375 0.0140625 0.05416666666666667
0 0.63203125 0.17916666666666667 0.0125 0.05555555555555555
0 0.6734375 0.1763888888888889 0.0109375 0.041666666666666664
0 0.585546875 0.18263888888888888 0.01640625 0.05416666666666667
