0 0.915234375 0.7222222222222222 0.02890625 0.12222222222222222
0 0.918359375 0.6020833333333333 0.01953125 0.07361111111111111
0 0.837890625 0.6659722222222222 0.02890625 0.11527777777777778
0 0.705859375 0.6701388888888888 0.02421875 0.12361111111111112
0 0.619140625 0.55 0.02890625 0.07777777777777778
0 0.446484375 0.75625 0.04765625 0.1375
0 0.46875 0.9034722222222222 0.0625 0.17916666666666667
0 0.74921875 0.6972222222222222 0.03125 0.06944444444444445
0 0.7578125 0.7979166666666667 0.0390625 0.15694444444444444
0 0.81875 0.8479166666666667 0.0421875 0.1625
