0 0.283203125 0.3034722222222222 0.01171875 0.05138888888888889
0 0.298828125 0.27361111111111114 0.01171875 0.041666666666666664
0 0.386328125 0.35208333333333336 0.02578125 0.06527777777777778
0 0.1421875 0.5576388888888889 0.03125 0.1125
0 0.676171875 0.5423611111111111 0.02421875 0.1125
0 0.651171875 0.44027777777777777 0.02890625 0.1
1 0.579296875 0.8263888888888888 0.10390625 0.19444444444444445
3 0.473046875 0.29930555555555555 0.04765625 0.09305555555555556
3 0.520703125 0.24444444444444444 0.06484375 0.13055555555555556
0 0.90859375 0.31180555555555556 0.0390625 0.0625
