1 0.41328125 0.6430555555555556 0.1265625 0.16666666666666666
3 0.2015625 0.8222222222222222 0.175 0.35555555555555557
3 0.865234375 0.8583333333333333 0.26953125 0.2833333333333333
0 0.433984375 0.42430555555555555 0.03984375 0.08194444444444444
0 0.61171875 0.3263888888888889 0.0234375 0.06666666666666667
0 0.78828125 0.4826388888888889 0.0453125 0.12083333333333333
0 0.88359375 0.5416666666666666 0.0390625 0.14166666666666666
0 0.21796875 0.38958333333333334 0.021875 0.07083333333333333
1 0.5125 0.33125 0.046875 0.06805555555555555
2 0.49609375 0.25972222222222224 0.0359375 0.07777777777777778
