0 0.65703125 0.8791666666666667 0.0421875 0.17222222222222222
0 0.774609375 0.7951388888888888 0.03984375 0.14305555555555555
0 0.819140625 0.6243055555555556 0.02578125 0.12638888888888888
0 0.919921875 0.5972222222222222 0.02265625 0.06666666666666667
0 0.744140625 0.5673611111111111 0.01796875 0.0875
0 0.7296875 0.5506944444444445 0.015625 0.06527777777777778
0 0.7625 0.5527777777777778 0.0171875 0.05277777777777778
0 0.80625 0.5583333333333333 0.0203125 0.041666666666666664
1 0.3765625 0.7409722222222223 0.1390625 0.1597222222222222
1 0.496875 0.7513888888888889 0.1296875 0.19444444444444445
1 0.654296875 0.5708333333333333 0.06796875 0.10833333333333334
1 0.680078125 0.4826388888888889 0.04296875 0.06805555555555555
3 0.55625 0.5208333333333334 0.090625 0.18333333333333332
