0 0.831640625 0.45416666666666666 0.03671875 0.10555555555555556
0 0.962890625 0.3902777777777778 0.03359375 0.10555555555555556
0 0.82421875 0.3854166666666667 0.025 0.0763888888888889
0 0.77421875 0.36319444444444443 0.03125 0.08194444444444444
2 0.60859375 0.5201388888888889 0.115625 0.24027777777777778
1 0.61640625 0.4027777777777778 0.059375 0.08055555555555556
0 0.4171875 0.42777777777777776 0.034375 0.09166666666666666
0 0.261328125 0.6506944444444445 0.06328125 0.10972222222222222
1 0.44296875 0.6180555555555556 0.125 0.16111111111111112
1 0.353125 0.375 0.0375 0.075
3 0.309375 0.3229166666666667 0.040625 0.11527777777777778
0 0.546875 0.2826388888888889 0.0171875 0.0625
0 0.621484375 0.2826388888888889 0.01953125 0.05416666666666667
