0 0.43125 0.6618055555555555 0.046875 0.10972222222222222
0 0.473828125 0.8798611111111111 0.04921875 0.16527777777777777
0 0.562890625 0.8576388888888888 0.04296875 0.16527777777777777
0 0.63984375 0.7465277777777778 0.0421875 0.13194444444444445
0 0.598828125 0.6534722222222222 0.02421875 0.10972222222222222
0 0.704296875 0.7902777777777777 0.04765625 0.16111111111111112
0 0.78828125 0.7902777777777777 0.04375 0.1638888888888889
0 0.833984375 0.93125 0.04921875 0.1375
0 0.6890625 0.6597222222222222 0.0296875 0.11666666666666667
0 0.660546875 0.5875 0.02890625 0.10277777777777777
0 0.705859375 0.5951388888888889 0.02578125 0.10694444444444444
0 0.634765625 0.5465277777777777 0.01953125 0.09583333333333334
