0 0.530078125 0.5791666666666667 0.02578125 0.11944444444444445
0 0.319921875 0.6409722222222223 0.03515625 0.1125
0 0.36484375 0.5472222222222223 0.0265625 0.07777777777777778
0 0.451953125 0.43819444444444444 0.01328125 0.06527777777777778
0 0.499609375 0.44583333333333336 0.01796875 0.06111111111111111
0 0.4890625 0.3951388888888889 0.009375 0.03194444444444444
0 0.42734375 0.42777777777777776 0.0125 0.058333333333333334
0 0.440625 0.4131944444444444 0.0125 0.04027777777777778
0 0.601171875 0.5694444444444444 0.03671875 0.07222222222222222
0 0.258203125 0.8680555555555556 0.04609375 0.15
