0 0.5296875 0.8423611111111111 0.08125 0.2569444444444444
0 0.19765625 0.6541666666666667 0.075 0.16666666666666666
0 0.589453125 0.5013888888888889 0.03671875 0.10277777777777777
0 0.6171875 0.4576388888888889 0.0265625 0.08194444444444444
0 0.782421875 0.5583333333333333 0.02734375 0.1111111111111111
0 0.3578125 0.6541666666666667 0.0859375 0.18888888888888888
0 0.479296875 0.7256944444444444 0.07421875 0.22361111111111112
0 0.6421875 0.4930555555555556 0.0296875 0.09166666666666666
0 0.531640625 0.5375 0.05390625 0.10833333333333334
0 0.454296875 0.5743055555555555 0.05546875 0.13472222222222222
0 0.649609375 0.7006944444444444 0.04921875 0.17916666666666667
0 0.828515625 0.6131944444444445 0.03046875 0.12361111111111112
0 0.74765625 0.5909722222222222 0.0296875 0.12361111111111112
0 0.659375 0.4638888888888889 0.0203125 0.07777777777777778
0 0.433984375 0.5166666666666667 0.04765625 0.125
0 0.33359375 0.5583333333333333 0.0515625 0.14722222222222223
0 0.68515625 0.4736111111111111 0.025 0.08333333333333333
0 0.845703125 0.44930555555555557 0.01640625 0.05694444444444444
0 0.859375 0.45208333333333334 0.015625 0.05694444444444444
0 0.53359375 0.47430555555555554 0.034375 0.07916666666666666
1 0.108984375 0.84375 0.21796875 0.2986111111111111
3 0.75078125 0.42777777777777776 0.1078125 0.21388888888888888
0 0.37265625 0.5583333333333333 0.0421875 0.08888888888888889
0 0.55859375 0.45625 0.028125 0.0875
3 0.8109375 0.41180555555555554 0.0265625 0.08194444444444444
0 0.683984375 0.42916666666666664 0.01796875 0.075
