0 0.14375 0.5666666666666667 0.0296875 0.14444444444444443
0 0.214453125 0.49583333333333335 0.06640625 0.09166666666666666
0 0.16875 0.3611111111111111 0.01875 0.10277777777777777
0 0.132421875 0.33958333333333335 0.01328125 0.0625
0 0.092578125 0.25833333333333336 0.01171875 0.04722222222222222
0 0.725390625 0.4652777777777778 0.03046875 0.08055555555555556
0 0.697265625 0.4027777777777778 0.04765625 0.05555555555555555
0 0.738671875 0.39791666666666664 0.03984375 0.05694444444444444
0 0.81640625 0.41041666666666665 0.03125 0.0625
1 0.321484375 0.4 0.09296875 0.1361111111111111
1 0.49375 0.43680555555555556 0.1 0.12916666666666668
1 0.69453125 0.27152777777777776 0.0375 0.04027777777777778
1 0.61796875 0.23472222222222222 0.0359375 0.041666666666666664
1 0.282421875 0.29444444444444445 0.06484375 0.07777777777777778
1 0.2125 0.33958333333333335 0.0625 0.08194444444444444
1 0.16171875 0.2625 0.034375 0.06111111111111111
1 0.15078125 0.2222222222222222 0.0265625 0.030555555555555555
1 0.16484375 0.20069444444444445 0.028125 0.043055555555555555
1 0.118359375 0.20069444444444445 0.01484375 0.02361111111111111
