0 0.774609375 0.5458333333333333 0.03203125 0.13055555555555556
0 0.242578125 0.5076388888888889 0.02734375 0.12916666666666668
0 0.71171875 0.5611111111111111 0.0265625 0.1361111111111111
0 0.157421875 0.8229166666666666 0.04140625 0.20972222222222223
0 0.197265625 0.5791666666666667 0.03203125 0.15
0 0.098046875 0.3819444444444444 0.05703125 0.09166666666666666
0 0.88046875 0.7041666666666667 0.0421875 0.1527777777777778
0 0.0359375 0.5208333333333334 0.034375 0.12222222222222222
0 0.298046875 0.4361111111111111 0.03359375 0.10555555555555556
0 0.34140625 0.5638888888888889 0.0484375 0.13333333333333333
0 0.837890625 0.4895833333333333 0.03046875 0.10138888888888889
0 0.67890625 0.42430555555555555 0.01875 0.07083333333333333
0 0.348046875 0.3736111111111111 0.02109375 0.07777777777777778
0 0.64921875 0.45 0.0234375 0.1111111111111111
0 0.3984375 0.49236111111111114 0.03125 0.12638888888888888
0 0.4109375 0.2826388888888889 0.0203125 0.07083333333333333
0 0.369140625 0.2673611111111111 0.01640625 0.0763888888888889
0 0.19921875 0.37777777777777777 0.05625 0.08611111111111111
0 0.948046875 0.9444444444444444 0.06171875 0.1111111111111111
0 0.673046875 0.32430555555555557 0.02109375 0.07083333333333333
0 0.572265625 0.3423611111111111 0.02265625 0.09305555555555556
0 0.45546875 0.22430555555555556 0.0171875 0.059722222222222225
0 0.714453125 0.49027777777777776 0.02734375 0.10277777777777777
0 0.32109375 0.4930555555555556 0.0359375 0.10833333333333334
0 0.594140625 0.35625 0.02109375 0.10138888888888889
0 0.6328125 0.3736111111111111 0.0140625 0.05555555555555555
0 0.810546875 0.4215277777777778 0.02265625 0.06805555555555555
0 0.39296875 0.26875 0.01875 0.06805555555555555
0 0.35390625 0.2263888888888889 0.015625 0.06388888888888888
0 0.644140625 0.3138888888888889 0.01484375 0.05277777777777778
0 0.423046875 0.21388888888888888 0.01484375 0.058333333333333334
1 0.47890625 0.33055555555555555 0.0921875 0.1111111111111111
1 0.666796875 0.7506944444444444 0.12109375 0.22916666666666666
1 0.5359375 0.30694444444444446 0.0375 0.07777777777777778
1 0.9640625 0.4909722222222222 0.065625 0.13194444444444445
3 0.594140625 0.28125 0.04453125 0.10972222222222222
0 0.33203125 0.3333333333333333 0.0140625 0.06944444444444445
0 0.691796875 0.3902777777777778 0.01640625 0.08333333333333333
0 0.644140625 0.3909722222222222 0.01484375 0.05416666666666667
0 0.625390625 0.33819444444444446 0.01484375 0.059722222222222225
