0 0.5734375 0.8986111111111111 0.1 0.20277777777777778
0 0.22421875 0.6 0.06875 0.16111111111111112
0 0.50546875 0.5298611111111111 0.04375 0.11527777777777778
0 0.580859375 0.47847222222222224 0.03828125 0.10694444444444444
0 0.67890625 0.42291666666666666 0.0234375 0.07916666666666666
1 0.743359375 0.4875 0.05703125 0.08888888888888889
0 0.786328125 0.5576388888888889 0.02109375 0.10694444444444444
0 0.834375 0.5479166666666667 0.025 0.10416666666666667
0 0.80546875 0.5222222222222223 0.015625 0.08055555555555556
0 0.7171875 0.41944444444444445 0.015625 0.06388888888888888
0 0.783203125 0.42291666666666666 0.01484375 0.05694444444444444
0 0.826171875 0.4756944444444444 0.01328125 0.05694444444444444
