0 0.312890625 0.5479166666666667 0.06640625 0.11805555555555555
0 0.2921875 0.43680555555555556 0.0578125 0.09861111111111111
0 0.619140625 0.3 0.01796875 0.08888888888888889
0 0.141796875 0.46111111111111114 0.06328125 0.1
0 0.5984375 0.24444444444444444 0.015625 0.06944444444444445
0 0.021484375 0.37916666666666665 0.04296875 0.08611111111111111
0 0.596484375 0.33611111111111114 0.01953125 0.09444444444444444
0 0.5109375 0.33611111111111114 0.0234375 0.08611111111111111
0 0.32578125 0.3 0.015625 0.06388888888888888
0 0.3 0.3090277777777778 0.01875 0.06805555555555555
0 0.080859375 0.36527777777777776 0.05234375 0.075
0 0.9671875 0.7076388888888889 0.053125 0.13194444444444445
0 0.411328125 0.27152777777777776 0.01640625 0.08472222222222223
0 0.394140625 0.29444444444444445 0.02265625 0.06944444444444445
1 0.137109375 0.8236111111111111 0.21484375 0.2611111111111111
1 0.53203125 0.21388888888888888 0.0328125 0.058333333333333334
1 0.540625 0.29375 0.04375 0.0875
1 0.95390625 0.5215277777777778 0.084375 0.1125
3 0.45234375 0.24791666666666667 0.0421875 0.12638888888888888
0 0.484375 0.26875 0.0125 0.059722222222222225
