1 0.3109375 0.40069444444444446 0.1109375 0.13194444444444445
1 0.334375 0.25069444444444444 0.08125 0.07083333333333333
1 0.678125 0.44027777777777777 0.0921875 0.16111111111111112
3 0.15703125 0.225 0.04375 0.09444444444444444
3 0.5015625 0.2423611111111111 0.10625 0.10972222222222222
0 0.13359375 0.30625 0.01875 0.07916666666666666
0 0.121484375 0.4215277777777778 0.02578125 0.1125
0 0.179296875 0.4479166666666667 0.03046875 0.1375
0 0.33984375 0.51875 0.0671875 0.16805555555555557
0 0.518359375 0.7520833333333333 0.09140625 0.22916666666666666
