0 0.48671875 0.8381944444444445 0.09375 0.2152777777777778
0 0.620703125 0.8805555555555555 0.08515625 0.21944444444444444
0 0.73828125 0.41805555555555557 0.01875 0.06388888888888888
0 0.76640625 0.8666666666666667 0.059375 0.2111111111111111
0 0.723046875 0.6284722222222222 0.03984375 0.13472222222222222
0 0.82109375 0.6180555555555556 0.0296875 0.1111111111111111
0 0.66484375 0.7125 0.0546875 0.18333333333333332
0 0.75078125 0.5465277777777777 0.0234375 0.09305555555555556
0 0.283203125 0.9069444444444444 0.11015625 0.17222222222222222
0 0.805859375 0.5583333333333333 0.02109375 0.09166666666666666
0 0.78359375 0.7 0.0359375 0.1361111111111111
0 0.833203125 0.5347222222222222 0.01953125 0.08333333333333333
0 0.76875 0.6270833333333333 0.0296875 0.11805555555555555
0 0.7765625 0.5166666666666667 0.0203125 0.07777777777777778
1 0.587890625 0.63125 0.14140625 0.16805555555555557
1 0.70625 0.5159722222222223 0.0703125 0.10416666666666667
3 0.787890625 0.3798611111111111 0.07109375 0.12083333333333333
0 0.85703125 0.5222222222222223 0.015625 0.075
0 0.77890625 0.4618055555555556 0.015625 0.05694444444444444
3 0.70234375 0.39166666666666666 0.0625 0.10833333333333334
0 0.8 0.49583333333333335 0.015625 0.07222222222222222
0 0.864453125 0.4756944444444444 0.01484375 0.06805555555555555
