0 0.796484375 0.6284722222222222 0.05859375 0.1625
0 0.911328125 0.7458333333333333 0.08671875 0.2
0 0.308203125 0.7784722222222222 0.06796875 0.24305555555555555
0 0.258203125 0.6159722222222223 0.06328125 0.18194444444444444
0 0.180859375 0.41944444444444445 0.03046875 0.11666666666666667
0 0.17578125 0.36666666666666664 0.0296875 0.11944444444444445
0 0.11328125 0.3680555555555556 0.0234375 0.08333333333333333
0 0.111328125 0.32708333333333334 0.02421875 0.09027777777777778
0 0.143359375 0.37569444444444444 0.02578125 0.09861111111111111
0 0.148828125 0.3236111111111111 0.02421875 0.09722222222222222
0 0.091015625 0.26180555555555557 0.02109375 0.06805555555555555
3 0.370703125 0.5222222222222223 0.18671875 0.3194444444444444
1 0.18125 0.2722222222222222 0.0484375 0.07222222222222222
1 0.23046875 0.30833333333333335 0.0625 0.10833333333333334
1 0.31015625 0.29444444444444445 0.0703125 0.08055555555555556
1 0.29296875 0.3527777777777778 0.0765625 0.10833333333333334
1 0.5859375 0.45416666666666666 0.121875 0.1388888888888889
1 0.573046875 0.6347222222222222 0.19296875 0.25555555555555554
