0 0.2921875 0.4576388888888889 0.0765625 0.2013888888888889
0 0.344921875 0.3486111111111111 0.06171875 0.16111111111111112
0 0.518359375 0.2743055555555556 0.03046875 0.1125
0 0.52265625 0.4173611111111111 0.046875 0.1625
0 0.620703125 0.38125 0.04296875 0.13194444444444445
0 0.68046875 0.3486111111111111 0.0375 0.10833333333333334
0 0.660546875 0.2798611111111111 0.02578125 0.0875
0 0.6265625 0.2520833333333333 0.0296875 0.08472222222222223
0 0.616015625 0.17847222222222223 0.01328125 0.05694444444444444
0 0.666015625 0.22291666666666668 0.01796875 0.06805555555555555
0 0.63828125 0.16319444444444445 0.0140625 0.043055555555555555
