0 0.676171875 0.41041666666666665 0.01953125 0.0625
0 0.8078125 0.6180555555555556 0.03125 0.13055555555555556
0 0.666796875 0.6826388888888889 0.04921875 0.1597222222222222
0 0.760546875 0.5638888888888889 0.02578125 0.11388888888888889
0 0.612890625 0.44166666666666665 0.02734375 0.08888888888888889
0 0.549609375 0.5145833333333333 0.04296875 0.11527777777777778
0 0.648828125 0.46041666666666664 0.03046875 0.09027777777777778
0 0.829296875 0.5104166666666666 0.02265625 0.08472222222222223
0 0.80703125 0.5430555555555555 0.025 0.08888888888888889
0 0.844140625 0.45069444444444445 0.01640625 0.059722222222222225
1 0.678125 0.5618055555555556 0.096875 0.10972222222222222
2 0.2890625 0.7965277777777777 0.578125 0.40694444444444444
2 0.7609375 0.4201388888888889 0.1109375 0.16527777777777777
