0 0.78984375 0.7993055555555556 0.0484375 0.18472222222222223
0 0.52890625 0.8548611111111111 0.0546875 0.1986111111111111
0 0.30859375 0.32708333333333334 0.0171875 0.08194444444444444
0 0.844140625 0.8090277777777778 0.04296875 0.18194444444444444
0 0.3390625 0.34444444444444444 0.01875 0.09722222222222222
0 0.494140625 0.7125 0.05234375 0.17777777777777778
0 0.793359375 0.6444444444444445 0.03359375 0.14722222222222223
0 0.74296875 0.66875 0.0359375 0.15138888888888888
0 0.823046875 0.5513888888888889 0.03515625 0.125
0 0.727734375 0.42291666666666666 0.02890625 0.09583333333333334
0 0.25546875 0.4354166666666667 0.025 0.10416666666666667
0 0.747265625 0.5451388888888888 0.02734375 0.11805555555555555
0 0.408203125 0.29791666666666666 0.01796875 0.07916666666666666
0 0.2125 0.37916666666666665 0.046875 0.07222222222222222
0 0.51796875 0.5902777777777778 0.0328125 0.1388888888888889
0 0.653515625 0.3680555555555556 0.01953125 0.09444444444444444
0 0.778125 0.5180555555555556 0.028125 0.1111111111111111
0 0.150390625 0.36875 0.03671875 0.0763888888888889
0 0.813671875 0.43472222222222223 0.03203125 0.08888888888888889
0 0.323828125 0.28194444444444444 0.01640625 0.06944444444444445
0 0.698828125 0.3784722222222222 0.02734375 0.07916666666666666
0 0.080859375 0.36736111111111114 0.04609375 0.06527777777777778
0 0.526171875 0.6861111111111111 0.03671875 0.15555555555555556
0 0.77578125 0.45 0.028125 0.08611111111111111
1 0.677734375 0.4756944444444444 0.08046875 0.15694444444444444
1 0.390625 0.8590277777777777 0.1296875 0.28194444444444444
1 0.338671875 0.1701388888888889 0.03671875 0.05694444444444444
1 0.6140625 0.3229166666666667 0.0453125 0.10972222222222222
3 0.57265625 0.38333333333333336 0.0875 0.23333333333333334
3 0.5421875 0.2534722222222222 0.06875 0.1625
3 0.369921875 0.25833333333333336 0.05390625 0.13333333333333333
3 0.445703125 0.3 0.04609375 0.11388888888888889
3 0.457421875 0.20069444444444445 0.03515625 0.09305555555555556
3 0.5171875 0.1875 0.04375 0.08888888888888889
