0 0.519921875 0.4361111111111111 0.05703125 0.09444444444444444
0 0.282421875 0.40902777777777777 0.04609375 0.10138888888888889
0 0.66796875 0.38472222222222224 0.0203125 0.1
0 0.871484375 0.5895833333333333 0.03203125 0.12638888888888888
0 0.449609375 0.4388888888888889 0.05390625 0.10277777777777777
0 0.55078125 0.275 0.0140625 0.07222222222222222
0 0.96328125 0.6854166666666667 0.0515625 0.15138888888888888
0 0.32890625 0.3138888888888889 0.01875 0.08611111111111111
0 0.400390625 0.29444444444444445 0.01953125 0.07222222222222222
0 0.08046875 0.36319444444444443 0.04375 0.06805555555555555
0 0.448828125 0.3104166666666667 0.01953125 0.07083333333333333
0 0.49765625 0.2847222222222222 0.0203125 0.06388888888888888
0 0.60234375 0.2673611111111111 0.015625 0.059722222222222225
0 0.583203125 0.2423611111111111 0.01171875 0.0625
0 0.423828125 0.2965277777777778 0.02109375 0.07361111111111111
0 0.37734375 0.29791666666666666 0.0203125 0.07083333333333333
0 0.528125 0.24305555555555555 0.0171875 0.05555555555555555
0 0.571875 0.2013888888888889 0.0140625 0.05
1 0.503515625 0.36666666666666664 0.08203125 0.10555555555555556
1 0.07421875 0.5041666666666667 0.1484375 0.14722222222222223
1 0.96328125 0.5180555555555556 0.0640625 0.16944444444444445
1 0.377734375 0.4173611111111111 0.09609375 0.11527777777777778
