0 0.397265625 0.8138888888888889 0.04609375 0.22777777777777777
0 0.47578125 0.6506944444444445 0.028125 0.15694444444444444
0 0.55859375 0.6256944444444444 0.028125 0.13194444444444445
0 0.519921875 0.5805555555555556 0.02734375 0.1111111111111111
0 0.576171875 0.5416666666666666 0.01953125 0.06944444444444445
0 0.598046875 0.5493055555555556 0.02265625 0.06805555555555555
0 0.25859375 0.8527777777777777 0.0390625 0.125
0 0.321875 0.64375 0.03125 0.10416666666666667
0 0.37578125 0.64375 0.0359375 0.13472222222222222
0 0.3625 0.5430555555555555 0.0203125 0.06944444444444445
1 0.417578125 0.5118055555555555 0.06015625 0.10972222222222222
0 0.545703125 0.54375 0.02265625 0.07916666666666666
0 0.507421875 0.4270833333333333 0.01484375 0.05138888888888889
