0 0.6671875 0.4597222222222222 0.028125 0.09166666666666666
0 0.688671875 0.4201388888888889 0.02109375 0.06805555555555555
0 0.190234375 0.7840277777777778 0.09921875 0.17916666666666667
0 0.5421875 0.5479166666666667 0.04375 0.12361111111111112
0 0.7296875 0.425 0.021875 0.06944444444444445
0 0.399609375 0.6131944444444445 0.06796875 0.13472222222222222
0 0.363671875 0.5486111111111112 0.04609375 0.11388888888888889
0 0.715625 0.6256944444444444 0.0375 0.14583333333333334
0 0.791796875 0.4326388888888889 0.02109375 0.0625
2 0.833984375 0.5020833333333333 0.06015625 0.1125
0 0.162109375 0.7131944444444445 0.08046875 0.22361111111111112
0 0.719140625 0.41041666666666665 0.01484375 0.07083333333333333
0 0.744140625 0.39652777777777776 0.01640625 0.05138888888888889
1 0.809765625 0.41041666666666665 0.02890625 0.05138888888888889
0 0.81171875 0.42569444444444443 0.0125 0.05416666666666667
