0 0.54296875 0.8409722222222222 0.078125 0.23194444444444445
0 0.687109375 0.8166666666666667 0.05390625 0.20277777777777778
0 0.526171875 0.48194444444444445 0.03671875 0.10277777777777777
0 0.65 0.48819444444444443 0.0265625 0.10694444444444444
0 0.8046875 0.5527777777777778 0.01875 0.09722222222222222
0 0.83203125 0.49375 0.0140625 0.0763888888888889
0 0.819921875 0.5305555555555556 0.01484375 0.08333333333333333
0 0.84609375 0.475 0.0109375 0.06666666666666667
0 0.05859375 0.6868055555555556 0.0875 0.16805555555555557
3 0.362109375 0.56875 0.28203125 0.32916666666666666
3 0.737109375 0.4479166666666667 0.14296875 0.22916666666666666
