0 0.44765625 0.6069444444444444 0.0203125 0.12777777777777777
0 0.321875 0.6423611111111112 0.0328125 0.10138888888888889
0 0.363671875 0.54375 0.02265625 0.07083333333333333
0 0.421484375 0.5104166666666666 0.02109375 0.08472222222222223
0 0.508984375 0.49930555555555556 0.02109375 0.07083333333333333
0 0.54921875 0.5277777777777778 0.0171875 0.08611111111111111
0 0.255859375 0.8659722222222223 0.03828125 0.1375
0 0.4453125 0.4388888888888889 0.0125 0.07222222222222222
0 0.4703125 0.4270833333333333 0.01875 0.05416666666666667
0 0.49140625 0.42916666666666664 0.0140625 0.05
