0 0.794140625 0.7569444444444444 0.04140625 0.16111111111111112
0 0.66796875 0.2986111111111111 0.021875 0.07777777777777778
0 0.77890625 0.5875 0.0421875 0.13055555555555556
0 0.046875 0.4083333333333333 0.0515625 0.09166666666666666
0 0.25078125 0.4777777777777778 0.03125 0.125
0 0.31328125 0.50625 0.0296875 0.14027777777777778
0 0.316015625 0.32708333333333334 0.02265625 0.0875
0 0.278125 0.49444444444444446 0.0265625 0.13055555555555556
0 0.278515625 0.34305555555555556 0.02421875 0.09166666666666666
0 0.298828125 0.4097222222222222 0.02421875 0.09722222222222222
0 0.340625 0.5493055555555556 0.03125 0.1375
0 0.3375 0.3416666666666667 0.0234375 0.09166666666666666
0 0.104296875 0.35625 0.04296875 0.08472222222222223
0 0.009375 0.33958333333333335 0.01875 0.09027777777777778
0 0.571484375 0.1909722222222222 0.01796875 0.05416666666666667
0 0.35546875 0.5069444444444444 0.0234375 0.1388888888888889
0 0.35 0.27361111111111114 0.01875 0.07777777777777778
1 0.13515625 0.5076388888888889 0.1328125 0.14305555555555555
1 0.450390625 0.9041666666666667 0.23046875 0.19166666666666668
1 0.469921875 0.30972222222222223 0.04453125 0.08611111111111111
1 0.17421875 0.6590277777777778 0.1421875 0.17916666666666667
1 0.462890625 0.2388888888888889 0.03203125 0.07222222222222222
3 0.52421875 0.21180555555555555 0.0421875 0.09583333333333334
2 0.403125 0.3680555555555556 0.078125 0.2388888888888889
0 0.2484375 0.3888888888888889 0.021875 0.04722222222222222
1 0.46484375 0.5472222222222223 0.084375 0.19722222222222222
