0 0.708203125 0.33194444444444443 0.03046875 0.07777777777777778
0 0.64140625 0.31805555555555554 0.0234375 0.10555555555555556
0 0.584765625 0.3284722222222222 0.02578125 0.12083333333333333
0 0.587890625 0.2048611111111111 0.01484375 0.06527777777777778
0 0.40703125 0.26458333333333334 0.034375 0.10138888888888889
0 0.368359375 0.2833333333333333 0.03984375 0.1111111111111111
0 0.224609375 0.4965277777777778 0.07421875 0.24305555555555555
0 0.42421875 0.8673611111111111 0.1015625 0.2652777777777778
0 0.51171875 0.4909722222222222 0.0484375 0.1875
0 0.61875 0.18958333333333333 0.0140625 0.0625
0 0.607421875 0.1763888888888889 0.01328125 0.05
0 0.657421875 0.19930555555555557 0.01484375 0.05138888888888889
0 0.6875 0.23819444444444443 0.015625 0.0625
