0 0.684765625 0.46597222222222223 0.04453125 0.1375
0 0.30625 0.48194444444444445 0.075 0.2388888888888889
0 0.279296875 0.9159722222222222 0.16640625 0.16805555555555557
0 0.048828125 0.7381944444444445 0.09765625 0.3486111111111111
0 0.41875 0.31875 0.040625 0.13194444444444445
0 0.4578125 0.2625 0.025 0.10555555555555556
0 0.496875 0.22291666666666668 0.0265625 0.08472222222222223
0 0.561328125 0.24444444444444444 0.02421875 0.08055555555555556
0 0.57421875 0.34097222222222223 0.0328125 0.1125
0 0.607421875 0.3715277777777778 0.02265625 0.1125
0 0.63203125 0.29791666666666666 0.025 0.09583333333333334
0 0.5828125 0.2076388888888889 0.0171875 0.07361111111111111
0 0.559765625 0.1909722222222222 0.01640625 0.059722222222222225
0 0.675 0.24305555555555555 0.0171875 0.06111111111111111
0 0.658984375 0.20555555555555555 0.01484375 0.058333333333333334
0 0.62109375 0.1986111111111111 0.0171875 0.05555555555555555
0 0.6046875 0.17916666666666667 0.0140625 0.05555555555555555
