1 0.147265625 0.3972222222222222 0.10234375 0.09166666666666666
1 0.137109375 0.2263888888888889 0.02265625 0.044444444444444446
3 0.23125 0.2263888888888889 0.06875 0.08333333333333333
0 0.124609375 0.30069444444444443 0.01328125 0.07083333333333333
0 0.09375 0.26180555555555557 0.0125 0.05694444444444444
0 0.117578125 0.2604166666666667 0.01171875 0.059722222222222225
0 0.10703125 0.35347222222222224 0.025 0.0763888888888889
0 0.1484375 0.32430555555555557 0.0140625 0.0625
0 0.180078125 0.3263888888888889 0.01796875 0.06944444444444445
0 0.20390625 0.34930555555555554 0.0265625 0.08472222222222223
0 0.4015625 0.2513888888888889 0.028125 0.05277777777777778
0 0.66796875 0.5569444444444445 0.0546875 0.15555555555555556
0 0.791796875 0.7027777777777777 0.06484375 0.20277777777777778
0 0.496484375 0.25555555555555554 0.03828125 0.07222222222222222
