0 0.80703125 0.5069444444444444 0.0203125 0.08611111111111111
0 0.665625 0.425 0.021875 0.07222222222222222
0 0.6328125 0.8243055555555555 0.06875 0.2263888888888889
0 0.11171875 0.7020833333333333 0.071875 0.19305555555555556
0 0.725 0.7506944444444444 0.0546875 0.2013888888888889
0 0.742578125 0.3972222222222222 0.01640625 0.05
0 0.84140625 0.4888888888888889 0.01875 0.07777777777777778
0 0.829296875 0.5506944444444445 0.02578125 0.10138888888888889
0 0.7 0.3909722222222222 0.025 0.05694444444444444
1 0.72578125 0.5006944444444444 0.0609375 0.10138888888888889
3 0.66484375 0.5513888888888889 0.0859375 0.15555555555555556
1 0.765625 0.4618055555555556 0.05 0.07361111111111111
3 0.39140625 0.7013888888888888 0.509375 0.5972222222222222
0 0.734765625 0.38125 0.01171875 0.043055555555555555
0 0.7609375 0.3902777777777778 0.0109375 0.04722222222222222
3 0.794921875 0.4152777777777778 0.04765625 0.1111111111111111
0 0.934375 0.8868055555555555 0.078125 0.1125
0 0.91953125 0.8340277777777778 0.059375 0.10972222222222222
0 0.8234375 0.4638888888888889 0.0171875 0.06666666666666667
