0 0.298828125 0.125 0.03671875 0.06666666666666667
0 0.254296875 0.39375 0.06484375 0.1763888888888889
0 0.062890625 0.6027777777777777 0.10234375 0.2638888888888889
0 0.345703125 0.6083333333333333 0.08359375 0.25555555555555554
0 0.423046875 0.7576388888888889 0.09609375 0.2708333333333333
0 0.528125 0.5152777777777777 0.071875 0.20555555555555555
0 0.527734375 0.37569444444444444 0.05390625 0.1375
0 0.46328125 0.30625 0.0390625 0.12638888888888888
0 0.418359375 0.28194444444444444 0.03515625 0.10555555555555556
0 0.4921875 0.24444444444444444 0.0296875 0.08888888888888889
0 0.529296875 0.2701388888888889 0.02734375 0.09583333333333334
0 0.594921875 0.37777777777777777 0.03828125 0.125
0 0.6140625 0.3013888888888889 0.0328125 0.09166666666666666
0 0.636328125 0.24722222222222223 0.02421875 0.075
0 0.65 0.4486111111111111 0.046875 0.15
0 0.679296875 0.46597222222222223 0.04140625 0.1736111111111111
0 0.478515625 0.15833333333333333 0.03828125 0.06666666666666667
0 0.680078125 0.25763888888888886 0.01796875 0.07361111111111111
0 0.60078125 0.17708333333333334 0.0203125 0.05416666666666667
0 0.63671875 0.17569444444444443 0.015625 0.05416666666666667
