0 0.8234375 0.7 0.0484375 0.1638888888888889
0 0.91796875 0.7291666666666666 0.0484375 0.15555555555555556
0 0.31328125 0.8777777777777778 0.06875 0.18055555555555555
0 0.151953125 0.4652777777777778 0.05078125 0.1
0 0.151953125 0.60625 0.06328125 0.13472222222222222
0 0.2203125 0.5743055555555555 0.05625 0.12638888888888888
0 0.74453125 0.425 0.0265625 0.09722222222222222
0 0.417578125 0.7986111111111112 0.06484375 0.16944444444444445
0 0.729296875 0.5611111111111111 0.02890625 0.12222222222222222
0 0.51953125 0.35138888888888886 0.0203125 0.08611111111111111
0 0.6953125 0.35347222222222224 0.0296875 0.08194444444444444
0 0.0484375 0.45 0.0546875 0.10277777777777777
0 0.500390625 0.4083333333333333 0.02421875 0.10555555555555556
0 0.39140625 0.5375 0.0265625 0.14166666666666666
0 0.301953125 0.4215277777777778 0.02578125 0.11805555555555555
0 0.0109375 0.49166666666666664 0.021875 0.09166666666666666
0 0.257421875 0.38472222222222224 0.02421875 0.10555555555555556
0 0.05625 0.9243055555555556 0.053125 0.13194444444444445
0 0.55859375 0.9402777777777778 0.0640625 0.11666666666666667
0 0.26171875 0.5347222222222222 0.05625 0.11944444444444445
0 0.290625 0.3506944444444444 0.028125 0.0875
0 0.316796875 0.32569444444444445 0.02265625 0.0763888888888889
0 0.80859375 0.42777777777777776 0.0328125 0.08611111111111111
1 0.6046875 0.5875 0.0890625 0.2
1 0.030078125 0.4048611111111111 0.06015625 0.1125
1 0.355078125 0.3277777777777778 0.04921875 0.09444444444444444
1 0.62109375 0.30833333333333335 0.0453125 0.06944444444444445
1 0.408984375 0.24027777777777778 0.02421875 0.06666666666666667
3 0.628125 0.3951388888888889 0.084375 0.19583333333333333
3 0.44765625 0.3402777777777778 0.0578125 0.16111111111111112
3 0.563671875 0.2951388888888889 0.04765625 0.1125
0 0.507421875 0.32430555555555557 0.01953125 0.0625
