0 0.823046875 0.5319444444444444 0.01953125 0.1111111111111111
0 0.80625 0.5097222222222222 0.015625 0.08333333333333333
0 0.76171875 0.47430555555555554 0.0203125 0.07916666666666666
0 0.654296875 0.4583333333333333 0.02109375 0.08055555555555556
0 0.429296875 0.5729166666666666 0.05546875 0.14305555555555555
0 0.0546875 0.8166666666666667 0.109375 0.23333333333333334
0 0.669140625 0.40625 0.02109375 0.06527777777777778
0 0.7875 0.4479166666666667 0.015625 0.07361111111111111
0 0.760546875 0.4013888888888889 0.01171875 0.044444444444444446
0 0.844140625 0.44513888888888886 0.01171875 0.059722222222222225
0 0.86328125 0.44513888888888886 0.0109375 0.04583333333333333
0 0.33984375 0.49930555555555556 0.0515625 0.11805555555555555
