0 0.480859375 0.75625 0.09453125 0.16527777777777777
0 0.555859375 0.6097222222222223 0.03046875 0.13055555555555556
0 0.575390625 0.5458333333333333 0.02734375 0.06944444444444445
1 0.448828125 0.5173611111111112 0.05234375 0.09305555555555556
1 0.463671875 0.4131944444444444 0.03203125 0.05138888888888889
0 0.259375 0.8638888888888889 0.0359375 0.13333333333333333
0 0.321484375 0.64375 0.03515625 0.10416666666666667
0 0.362890625 0.5555555555555556 0.02109375 0.08611111111111111
0 0.490234375 0.42916666666666664 0.01171875 0.05
0 0.516015625 0.43194444444444446 0.03046875 0.05277777777777778
