0 0.499609375 0.7402777777777778 0.03828125 0.18055555555555555
0 0.258984375 0.8645833333333334 0.03671875 0.14583333333333334
0 0.32109375 0.6395833333333333 0.03125 0.10416666666666667
0 0.36328125 0.5486111111111112 0.0203125 0.07222222222222222
1 0.434375 0.4361111111111111 0.0375 0.07222222222222222
0 0.490625 0.4388888888888889 0.0171875 0.06388888888888888
0 0.51796875 0.43194444444444446 0.015625 0.05555555555555555
0 0.577734375 0.5604166666666667 0.02265625 0.07916666666666666
0 0.5984375 0.5590277777777778 0.01875 0.0763888888888889
0 0.46953125 0.4097222222222222 0.0109375 0.05277777777777778
