0 0.29296875 0.76875 0.0828125 0.24027777777777778
0 0.081640625 0.26944444444444443 0.01328125 0.058333333333333334
0 0.095703125 0.2673611111111111 0.01640625 0.059722222222222225
0 0.1078125 0.29930555555555555 0.0171875 0.0763888888888889
0 0.1234375 0.28125 0.0109375 0.04583333333333333
0 0.128125 0.24930555555555556 0.01875 0.06527777777777778
0 0.2296875 0.23819444444444443 0.025 0.059722222222222225
0 0.158203125 0.33541666666666664 0.02421875 0.09583333333333334
0 0.423046875 0.2534722222222222 0.03984375 0.06805555555555555
0 0.476953125 0.25763888888888886 0.03984375 0.059722222222222225
0 0.27421875 0.5020833333333333 0.046875 0.14583333333333334
0 0.51015625 0.3625 0.059375 0.08888888888888889
0 0.63828125 0.40902777777777777 0.040625 0.10416666666666667
0 0.711328125 0.4270833333333333 0.03359375 0.09861111111111111
0 0.734375 0.5229166666666667 0.0375 0.15416666666666667
0 0.47421875 0.8027777777777778 0.0875 0.25
1 0.153515625 0.23541666666666666 0.03671875 0.06527777777777778
1 0.189453125 0.275 0.03984375 0.07777777777777778
1 0.4984375 0.5444444444444444 0.184375 0.2638888888888889
1 0.530078125 0.4534722222222222 0.13359375 0.1597222222222222
1 0.8484375 0.7409722222222223 0.203125 0.2875
