0 0.60625 0.8027777777777778 0.0765625 0.225
0 0.791015625 0.5027777777777778 0.02421875 0.09444444444444444
0 0.7609375 0.8777777777777778 0.078125 0.22777777777777777
0 0.687109375 0.6465277777777778 0.04921875 0.15694444444444444
0 0.43125 0.5284722222222222 0.0578125 0.13472222222222222
0 0.5203125 0.5319444444444444 0.0453125 0.11944444444444445
0 0.559375 0.49027777777777776 0.0359375 0.1
0 0.8234375 0.46875 0.01875 0.07083333333333333
0 0.855859375 0.4597222222222222 0.01640625 0.06388888888888888
0 0.655859375 0.4111111111111111 0.02265625 0.07777777777777778
0 0.378515625 0.8965277777777778 0.10859375 0.2013888888888889
0 0.806640625 0.44583333333333336 0.01484375 0.06111111111111111
1 0.70078125 0.42777777777777776 0.05625 0.08333333333333333
3 0.766015625 0.43125 0.07265625 0.15416666666666667
0 0.623828125 0.4166666666666667 0.02109375 0.07222222222222222
0 0.83671875 0.4597222222222222 0.01875 0.07222222222222222
