0 0.440234375 0.5583333333333333 0.05859375 0.14444444444444443
0 0.65234375 0.4305555555555556 0.025 0.08055555555555556
0 0.54140625 0.5076388888888889 0.04375 0.11527777777777778
0 0.746484375 0.65625 0.03984375 0.15416666666666667
0 0.773828125 0.5472222222222223 0.02578125 0.10555555555555556
0 0.808984375 0.5715277777777777 0.02890625 0.10972222222222222
0 0.84765625 0.49236111111111114 0.01875 0.07361111111111111
0 0.36953125 0.5444444444444444 0.0625 0.14444444444444443
0 0.824609375 0.5020833333333333 0.01953125 0.06805555555555555
0 0.605078125 0.4125 0.02578125 0.075
0 0.68203125 0.4131944444444444 0.01875 0.059722222222222225
1 0.71328125 0.4305555555555556 0.059375 0.08333333333333333
1 0.728125 0.5020833333333333 0.059375 0.0875
3 0.77890625 0.4083333333333333 0.0703125 0.1361111111111111
0 0.533203125 0.41944444444444445 0.01953125 0.09166666666666666
1 0.1984375 0.75 0.3078125 0.39166666666666666
1 0.352734375 0.8569444444444444 0.34453125 0.2861111111111111
0 0.93125 0.89375 0.0734375 0.1125
0 0.915234375 0.8340277777777778 0.05078125 0.1125
0 0.79921875 0.5215277777777778 0.021875 0.09027777777777778
0 0.81171875 0.4791666666666667 0.01875 0.06666666666666667
0 0.6484375 0.56875 0.096875 0.16527777777777777
