0 0.44921875 0.9361111111111111 0.0640625 0.12777777777777777
0 0.259375 0.8805555555555555 0.04375 0.16944444444444445
0 0.321875 0.6423611111111112 0.0328125 0.10138888888888889
0 0.392578125 0.6895833333333333 0.03046875 0.17083333333333334
0 0.36328125 0.5465277777777777 0.025 0.07361111111111111
0 0.437109375 0.6465277777777778 0.02734375 0.14305555555555555
0 0.47421875 0.5833333333333334 0.0328125 0.12777777777777777
0 0.554296875 0.7652777777777777 0.03515625 0.175
0 0.583203125 0.7125 0.02734375 0.1527777777777778
0 0.547265625 0.6347222222222222 0.03359375 0.14166666666666666
0 0.515625 0.46875 0.0203125 0.07916666666666666
0 0.46015625 0.4354166666666667 0.0203125 0.06805555555555555
