0 0.7328125 0.675 0.0359375 0.15555555555555556
0 0.65703125 0.8958333333333334 0.05625 0.20833333333333334
0 0.286328125 0.7229166666666667 0.08046875 0.20416666666666666
0 0.408203125 0.54375 0.05390625 0.11527777777777778
1 0.72890625 0.49930555555555556 0.078125 0.10416666666666667
1 0.775 0.4666666666666667 0.040625 0.075
0 0.791015625 0.5333333333333333 0.02578125 0.09722222222222222
0 0.809765625 0.49027777777777776 0.01484375 0.07222222222222222
0 0.836328125 0.5034722222222222 0.02109375 0.09583333333333334
0 0.8234375 0.4479166666666667 0.0140625 0.059722222222222225
