0 0.768359375 0.6895833333333333 0.04140625 0.1597222222222222
0 0.244140625 0.5472222222222223 0.03046875 0.1388888888888889
0 0.40078125 0.39305555555555555 0.0234375 0.1111111111111111
0 0.15 0.7173611111111111 0.0484375 0.17083333333333334
0 0.363671875 0.32569444444444445 0.01796875 0.08194444444444444
0 0.2140625 0.6972222222222222 0.0359375 0.16666666666666666
0 0.0359375 0.5069444444444444 0.0484375 0.1111111111111111
0 0.931640625 0.47708333333333336 0.06484375 0.09305555555555556
0 0.844140625 0.6423611111111112 0.04453125 0.1375
0 0.33828125 0.37083333333333335 0.01875 0.1
0 0.353125 0.5097222222222222 0.028125 0.1361111111111111
0 0.112890625 0.5041666666666667 0.03671875 0.11944444444444445
0 0.4984375 0.4284722222222222 0.03125 0.10972222222222222
0 0.30546875 0.49166666666666664 0.0265625 0.12777777777777777
0 0.848046875 0.7972222222222223 0.07109375 0.1638888888888889
0 0.29375 0.8243055555555555 0.034375 0.19305555555555556
0 0.01953125 0.6430555555555556 0.0375 0.1388888888888889
0 0.012890625 0.43680555555555556 0.02578125 0.10138888888888889
0 0.080078125 0.36527777777777776 0.04765625 0.07222222222222222
0 0.955859375 0.7819444444444444 0.05546875 0.1527777777777778
0 0.278515625 0.6861111111111111 0.03984375 0.15555555555555556
0 0.74609375 0.4215277777777778 0.028125 0.10416666666666667
0 0.786328125 0.5305555555555556 0.03515625 0.1111111111111111
0 0.775390625 0.43680555555555556 0.03828125 0.09861111111111111
0 0.696875 0.36527777777777776 0.0296875 0.08888888888888889
0 0.3703125 0.24027777777777778 0.0140625 0.06388888888888888
0 0.80859375 0.425 0.034375 0.09444444444444444
0 0.270703125 0.4756944444444444 0.03046875 0.10416666666666667
0 0.863671875 0.4361111111111111 0.03984375 0.08611111111111111
0 0.281640625 0.5645833333333333 0.02890625 0.11527777777777778
0 0.38671875 0.29444444444444445 0.015625 0.06944444444444445
0 0.0890625 0.4673611111111111 0.059375 0.09583333333333334
0 0.603515625 0.25625 0.01796875 0.059722222222222225
1 0.48359375 0.675 0.134375 0.18888888888888888
1 0.575 0.9451388888888889 0.1671875 0.10972222222222222
1 0.540625 0.25625 0.0375 0.06527777777777778
2 0.612890625 0.36527777777777776 0.09765625 0.1638888888888889
3 0.612890625 0.36527777777777776 0.09765625 0.1638888888888889
3 0.672265625 0.5 0.14765625 0.2388888888888889
0 0.115234375 0.44166666666666665 0.03828125 0.08611111111111111
0 0.519140625 0.39861111111111114 0.01953125 0.08888888888888889
