0 0.534765625 0.6958333333333333 0.03359375 0.16111111111111112
0 0.63203125 0.6034722222222222 0.025 0.13194444444444445
0 0.353125 0.8909722222222223 0.0625 0.21805555555555556
0 0.257421875 0.8756944444444444 0.03828125 0.1597222222222222
0 0.326953125 0.7090277777777778 0.03515625 0.17083333333333334
0 0.36484375 0.5409722222222222 0.021875 0.07083333333333333
0 0.4015625 0.5222222222222223 0.021875 0.09166666666666666
0 0.441796875 0.5166666666666667 0.02109375 0.09166666666666666
0 0.4640625 0.5111111111111111 0.025 0.09722222222222222
0 0.51171875 0.5020833333333333 0.0265625 0.08194444444444444
