0 0.046484375 0.7875 0.09296875 0.2361111111111111
0 0.68671875 0.9076388888888889 0.09375 0.18472222222222223
0 0.33828125 0.5993055555555555 0.075 0.1597222222222222
0 0.61875 0.7597222222222222 0.0640625 0.20277777777777778
0 0.5890625 0.475 0.0375 0.09166666666666666
0 0.65 0.44722222222222224 0.0265625 0.08333333333333333
0 0.515234375 0.6569444444444444 0.06015625 0.16666666666666666
0 0.822265625 0.4673611111111111 0.01796875 0.07083333333333333
0 0.484765625 0.5354166666666667 0.05390625 0.12361111111111112
0 0.7265625 0.6680555555555555 0.0421875 0.175
0 0.82578125 0.5777777777777777 0.025 0.10833333333333334
0 0.4765625 0.9090277777777778 0.1171875 0.18194444444444444
0 0.84375 0.48333333333333334 0.0203125 0.07222222222222222
0 0.572265625 0.4618055555555556 0.03203125 0.0875
0 0.478515625 0.4618055555555556 0.03671875 0.07083333333333333
1 0.66171875 0.5923611111111111 0.125 0.15416666666666667
3 0.740234375 0.4756944444444444 0.07890625 0.1736111111111111
0 0.248828125 0.5930555555555556 0.08359375 0.11388888888888889
0 0.55390625 0.4215277777777778 0.040625 0.05138888888888889
0 0.940234375 0.89375 0.08359375 0.1125
0 0.928515625 0.8319444444444445 0.07734375 0.11388888888888889
3 0.791796875 0.3958333333333333 0.08671875 0.18888888888888888
