0 0.1046875 0.7986111111111112 0.0421875 0.2
0 0.353515625 0.36666666666666664 0.02109375 0.09722222222222222
0 0.923046875 0.8645833333333334 0.06015625 0.16805555555555557
0 0.18203125 0.7027777777777777 0.0359375 0.17777777777777778
0 0.39140625 0.43680555555555556 0.0265625 0.11527777777777778
0 0.260546875 0.5027777777777778 0.02890625 0.11666666666666667
0 0.6578125 0.49444444444444446 0.025 0.11666666666666667
0 0.36796875 0.6451388888888889 0.034375 0.1625
0 0.0109375 0.39305555555555555 0.01875 0.10277777777777777
0 0.35234375 0.5076388888888889 0.028125 0.12083333333333333
0 0.309765625 0.5902777777777778 0.03515625 0.1361111111111111
0 0.206640625 0.5513888888888889 0.03046875 0.1388888888888889
0 0.728125 0.4222222222222222 0.021875 0.1
0 0.76640625 0.5201388888888889 0.0296875 0.12083333333333333
0 0.380078125 0.29930555555555555 0.01484375 0.07361111111111111
0 0.142578125 0.38472222222222224 0.05078125 0.08611111111111111
0 0.29375 0.4486111111111111 0.0234375 0.1111111111111111
0 0.73046875 0.5618055555555556 0.0265625 0.11805555555555555
0 0.8765625 0.7111111111111111 0.05 0.1361111111111111
0 0.228515625 0.37222222222222223 0.04140625 0.09166666666666666
0 0.844140625 0.6159722222222223 0.03359375 0.12083333333333333
0 0.51953125 0.3854166666666667 0.0390625 0.0875
0 0.2515625 0.6881944444444444 0.034375 0.1763888888888889
0 0.7078125 0.4895833333333333 0.0265625 0.10694444444444444
0 0.918359375 0.6979166666666666 0.04140625 0.12638888888888888
0 0.251953125 0.5895833333333333 0.03203125 0.13472222222222222
0 0.58984375 0.3090277777777778 0.0234375 0.07083333333333333
0 0.973046875 0.8791666666666667 0.04609375 0.1388888888888889
0 0.394921875 0.5625 0.03515625 0.1361111111111111
0 0.32890625 0.3090277777777778 0.0234375 0.0763888888888889
0 0.40390625 0.28541666666666665 0.01875 0.07083333333333333
0 0.79765625 0.5027777777777778 0.028125 0.10555555555555556
0 0.080078125 0.36527777777777776 0.05390625 0.07222222222222222
0 0.652734375 0.4340277777777778 0.02578125 0.10972222222222222
0 0.3625 0.24097222222222223 0.0171875 0.059722222222222225
0 0.689453125 0.4215277777777778 0.02578125 0.10138888888888889
0 0.551171875 0.26805555555555555 0.01796875 0.06944444444444445
0 0.297265625 0.36736111111111114 0.02265625 0.08472222222222223
0 0.43046875 0.22916666666666666 0.0140625 0.06666666666666667
0 0.63671875 0.35208333333333336 0.0265625 0.07916666666666666
0 0.39296875 0.3680555555555556 0.0203125 0.08333333333333333
1 0.4640625 0.6444444444444445 0.0828125 0.20833333333333334
1 0.45078125 0.30416666666666664 0.0421875 0.08055555555555556
1 0.676171875 0.9506944444444444 0.12578125 0.09027777777777778
1 0.4484375 0.40208333333333335 0.0484375 0.09027777777777778
1 0.323046875 0.17083333333333334 0.03046875 0.06388888888888888
3 0.5890625 0.4361111111111111 0.0765625 0.21666666666666667
3 0.46171875 0.20277777777777778 0.028125 0.07777777777777778
1 0.7578125 0.7208333333333333 0.1484375 0.225
