0 0.4375 0.7145833333333333 0.0265625 0.1736111111111111
0 0.376953125 0.7145833333333333 0.02109375 0.15694444444444444
0 0.578515625 0.8423611111111111 0.03671875 0.20416666666666666
0 0.591015625 0.7541666666666667 0.02734375 0.1361111111111111
0 0.32109375 0.6423611111111112 0.03125 0.10416666666666667
0 0.3640625 0.5423611111111111 0.021875 0.06805555555555555
0 0.420703125 0.5611111111111111 0.01640625 0.1
0 0.44453125 0.5 0.0203125 0.08333333333333333
0 0.52265625 0.5013888888888889 0.021875 0.07777777777777778
0 0.46328125 0.4479166666666667 0.015625 0.059722222222222225
0 0.5046875 0.4326388888888889 0.0171875 0.06527777777777778
0 0.261328125 0.8736111111111111 0.04453125 0.1361111111111111
