3 0.68359375 0.3958333333333333 0.140625 0.20277777777777778
3 0.400390625 0.23680555555555555 0.11328125 0.10138888888888889
3 0.194140625 0.21736111111111112 0.05078125 0.08472222222222223
0 0.080859375 0.25555555555555554 0.01484375 0.05555555555555555
0 0.094140625 0.2847222222222222 0.01484375 0.06111111111111111
0 0.1296875 0.40625 0.025 0.10416666666666667
0 0.16328125 0.3625 0.0296875 0.1
0 0.214453125 0.4215277777777778 0.03203125 0.11805555555555555
0 0.2546875 0.3909722222222222 0.034375 0.10694444444444444
0 0.32578125 0.5222222222222223 0.0453125 0.16111111111111112
0 0.341796875 0.4618055555555556 0.03046875 0.12916666666666668
