1 0.66953125 0.1951388888888889 0.0265625 0.06805555555555555
0 0.508203125 0.26180555555555557 0.02890625 0.09305555555555556
0 0.269140625 0.4 0.06171875 0.18611111111111112
0 0.4796875 0.1625 0.0390625 0.06666666666666667
0 0.53671875 0.21597222222222223 0.021875 0.07361111111111111
0 0.593359375 0.3701388888888889 0.03515625 0.13194444444444445
0 0.623828125 0.3215277777777778 0.03046875 0.1125
0 0.653515625 0.45069444444444445 0.04296875 0.14305555555555555
0 0.68125 0.4756944444444444 0.0453125 0.16527777777777777
0 0.66640625 0.2875 0.025 0.08333333333333333
0 0.62734375 0.23402777777777778 0.021875 0.06805555555555555
0 0.64765625 0.26875 0.0203125 0.08194444444444444
0 0.576171875 0.1875 0.01640625 0.06944444444444445
0 0.609375 0.19305555555555556 0.01875 0.05555555555555555
0 0.689453125 0.22916666666666666 0.01484375 0.058333333333333334
0 0.658984375 0.22361111111111112 0.01640625 0.06111111111111111
0 0.6203125 0.1798611111111111 0.0171875 0.04583333333333333
