1 0.478125 0.8118055555555556 0.14375 0.31527777777777777
0 0.69296875 0.9236111111111112 0.05625 0.1527777777777778
0 0.26171875 0.8604166666666667 0.0296875 0.1375
0 0.297265625 0.9381944444444444 0.06015625 0.12361111111111112
0 0.3234375 0.6479166666666667 0.0359375 0.10972222222222222
0 0.366015625 0.5520833333333334 0.02265625 0.07916666666666666
0 0.576953125 0.5486111111111112 0.01953125 0.075
0 0.509765625 0.4951388888888889 0.02109375 0.08194444444444444
0 0.5296875 0.46944444444444444 0.015625 0.05277777777777778
0 0.4546875 0.4486111111111111 0.015625 0.06666666666666667
0 0.49453125 0.44513888888888886 0.015625 0.059722222222222225
