1 0.573046875 0.7347222222222223 0.11484375 0.16111111111111112
1 0.548046875 0.46805555555555556 0.04921875 0.075
1 0.769921875 0.5090277777777777 0.05703125 0.08194444444444444
0 0.42421875 0.6395833333333333 0.0484375 0.10416666666666667
0 0.6765625 0.7076388888888889 0.0328125 0.12361111111111112
0 0.720703125 0.64375 0.02265625 0.10416666666666667
0 0.73515625 0.7833333333333333 0.0265625 0.14166666666666666
0 0.817578125 0.8354166666666667 0.03515625 0.17916666666666667
0 0.831640625 0.5388888888888889 0.01796875 0.08333333333333333
0 0.923046875 0.5805555555555556 0.02890625 0.1
1 0.18125 0.8819444444444444 0.2546875 0.2361111111111111
2 0.478515625 0.5416666666666666 0.10859375 0.14722222222222223
