0 0.3140625 0.4777777777777778 0.0265625 0.12777777777777777
0 0.160546875 0.8784722222222222 0.04765625 0.1986111111111111
0 0.227734375 0.4930555555555556 0.02421875 0.11944444444444445
0 0.6734375 0.36944444444444446 0.0234375 0.09444444444444444
0 0.73671875 0.4951388888888889 0.0578125 0.10694444444444444
0 0.237109375 0.36875 0.04609375 0.09027777777777778
0 0.6953125 0.5743055555555555 0.0328125 0.12638888888888888
0 0.299609375 0.3923611111111111 0.02421875 0.09583333333333334
0 0.644140625 0.3368055555555556 0.01796875 0.09027777777777778
0 0.88671875 0.4895833333333333 0.0703125 0.09583333333333334
0 0.33046875 0.4048611111111111 0.021875 0.10972222222222222
0 0.0828125 0.41180555555555554 0.0546875 0.09305555555555556
0 0.341015625 0.3111111111111111 0.02109375 0.08055555555555556
0 0.51328125 0.5215277777777778 0.0296875 0.13194444444444445
0 0.36796875 0.3159722222222222 0.021875 0.09305555555555556
0 0.67734375 0.44722222222222224 0.0453125 0.10277777777777777
0 0.271484375 0.5645833333333333 0.02734375 0.15138888888888888
0 0.541015625 0.25277777777777777 0.01484375 0.06666666666666667
0 0.58359375 0.25833333333333336 0.01875 0.07222222222222222
0 0.55078125 0.3145833333333333 0.028125 0.0875
0 0.1109375 0.36875 0.053125 0.08472222222222223
0 0.275 0.47847222222222224 0.0234375 0.10416666666666667
0 0.519921875 0.3138888888888889 0.02578125 0.08333333333333333
0 0.36171875 0.23333333333333334 0.0171875 0.07777777777777778
0 0.498046875 0.3020833333333333 0.02890625 0.06527777777777778
0 0.025390625 0.95 0.04296875 0.1
0 0.66015625 0.2965277777777778 0.0234375 0.07361111111111111
0 0.442578125 0.30069444444444443 0.03046875 0.0763888888888889
1 0.613671875 0.5902777777777778 0.07890625 0.17777777777777778
1 0.390234375 0.9388888888888889 0.13828125 0.12222222222222222
2 0.402734375 0.2548611111111111 0.04765625 0.11805555555555555
3 0.408203125 0.42291666666666666 0.08984375 0.23472222222222222
3 0.402734375 0.2548611111111111 0.04765625 0.11805555555555555
