0 0.10390625 0.8388888888888889 0.0515625 0.19166666666666668
0 0.14296875 0.675 0.0375 0.1638888888888889
0 0.314453125 0.49236111111111114 0.02578125 0.12361111111111112
0 0.1515625 0.4097222222222222 0.0578125 0.09722222222222222
0 0.346484375 0.66875 0.04140625 0.1597222222222222
0 0.94921875 0.8673611111111111 0.0609375 0.19027777777777777
0 0.82109375 0.7701388888888889 0.0515625 0.16805555555555557
0 0.1828125 0.7416666666666667 0.0421875 0.16944444444444445
0 0.337890625 0.3923611111111111 0.01484375 0.10138888888888889
0 0.658203125 0.41875 0.02890625 0.09861111111111111
0 0.03515625 0.40555555555555556 0.05625 0.08611111111111111
0 0.5953125 0.5493055555555556 0.0296875 0.13194444444444445
0 0.565625 0.3104166666666667 0.015625 0.08194444444444444
0 0.356640625 0.46944444444444444 0.02265625 0.125
0 0.589453125 0.4791666666666667 0.02734375 0.10833333333333334
0 0.3140625 0.36875 0.0203125 0.09027777777777778
0 0.60078125 0.39652777777777776 0.0265625 0.09583333333333334
0 0.284375 0.4201388888888889 0.028125 0.10694444444444444
0 0.2859375 0.7020833333333333 0.040625 0.17083333333333334
0 0.8875 0.7423611111111111 0.0515625 0.16527777777777777
0 0.72265625 0.5326388888888889 0.0359375 0.10416666666666667
0 0.50625 0.3506944444444444 0.0203125 0.08472222222222223
0 0.78359375 0.6458333333333334 0.0484375 0.14444444444444443
0 0.854296875 0.46319444444444446 0.06484375 0.09583333333333334
0 0.674609375 0.5048611111111111 0.03359375 0.10138888888888889
0 0.369921875 0.3798611111111111 0.01640625 0.07361111111111111
0 0.246875 0.6729166666666667 0.0328125 0.15138888888888888
0 0.934375 0.7416666666666667 0.0484375 0.1361111111111111
0 0.900390625 0.6006944444444444 0.03203125 0.11527777777777778
0 0.223828125 0.5340277777777778 0.02734375 0.12083333333333333
0 0.01171875 0.33958333333333335 0.021875 0.0875
0 0.22890625 0.7694444444444445 0.034375 0.16666666666666666
0 0.559765625 0.24305555555555555 0.01484375 0.05277777777777778
0 0.2 0.6180555555555556 0.028125 0.14166666666666666
0 0.22265625 0.925 0.0671875 0.14722222222222223
0 0.25 0.5736111111111111 0.0296875 0.13333333333333333
0 0.90859375 0.9263888888888889 0.08125 0.14444444444444443
0 0.783984375 0.49375 0.04609375 0.10416666666666667
0 0.809375 0.6020833333333333 0.0390625 0.12916666666666668
0 0.697265625 0.49236111111111114 0.03046875 0.09861111111111111
0 0.871484375 0.6736111111111112 0.05546875 0.13333333333333333
0 0.752734375 0.4625 0.03984375 0.09166666666666666
1 0.69765625 0.6465277777777778 0.10625 0.16805555555555557
1 0.424609375 0.44930555555555557 0.07109375 0.1486111111111111
1 0.5203125 0.2263888888888889 0.0328125 0.08611111111111111
1 0.462890625 0.2743055555555556 0.03828125 0.08194444444444444
1 0.526953125 0.2847222222222222 0.03515625 0.075
1 0.589453125 0.8006944444444445 0.14296875 0.26805555555555555
1 0.380859375 0.30069444444444443 0.03984375 0.09027777777777778
1 0.411328125 0.24444444444444444 0.02578125 0.06388888888888888
2 0.628125 0.3104166666666667 0.0828125 0.15138888888888888
0 0.12578125 0.3763888888888889 0.04375 0.06666666666666667
0 0.3859375 0.4048611111111111 0.0171875 0.09583333333333334
