0 0.55625 0.8861111111111111 0.0609375 0.22777777777777777
0 0.335546875 0.7 0.03828125 0.15
1 0.416796875 0.5180555555555556 0.05859375 0.11388888888888889
0 0.494140625 0.50625 0.01953125 0.08472222222222223
0 0.518359375 0.5472222222222223 0.02265625 0.10277777777777777
0 0.53671875 0.5048611111111111 0.0203125 0.07916666666666666
0 0.574609375 0.5486111111111112 0.02421875 0.075
0 0.59765625 0.5541666666666667 0.021875 0.07222222222222222
0 0.26015625 0.85 0.0296875 0.12222222222222222
0 0.364453125 0.5479166666666667 0.02265625 0.07916666666666666
0 0.317578125 0.6354166666666666 0.01484375 0.0763888888888889
