0 0.3328125 0.4875 0.0765625 0.21944444444444444
0 0.460546875 0.46805555555555556 0.07109375 0.18333333333333332
0 0.5390625 0.36875 0.0453125 0.14027777777777778
0 0.5890625 0.41805555555555557 0.04375 0.14166666666666666
0 0.65546875 0.3 0.0265625 0.09722222222222222
0 0.616796875 0.20069444444444445 0.01953125 0.0625
0 0.59609375 0.18819444444444444 0.0171875 0.05694444444444444
0 0.478515625 0.15902777777777777 0.04140625 0.06805555555555555
0 0.651953125 0.4548611111111111 0.04609375 0.14583333333333334
0 0.682421875 0.4791666666666667 0.04453125 0.15833333333333333
0 0.60859375 0.7534722222222222 0.09375 0.30416666666666664
0 0.6671875 0.20277777777777778 0.0171875 0.05277777777777778
0 0.647265625 0.16875 0.01171875 0.04861111111111111
0 0.656640625 0.18055555555555555 0.01328125 0.05
