0 0.048046875 0.7076388888888889 0.09609375 0.30416666666666664
0 0.37890625 0.3590277777777778 0.0546875 0.15416666666666667
0 0.356640625 0.8416666666666667 0.11328125 0.31666666666666665
0 0.5234375 0.25555555555555554 0.03125 0.1
0 0.629296875 0.3215277777777778 0.03359375 0.10416666666666667
0 0.662890625 0.3458333333333333 0.02890625 0.10555555555555556
0 0.602734375 0.19166666666666668 0.02109375 0.05555555555555555
0 0.620703125 0.1798611111111111 0.01484375 0.05416666666666667
0 0.634765625 0.18055555555555555 0.01171875 0.05
0 0.65859375 0.17222222222222222 0.034375 0.041666666666666664
