0 0.775390625 0.5895833333333333 0.03046875 0.12916666666666668
0 0.748828125 0.5333333333333333 0.02421875 0.08611111111111111
0 0.6828125 0.5486111111111112 0.0375 0.10277777777777777
0 0.841015625 0.5319444444444444 0.02578125 0.1
0 0.7953125 0.4736111111111111 0.01875 0.06944444444444445
0 0.585546875 0.48680555555555555 0.03359375 0.09027777777777778
0 0.61015625 0.46041666666666664 0.01875 0.0763888888888889
0 0.7234375 0.4041666666666667 0.0171875 0.058333333333333334
0 0.748828125 0.39375 0.01328125 0.04583333333333333
0 0.781640625 0.4111111111111111 0.02265625 0.05
0 0.81640625 0.42986111111111114 0.0125 0.05138888888888889
0 0.864453125 0.4652777777777778 0.01484375 0.06666666666666667
