0 0.806640625 0.6416666666666667 0.03203125 0.14444444444444443
0 0.793359375 0.5493055555555556 0.02421875 0.10138888888888889
0 0.74765625 0.6576388888888889 0.040625 0.15138888888888888
0 0.81796875 0.5076388888888889 0.021875 0.08472222222222223
0 0.84140625 0.4909722222222222 0.01875 0.07361111111111111
1 0.433984375 0.8034722222222223 0.24921875 0.2708333333333333
1 0.618359375 0.6090277777777777 0.13671875 0.1875
3 0.7125 0.4618055555555556 0.0984375 0.16527777777777777
3 0.47578125 0.49375 0.36875 0.29583333333333334
3 0.77734375 0.43819444444444444 0.034375 0.1125
0 0.913671875 0.5736111111111111 0.02578125 0.1
