0 0.9203125 0.6027777777777777 0.021875 0.075
0 0.809765625 0.6208333333333333 0.02890625 0.11944444444444445
0 0.6890625 0.5465277777777777 0.021875 0.0763888888888889
0 0.73984375 0.6041666666666666 0.0234375 0.09444444444444444
0 0.768359375 0.6479166666666667 0.03828125 0.12638888888888888
0 0.725 0.6909722222222222 0.025 0.12083333333333333
0 0.697265625 0.6430555555555556 0.02734375 0.11944444444444445
0 0.66640625 0.7416666666666667 0.03125 0.13333333333333333
0 0.828515625 0.7770833333333333 0.03828125 0.10694444444444444
0 0.75546875 0.8583333333333333 0.0390625 0.1638888888888889
0 0.825390625 0.9131944444444444 0.03984375 0.1736111111111111
0 0.678515625 0.9034722222222222 0.03671875 0.17916666666666667
0 0.594921875 0.8326388888888889 0.05078125 0.1625
1 0.63515625 0.6333333333333333 0.0875 0.1527777777777778
1 0.427734375 0.7395833333333334 0.15703125 0.17916666666666667
