0 0.837109375 0.5916666666666667 0.03984375 0.125
0 0.5890625 0.3951388888888889 0.021875 0.10694444444444444
0 0.364453125 0.38333333333333336 0.02265625 0.1
0 0.0359375 0.5881944444444445 0.0359375 0.13472222222222222
0 0.691796875 0.3819444444444444 0.02578125 0.09166666666666666
0 0.251171875 0.5201388888888889 0.03359375 0.12083333333333333
0 0.226953125 0.36666666666666664 0.04765625 0.09166666666666666
0 0.50234375 0.3145833333333333 0.0234375 0.08472222222222223
0 0.642578125 0.4388888888888889 0.02734375 0.11666666666666667
0 0.704296875 0.49444444444444446 0.02265625 0.11944444444444445
0 0.314453125 0.5305555555555556 0.02734375 0.13055555555555556
0 0.278125 0.5638888888888889 0.0359375 0.14166666666666666
0 0.7234375 0.4527777777777778 0.0328125 0.10833333333333334
0 0.34765625 0.3020833333333333 0.0171875 0.0875
0 0.327734375 0.40694444444444444 0.02734375 0.10833333333333334
0 0.51328125 0.4756944444444444 0.0296875 0.11805555555555555
0 0.651953125 0.3388888888888889 0.02578125 0.08055555555555556
0 0.316015625 0.6604166666666667 0.03984375 0.1625
0 0.75546875 0.53125 0.0328125 0.12083333333333333
0 0.539453125 0.28541666666666665 0.01796875 0.08194444444444444
0 0.3859375 0.7013888888888888 0.0375 0.16944444444444445
0 0.113671875 0.37916666666666665 0.04765625 0.08611111111111111
0 0.721484375 0.38263888888888886 0.02578125 0.0875
0 0.621484375 0.2861111111111111 0.02265625 0.07222222222222222
0 0.34609375 0.7548611111111111 0.0421875 0.1875
0 0.95625 0.6875 0.0609375 0.15555555555555556
0 0.5890625 0.32430555555555557 0.0296875 0.07361111111111111
0 0.8140625 0.4361111111111111 0.0359375 0.08888888888888889
0 0.879296875 0.825 0.07109375 0.19166666666666668
0 0.627734375 0.39444444444444443 0.02421875 0.09166666666666666
0 0.009765625 0.3375 0.01796875 0.08611111111111111
0 0.333203125 0.21875 0.01484375 0.0625
0 0.54921875 0.24166666666666667 0.015625 0.06388888888888888
0 0.573828125 0.23055555555555557 0.01640625 0.06111111111111111
0 0.385546875 0.22708333333333333 0.01484375 0.06527777777777778
0 0.3484375 0.24375 0.0171875 0.0625
0 0.519140625 0.24166666666666667 0.01484375 0.06944444444444445
1 0.45625 0.8125 0.1109375 0.275
1 0.628125 0.6 0.084375 0.1638888888888889
1 0.04921875 0.4791666666666667 0.0984375 0.1111111111111111
1 0.205859375 0.6326388888888889 0.10703125 0.15416666666666667
1 0.5171875 0.2013888888888889 0.0234375 0.06111111111111111
1 0.448046875 0.22708333333333333 0.03046875 0.05694444444444444
1 0.4234375 0.18263888888888888 0.0265625 0.05694444444444444
1 0.4640625 0.18333333333333332 0.021875 0.06666666666666667
3 0.42578125 0.3402777777777778 0.065625 0.175
1 0.440234375 0.4666666666666667 0.06484375 0.1638888888888889
