0 0.260546875 0.44305555555555554 0.07734375 0.2
0 0.4375 0.27847222222222223 0.034375 0.10694444444444444
0 0.51953125 0.2777777777777778 0.0359375 0.10833333333333334
0 0.546484375 0.4979166666666667 0.05703125 0.19027777777777777
0 0.83828125 0.8875 0.13125 0.225
0 0.6265625 0.2791666666666667 0.0296875 0.08888888888888889
0 0.569921875 0.2125 0.02265625 0.07777777777777778
0 0.477734375 0.16041666666666668 0.03671875 0.06527777777777778
0 0.676171875 0.26319444444444445 0.02109375 0.06805555555555555
0 0.60703125 0.20277777777777778 0.01875 0.06388888888888888
0 0.655078125 0.44930555555555557 0.04921875 0.14583333333333334
0 0.68203125 0.4798611111111111 0.040625 0.15138888888888888
0 0.626953125 0.19583333333333333 0.01953125 0.06111111111111111
0 0.640234375 0.18611111111111112 0.01640625 0.05277777777777778
