0 0.385546875 0.5430555555555555 0.05390625 0.13333333333333333
0 0.81796875 0.5430555555555555 0.021875 0.09722222222222222
0 0.494140625 0.4930555555555556 0.03359375 0.1
0 0.426953125 0.6138888888888889 0.05390625 0.14166666666666666
0 0.85234375 0.47430555555555554 0.015625 0.07083333333333333
0 0.46953125 0.5444444444444444 0.0421875 0.125
0 0.629296875 0.40902777777777777 0.02109375 0.06527777777777778
0 0.0203125 0.7555555555555555 0.040625 0.2
0 0.70390625 0.4201388888888889 0.015625 0.05416666666666667
0 0.75078125 0.3972222222222222 0.0140625 0.05555555555555555
0 0.7375 0.3902777777777778 0.015625 0.05555555555555555
0 0.832421875 0.46597222222222223 0.01484375 0.0625
0 0.45546875 0.89375 0.078125 0.1736111111111111
1 0.7625 0.47638888888888886 0.05625 0.08611111111111111
1 0.6671875 0.4736111111111111 0.0734375 0.09722222222222222
1 0.7828125 0.4361111111111111 0.0296875 0.05555555555555555
0 0.81953125 0.4479166666666667 0.0140625 0.0625
