0 0.651171875 0.9076388888888889 0.08046875 0.18194444444444444
0 0.566015625 0.7416666666666667 0.07109375 0.2
0 0.166796875 0.6576388888888889 0.08515625 0.16527777777777777
0 0.27578125 0.6729166666666667 0.0875 0.17083333333333334
0 0.4796875 0.7166666666666667 0.0640625 0.16666666666666666
0 0.80703125 0.7395833333333334 0.05 0.18194444444444444
0 0.275390625 0.8666666666666667 0.10546875 0.17777777777777778
0 0.403515625 0.51875 0.05703125 0.13194444444444445
0 0.5875 0.5902777777777778 0.04375 0.125
0 0.477734375 0.5326388888888889 0.05078125 0.13472222222222222
0 0.643359375 0.7402777777777778 0.05390625 0.16111111111111112
0 0.70546875 0.7125 0.0453125 0.15555555555555556
0 0.53984375 0.5604166666666667 0.0453125 0.13194444444444445
0 0.83828125 0.5909722222222222 0.028125 0.10416666666666667
0 0.826953125 0.5340277777777778 0.01953125 0.08194444444444444
0 0.790625 0.6270833333333333 0.0328125 0.10972222222222222
0 0.74453125 0.7416666666666667 0.0453125 0.16111111111111112
0 0.66875 0.5486111111111112 0.03125 0.09722222222222222
0 0.698046875 0.5909722222222222 0.03515625 0.1125
0 0.399609375 0.9090277777777778 0.09921875 0.1763888888888889
0 0.629296875 0.5965277777777778 0.02734375 0.10972222222222222
0 0.777734375 0.525 0.01953125 0.07777777777777778
0 0.74375 0.6194444444444445 0.028125 0.11666666666666667
3 0.673828125 0.4076388888888889 0.12578125 0.2125
3 0.821484375 0.4215277777777778 0.06171875 0.09861111111111111
0 0.806640625 0.5541666666666667 0.01796875 0.075
0 0.84609375 0.5159722222222223 0.021875 0.06527777777777778
0 0.76640625 0.48194444444444445 0.0171875 0.06111111111111111
0 0.631640625 0.5215277777777778 0.02578125 0.06805555555555555
0 0.755859375 0.5527777777777778 0.02421875 0.07222222222222222
