0 0.326171875 0.1451388888888889 0.04296875 0.06527777777777778
0 0.56875 0.2125 0.021875 0.06944444444444445
0 0.596484375 0.30069444444444443 0.02890625 0.09861111111111111
0 0.619140625 0.2625 0.01953125 0.08611111111111111
0 0.6328125 0.2972222222222222 0.028125 0.08888888888888889
0 0.66484375 0.29930555555555555 0.0234375 0.09027777777777778
0 0.68359375 0.47708333333333336 0.04375 0.15138888888888888
0 0.544140625 0.4395833333333333 0.06015625 0.17083333333333334
0 0.536328125 0.6513888888888889 0.06796875 0.23333333333333334
0 0.398046875 0.8951388888888889 0.11015625 0.20972222222222223
0 0.602734375 0.1909722222222222 0.01484375 0.05416666666666667
0 0.615625 0.18333333333333332 0.0140625 0.05555555555555555
0 0.632421875 0.18888888888888888 0.01640625 0.058333333333333334
0 0.6859375 0.20416666666666666 0.015625 0.05277777777777778
