1 0.334375 0.3625 0.078125 0.10833333333333334
1 0.388671875 0.33611111111111114 0.08046875 0.11666666666666667
1 0.19921875 0.24027777777777778 0.040625 0.04722222222222222
1 0.176171875 0.33541666666666664 0.05078125 0.0763888888888889
1 0.163671875 0.2826388888888889 0.04921875 0.05694444444444444
1 0.15078125 0.2388888888888889 0.0328125 0.03611111111111111
1 0.171875 0.21805555555555556 0.028125 0.03611111111111111
0 0.2453125 0.3138888888888889 0.0421875 0.075
3 0.508203125 0.24444444444444444 0.08828125 0.09722222222222222
3 0.093359375 0.34444444444444444 0.12734375 0.1361111111111111
0 0.141015625 0.40069444444444446 0.05234375 0.09583333333333334
0 0.193359375 0.6083333333333333 0.04921875 0.175
0 0.7390625 0.3993055555555556 0.04375 0.09861111111111111
