0 0.669140625 0.8458333333333333 0.06953125 0.21944444444444444
0 0.3859375 0.65625 0.0796875 0.1736111111111111
0 0.753125 0.6548611111111111 0.040625 0.15138888888888888
0 0.62109375 0.7701388888888889 0.0578125 0.20972222222222223
0 0.659375 0.4534722222222222 0.0296875 0.09027777777777778
0 0.480078125 0.6131944444444445 0.06015625 0.1625
0 0.84765625 0.5451388888888888 0.025 0.09027777777777778
0 0.68359375 0.46111111111111114 0.025 0.07777777777777778
0 0.30390625 0.6194444444444445 0.0734375 0.16666666666666666
0 0.815234375 0.5381944444444444 0.02734375 0.10138888888888889
0 0.7203125 0.6173611111111111 0.0390625 0.13472222222222222
0 0.4171875 0.5479166666666667 0.04375 0.11805555555555555
0 0.73046875 0.40694444444444444 0.015625 0.06111111111111111
0 0.781640625 0.5569444444444445 0.03359375 0.1111111111111111
0 0.665234375 0.6555555555555556 0.04296875 0.1527777777777778
0 0.477734375 0.4673611111111111 0.04140625 0.07083333333333333
0 0.171484375 0.85625 0.11328125 0.2875
0 0.04375 0.7111111111111111 0.0875 0.18888888888888888
0 0.253125 0.7215277777777778 0.075 0.1763888888888889
0 0.696484375 0.40694444444444444 0.01484375 0.05555555555555555
1 0.59375 0.6423611111111112 0.1453125 0.19027777777777777
1 0.70703125 0.51875 0.0703125 0.10138888888888889
3 0.76875 0.44722222222222224 0.0671875 0.14722222222222223
0 0.084375 0.8368055555555556 0.078125 0.23472222222222222
0 0.16328125 0.6951388888888889 0.0890625 0.18194444444444444
0 0.251171875 0.5909722222222222 0.07421875 0.10416666666666667
0 0.9359375 0.8923611111111112 0.08125 0.10694444444444444
0 0.9234375 0.8284722222222223 0.06875 0.1125
0 0.555859375 0.42291666666666666 0.04296875 0.05416666666666667
3 0.80390625 0.3840277777777778 0.059375 0.17083333333333334
