0 0.69609375 0.4361111111111111 0.0203125 0.06944444444444445
0 0.18828125 0.7291666666666666 0.0953125 0.21666666666666667
0 0.141796875 0.6847222222222222 0.08671875 0.19444444444444445
0 0.316015625 0.5951388888888889 0.06328125 0.1625
0 0.683203125 0.4513888888888889 0.02265625 0.07777777777777778
0 0.79296875 0.6166666666666667 0.0296875 0.12777777777777777
0 0.7375 0.6840277777777778 0.040625 0.1597222222222222
0 0.785546875 0.4875 0.02265625 0.07777777777777778
0 0.65625 0.43680555555555556 0.0234375 0.08194444444444444
0 0.6046875 0.4791666666666667 0.03125 0.09444444444444444
0 0.61953125 0.4479166666666667 0.0234375 0.08472222222222223
0 0.542578125 0.46944444444444444 0.04921875 0.08611111111111111
0 0.82890625 0.5493055555555556 0.025 0.09305555555555556
0 0.839453125 0.5069444444444444 0.01796875 0.06944444444444445
0 0.82265625 0.4895833333333333 0.01875 0.06805555555555555
0 0.797265625 0.4756944444444444 0.01796875 0.07083333333333333
0 0.736328125 0.4076388888888889 0.01484375 0.04861111111111111
0 0.496484375 0.4965277777777778 0.04453125 0.08194444444444444
0 0.853515625 0.4652777777777778 0.01484375 0.058333333333333334
1 0.705078125 0.5458333333333333 0.09296875 0.14444444444444443
3 0.50078125 0.7083333333333334 0.3 0.40555555555555556
0 0.93203125 0.8930555555555556 0.0671875 0.11388888888888889
0 0.9203125 0.8305555555555556 0.065625 0.11388888888888889
1 0.778515625 0.4409722222222222 0.03828125 0.06805555555555555
3 0.800390625 0.38680555555555557 0.05859375 0.10138888888888889
0 0.75 0.39444444444444443 0.0140625 0.05555555555555555
0 0.74296875 0.45625 0.0359375 0.07361111111111111
