0 0.537109375 0.7680555555555556 0.08984375 0.21388888888888888
0 0.399609375 0.6506944444444445 0.05546875 0.1986111111111111
0 0.305078125 0.6034722222222222 0.03984375 0.17083333333333334
0 0.24140625 0.44513888888888886 0.034375 0.12638888888888888
0 0.283984375 0.33958333333333335 0.03984375 0.07361111111111111
0 0.14765625 0.40347222222222223 0.028125 0.10138888888888889
0 0.115234375 0.2986111111111111 0.01640625 0.06666666666666667
0 0.162890625 0.22777777777777777 0.01171875 0.044444444444444446
0 0.185546875 0.23680555555555555 0.01640625 0.05138888888888889
0 0.205859375 0.20833333333333334 0.00078125 0.002777777777777778
0 0.40625 0.2569444444444444 0.0296875 0.05
2 0.2265625 0.2326388888888889 0.0453125 0.05416666666666667
1 0.341015625 0.4326388888888889 0.10078125 0.13472222222222222
