0 0.62421875 0.6527777777777778 0.0421875 0.18888888888888888
0 0.540625 0.65 0.0640625 0.22777777777777777
0 0.17890625 0.8847222222222222 0.14375 0.23055555555555557
0 0.3390625 0.89375 0.146875 0.20972222222222223
0 0.391015625 0.5479166666666667 0.07421875 0.22083333333333333
0 0.36953125 0.26875 0.0421875 0.13472222222222222
0 0.410546875 0.25763888888888886 0.04765625 0.15138888888888888
0 0.569921875 0.3819444444444444 0.03515625 0.14444444444444443
0 0.672265625 0.38472222222222224 0.02890625 0.12222222222222222
0 0.643359375 0.27569444444444446 0.02578125 0.08194444444444444
0 0.580859375 0.20902777777777778 0.01640625 0.07083333333333333
0 0.6859375 0.22013888888888888 0.0171875 0.06527777777777778
0 0.616796875 0.17708333333333334 0.01484375 0.05416666666666667
0 0.637890625 0.18611111111111112 0.01640625 0.05555555555555555
