0 0.485546875 0.8027777777777778 0.07421875 0.22777777777777777
0 0.7140625 0.43333333333333335 0.0203125 0.075
0 0.35390625 0.6180555555555556 0.075 0.18333333333333332
0 0.60625 0.6361111111111111 0.046875 0.16111111111111112
0 0.8 0.6708333333333333 0.040625 0.16111111111111112
0 0.257421875 0.6159722222222223 0.07421875 0.1625
0 0.6046875 0.47638888888888886 0.0328125 0.09444444444444444
0 0.691015625 0.5201388888888889 0.03046875 0.10694444444444444
0 0.68203125 0.44722222222222224 0.0234375 0.075
0 0.775390625 0.49444444444444446 0.02265625 0.09444444444444444
0 0.446875 0.5152777777777777 0.0453125 0.10277777777777777
0 0.5015625 0.5486111111111112 0.05 0.13333333333333333
0 0.73046875 0.5430555555555555 0.03125 0.11944444444444445
0 0.65859375 0.5715277777777777 0.0359375 0.1375
0 0.784765625 0.4465277777777778 0.01640625 0.059722222222222225
0 0.74765625 0.3951388888888889 0.015625 0.05416666666666667
0 0.8140625 0.43333333333333335 0.01875 0.05555555555555555
0 0.590625 0.4340277777777778 0.025 0.0763888888888889
2 0.833203125 0.5111111111111111 0.06015625 0.1111111111111111
