0 0.1875 0.6527777777777778 0.09375 0.19444444444444445
0 0.640234375 0.7583333333333333 0.05859375 0.2
0 0.72734375 0.48819444444444443 0.025 0.09583333333333334
0 0.751953125 0.49444444444444446 0.02578125 0.09166666666666666
0 0.719140625 0.39652777777777776 0.01484375 0.059722222222222225
0 0.78125 0.4354166666666667 0.0171875 0.06527777777777778
0 0.626171875 0.45625 0.02578125 0.10138888888888889
0 0.741796875 0.3993055555555556 0.01328125 0.04583333333333333
0 0.829296875 0.4479166666666667 0.01640625 0.059722222222222225
0 0.84296875 0.46041666666666664 0.0140625 0.059722222222222225
0 0.2390625 0.8909722222222223 0.1265625 0.20416666666666666
0 0.6421875 0.6027777777777777 0.040625 0.14444444444444443
0 0.853125 0.5451388888888888 0.021875 0.08472222222222223
2 0.796484375 0.5791666666666667 0.09453125 0.19166666666666668
0 0.751953125 0.3888888888888889 0.01328125 0.05
0 0.821875 0.4201388888888889 0.0140625 0.04861111111111111
