0 0.54765625 0.22430555555555556 0.028125 0.08194444444444444
0 0.46015625 0.2722222222222222 0.0390625 0.11666666666666667
0 0.403125 0.34930555555555554 0.059375 0.16805555555555557
0 0.058984375 0.6895833333333333 0.11796875 0.3263888888888889
0 0.516796875 0.4875 0.06640625 0.21666666666666667
0 0.594921875 0.4201388888888889 0.04453125 0.1486111111111111
0 0.659375 0.3645833333333333 0.0375 0.11527777777777778
0 0.637890625 0.2791666666666667 0.02734375 0.08888888888888889
0 0.53828125 0.7826388888888889 0.0875 0.29583333333333334
0 0.634375 0.1638888888888889 0.0140625 0.041666666666666664
0 0.6515625 0.17291666666666666 0.0125 0.04583333333333333
0 0.66640625 0.21180555555555555 0.015625 0.05694444444444444
