0 0.26953125 0.37777777777777777 0.0609375 0.1638888888888889
0 0.169921875 0.49583333333333335 0.11171875 0.2361111111111111
0 0.588671875 0.5173611111111112 0.04765625 0.1486111111111111
0 0.529296875 0.23680555555555555 0.03046875 0.08194444444444444
0 0.626953125 0.25277777777777777 0.01953125 0.07222222222222222
0 0.658984375 0.25416666666666665 0.01953125 0.06944444444444445
0 0.595703125 0.1986111111111111 0.01953125 0.06111111111111111
0 0.58203125 0.18333333333333332 0.0171875 0.06388888888888888
0 0.6171875 0.17569444444444443 0.01875 0.05416666666666667
0 0.646875 0.18680555555555556 0.01875 0.05694444444444444
0 0.631640625 0.1701388888888889 0.01171875 0.04861111111111111
0 0.6734375 0.22708333333333333 0.0140625 0.05138888888888889
