0 0.394921875 0.8548611111111111 0.05234375 0.19027777777777777
0 0.173046875 0.6875 0.03671875 0.16111111111111112
0 0.14921875 0.5611111111111111 0.0328125 0.14444444444444443
0 0.768359375 0.6479166666666667 0.03515625 0.15138888888888888
0 0.126171875 0.8826388888888889 0.05078125 0.19027777777777777
0 0.819921875 0.8527777777777777 0.04921875 0.18888888888888888
0 0.22265625 0.5354166666666667 0.0328125 0.12083333333333333
0 0.04765625 0.3972222222222222 0.0625 0.09722222222222222
0 0.74609375 0.44027777777777777 0.0265625 0.10555555555555556
0 0.27734375 0.5034722222222222 0.0265625 0.12083333333333333
0 0.5578125 0.4409722222222222 0.0296875 0.10416666666666667
0 0.366015625 0.5715277777777777 0.04296875 0.12638888888888888
0 0.550390625 0.6138888888888889 0.03828125 0.14444444444444443
0 0.31640625 0.39652777777777776 0.01875 0.09861111111111111
0 0.37578125 0.3298611111111111 0.01875 0.09027777777777778
0 0.027734375 0.8527777777777777 0.05390625 0.19166666666666668
0 0.396484375 0.2826388888888889 0.01640625 0.06527777777777778
0 0.704296875 0.475 0.02578125 0.11666666666666667
0 0.638671875 0.4395833333333333 0.02265625 0.10138888888888889
0 0.7421875 0.5618055555555556 0.0296875 0.12083333333333333
0 0.660546875 0.38333333333333336 0.01796875 0.08888888888888889
0 0.814453125 0.5993055555555555 0.03984375 0.12638888888888888
0 0.226953125 0.3784722222222222 0.04921875 0.08472222222222223
0 0.5796875 0.32430555555555557 0.0203125 0.07916666666666666
0 0.61171875 0.38472222222222224 0.028125 0.09166666666666666
0 0.64296875 0.3104166666666667 0.0140625 0.0763888888888889
0 0.83203125 0.6881944444444444 0.0453125 0.14027777777777778
0 0.290625 0.42430555555555555 0.025 0.10694444444444444
0 0.244921875 0.5888888888888889 0.03828125 0.125
0 0.0109375 0.49236111111111114 0.021875 0.09305555555555556
0 0.6734375 0.32708333333333334 0.0234375 0.06805555555555555
0 0.009765625 0.3388888888888889 0.01953125 0.08333333333333333
0 0.69921875 0.40555555555555556 0.0265625 0.09166666666666666
0 0.606640625 0.25277777777777777 0.01484375 0.058333333333333334
0 0.956640625 0.95625 0.06640625 0.0875
0 0.62734375 0.36736111111111114 0.01875 0.08472222222222223
0 0.580859375 0.25833333333333336 0.01640625 0.06666666666666667
1 0.534765625 0.8402777777777778 0.17734375 0.275
1 0.330859375 0.33611111111111114 0.03984375 0.09722222222222222
1 0.53515625 0.23819444444444443 0.0328125 0.07916666666666666
1 0.965234375 0.49166666666666664 0.05859375 0.11388888888888889
3 0.47109375 0.30277777777777776 0.1296875 0.14444444444444443
3 0.50859375 0.1736111111111111 0.0265625 0.06666666666666667
0 0.368359375 0.45625 0.04609375 0.09027777777777778
0 0.348046875 0.5138888888888888 0.03671875 0.08611111111111111
