1 0.547265625 0.575 0.09765625 0.15833333333333333
3 0.541015625 0.42569444444444443 0.05703125 0.1125
3 0.660546875 0.4444444444444444 0.08828125 0.15833333333333333
1 0.62578125 0.36736111111111114 0.0578125 0.05694444444444444
0 0.780859375 0.35 0.02734375 0.07222222222222222
0 0.725 0.34652777777777777 0.021875 0.07361111111111111
0 0.680078125 0.35138888888888886 0.02109375 0.03888888888888889
3 0.141796875 0.7916666666666666 0.28359375 0.4166666666666667
3 0.327734375 0.40902777777777777 0.10859375 0.34305555555555556
1 0.693359375 0.8916666666666667 0.16015625 0.21666666666666667
0 0.237890625 0.3888888888888889 0.01796875 0.06944444444444445
0 0.262890625 0.36180555555555555 0.01796875 0.06805555555555555
0 0.262890625 0.3076388888888889 0.01640625 0.05138888888888889
