0 0.6125 0.525 0.015625 0.06944444444444445
0 0.681640625 0.5465277777777777 0.02109375 0.08194444444444444
0 0.643359375 0.5826388888888889 0.02421875 0.09583333333333334
0 0.746484375 0.5541666666666667 0.01796875 0.058333333333333334
0 0.809765625 0.5819444444444445 0.02890625 0.09166666666666666
0 0.759765625 0.6479166666666667 0.03203125 0.10972222222222222
0 0.71640625 0.6152777777777778 0.0234375 0.10277777777777777
0 0.698046875 0.7111111111111111 0.02578125 0.13333333333333333
0 0.6578125 0.7125 0.0234375 0.125
0 0.538671875 0.6006944444444444 0.02109375 0.10138888888888889
0 0.57578125 0.6861111111111111 0.021875 0.06944444444444445
0 0.583203125 0.7520833333333333 0.03515625 0.12916666666666668
0 0.457421875 0.7472222222222222 0.03828125 0.1388888888888889
0 0.48203125 0.9152777777777777 0.0453125 0.1638888888888889
0 0.5671875 0.9159722222222222 0.04375 0.16805555555555557
0 0.631640625 0.8583333333333333 0.03515625 0.18055555555555555
0 0.78828125 0.8868055555555555 0.04375 0.18472222222222223
0 0.751171875 0.9597222222222223 0.03984375 0.08055555555555556
0 0.686328125 0.9326388888888889 0.04765625 0.13472222222222222
1 0.307421875 0.8486111111111111 0.18515625 0.22777777777777777
