0 0.68359375 0.38958333333333334 0.0265625 0.10694444444444444
0 0.356640625 0.15416666666666667 0.03828125 0.06111111111111111
0 0.4421875 0.17430555555555555 0.04375 0.08472222222222223
0 0.405078125 0.26666666666666666 0.03359375 0.11944444444444445
0 0.3671875 0.27847222222222223 0.04375 0.12361111111111112
0 0.466015625 0.3236111111111111 0.03828125 0.13055555555555556
0 0.537890625 0.38472222222222224 0.03671875 0.1361111111111111
0 0.599609375 0.3902777777777778 0.03203125 0.1361111111111111
0 0.56875 0.5777777777777777 0.05 0.20555555555555555
0 0.4765625 0.5027777777777778 0.053125 0.19444444444444445
0 0.603125 0.27291666666666664 0.021875 0.08472222222222223
0 0.56640625 0.23125 0.0203125 0.07916666666666666
0 0.490234375 0.25277777777777777 0.02421875 0.09166666666666666
0 0.636328125 0.26180555555555557 0.01953125 0.08472222222222223
0 0.659765625 0.2659722222222222 0.01953125 0.0763888888888889
0 0.6234375 0.2361111111111111 0.0140625 0.06666666666666667
0 0.673828125 0.21736111111111112 0.01484375 0.05416666666666667
0 0.5890625 0.20902777777777778 0.0171875 0.06527777777777778
0 0.68671875 0.23333333333333334 0.0140625 0.06388888888888888
0 0.55390625 0.21805555555555556 0.015625 0.06944444444444445
