0 0.6203125 0.7520833333333333 0.0515625 0.1875
0 0.805859375 0.7006944444444444 0.03828125 0.15694444444444444
0 0.656640625 0.4340277777777778 0.02578125 0.0763888888888889
0 0.745703125 0.6965277777777777 0.03984375 0.1625
0 0.493359375 0.5284722222222222 0.04609375 0.12361111111111112
0 0.353125 0.5847222222222223 0.0609375 0.13055555555555556
0 0.699609375 0.4673611111111111 0.02578125 0.08472222222222223
0 0.69921875 0.4083333333333333 0.0171875 0.05277777777777778
0 0.698828125 0.6048611111111111 0.03359375 0.12361111111111112
0 0.734765625 0.39861111111111114 0.01796875 0.06111111111111111
0 0.8 0.6104166666666667 0.0265625 0.09861111111111111
0 0.829296875 0.63125 0.02109375 0.10138888888888889
0 0.850390625 0.54375 0.01328125 0.07361111111111111
1 0.66484375 0.5472222222222223 0.09375 0.11944444444444445
2 0.79765625 0.46597222222222223 0.1015625 0.13194444444444445
0 0.791796875 0.5708333333333333 0.03046875 0.11944444444444445
0 0.833203125 0.5548611111111111 0.02109375 0.07361111111111111
