0 0.429296875 0.29375 0.04765625 0.13194444444444445
0 0.5078125 0.2590277777777778 0.0328125 0.09583333333333334
0 0.565234375 0.2125 0.02421875 0.06388888888888888
0 0.5296875 0.4041666666666667 0.040625 0.14722222222222223
0 0.47890625 0.7958333333333333 0.084375 0.2861111111111111
0 0.5921875 0.3145833333333333 0.0296875 0.10972222222222222
0 0.63046875 0.2708333333333333 0.025 0.08888888888888889
0 0.615625 0.3798611111111111 0.0390625 0.1736111111111111
1 0.108984375 0.7090277777777778 0.21796875 0.5263888888888889
0 0.65078125 0.27152777777777776 0.01875 0.07916666666666666
0 0.683984375 0.3347222222222222 0.02578125 0.1
0 0.67421875 0.22361111111111112 0.0171875 0.06111111111111111
0 0.657421875 0.2125 0.01796875 0.05
