0 0.41640625 0.6708333333333333 0.071875 0.15555555555555556
0 0.776953125 0.7166666666666667 0.03828125 0.16666666666666666
0 0.3296875 0.6138888888888889 0.0546875 0.1388888888888889
0 0.401171875 0.5180555555555556 0.04140625 0.10277777777777777
0 0.782421875 0.5611111111111111 0.03046875 0.10833333333333334
0 0.82109375 0.5993055555555555 0.0296875 0.12083333333333333
0 0.022265625 0.7666666666666667 0.04453125 0.17222222222222222
0 0.31484375 0.5756944444444444 0.0484375 0.12361111111111112
0 0.463671875 0.55 0.04921875 0.11944444444444445
0 0.816796875 0.4930555555555556 0.01796875 0.06944444444444445
0 0.37578125 0.6319444444444444 0.0515625 0.1388888888888889
0 0.83359375 0.4583333333333333 0.015625 0.058333333333333334
0 0.8328125 0.5319444444444444 0.0203125 0.05277777777777778
2 0.643359375 0.5291666666666667 0.26015625 0.3638888888888889
1 0.794140625 0.425 0.02890625 0.06666666666666667
