0 0.53984375 0.6340277777777777 0.025 0.13194444444444445
0 0.3734375 0.7354166666666667 0.0328125 0.17083333333333334
0 0.255078125 0.8763888888888889 0.02890625 0.1638888888888889
0 0.21484375 0.89375 0.0453125 0.15138888888888888
0 0.321484375 0.6416666666666667 0.03515625 0.1
0 0.3625 0.5444444444444444 0.021875 0.075
0 0.426953125 0.5256944444444445 0.02421875 0.10138888888888889
0 0.45546875 0.46111111111111114 0.021875 0.07777777777777778
0 0.49453125 0.44166666666666665 0.01875 0.06111111111111111
0 0.5265625 0.4701388888888889 0.01875 0.08194444444444444
