0 0.338671875 0.6743055555555556 0.08671875 0.23194444444444445
0 0.6828125 0.42569444444444443 0.021875 0.06805555555555555
0 0.633984375 0.6597222222222222 0.04765625 0.16666666666666666
0 0.783203125 0.46805555555555556 0.02109375 0.07777777777777778
0 0.616015625 0.41597222222222224 0.02421875 0.07083333333333333
0 0.751171875 0.5513888888888889 0.03046875 0.11666666666666667
0 0.82265625 0.40555555555555556 0.0140625 0.05
0 0.860546875 0.4625 0.01171875 0.05277777777777778
2 0.834765625 0.4965277777777778 0.06484375 0.14583333333333334
1 0.767578125 0.3923611111111111 0.03359375 0.059722222222222225
0 0.684375 0.40347222222222223 0.034375 0.06527777777777778
1 0.189453125 0.90625 0.37578125 0.1875
