0 0.45 0.26180555555555557 0.0359375 0.1125
0 0.470703125 0.3854166666666667 0.05390625 0.1597222222222222
0 0.5171875 0.4354166666666667 0.046875 0.1625
0 0.590625 0.3701388888888889 0.040625 0.12916666666666668
0 0.634765625 0.39861111111111114 0.03359375 0.14166666666666666
1 0.58046875 0.23055555555555557 0.05 0.08333333333333333
1 0.309765625 0.40625 0.20390625 0.25972222222222224
0 0.67109375 0.2569444444444444 0.01875 0.06944444444444445
0 0.6140625 0.18194444444444444 0.0125 0.05
0 0.64140625 0.17847222222222223 0.015625 0.04861111111111111
