0 0.28125 0.7381944444444445 0.096875 0.27361111111111114
0 0.401171875 0.8520833333333333 0.15390625 0.29583333333333334
0 0.040234375 0.7305555555555555 0.08046875 0.3277777777777778
0 0.4296875 0.3138888888888889 0.040625 0.1388888888888889
0 0.51796875 0.2423611111111111 0.0265625 0.09583333333333334
0 0.55859375 0.2513888888888889 0.021875 0.08611111111111111
0 0.62109375 0.32013888888888886 0.0265625 0.09305555555555556
0 0.64609375 0.2111111111111111 0.01875 0.06944444444444445
0 0.678125 0.24027777777777778 0.01875 0.06666666666666667
0 0.666015625 0.20625 0.01484375 0.0625
0 0.565625 0.18888888888888888 0.015625 0.05
