0 0.36875 0.6493055555555556 0.071875 0.1763888888888889
0 0.19453125 0.7097222222222223 0.0875 0.175
0 0.4953125 0.49375 0.0453125 0.10416666666666667
0 0.64921875 0.43472222222222223 0.021875 0.08611111111111111
0 0.7296875 0.5590277777777778 0.025 0.10972222222222222
0 0.76875 0.5645833333333333 0.0265625 0.11527777777777778
0 0.74609375 0.6986111111111111 0.03125 0.16666666666666666
0 0.790625 0.6652777777777777 0.0265625 0.14722222222222223
0 0.814453125 0.5395833333333333 0.02265625 0.09583333333333334
0 0.834765625 0.5006944444444444 0.01796875 0.07361111111111111
3 0.778515625 0.40208333333333335 0.09453125 0.16527777777777777
