0 0.166796875 0.6298611111111111 0.03671875 0.1597222222222222
0 0.259765625 0.7520833333333333 0.05078125 0.1736111111111111
0 0.81484375 0.6291666666666667 0.05625 0.1361111111111111
0 0.284765625 0.38125 0.02109375 0.10138888888888889
0 0.735546875 0.6034722222222222 0.03828125 0.13472222222222222
0 0.423828125 0.34097222222222223 0.01796875 0.09861111111111111
0 0.364453125 0.3701388888888889 0.01640625 0.09861111111111111
0 0.270703125 0.5083333333333333 0.03046875 0.14444444444444443
0 0.649609375 0.48125 0.02734375 0.12638888888888888
0 0.704296875 0.5076388888888889 0.03203125 0.12638888888888888
0 0.394921875 0.41944444444444445 0.02265625 0.1
0 0.32578125 0.4548611111111111 0.025 0.11805555555555555
0 0.744140625 0.4930555555555556 0.03671875 0.10277777777777777
0 0.386328125 0.28402777777777777 0.01484375 0.07083333333333333
0 0.330078125 0.35625 0.02578125 0.09583333333333334
0 0.955859375 0.7944444444444444 0.06171875 0.14722222222222223
0 0.853515625 0.6180555555555556 0.04921875 0.12777777777777777
0 0.4 0.36736111111111114 0.0203125 0.08472222222222223
0 0.7765625 0.4618055555555556 0.053125 0.09027777777777778
0 0.813671875 0.45069444444444445 0.03984375 0.09583333333333334
0 0.32890625 0.28541666666666665 0.01875 0.07361111111111111
0 0.080078125 0.36527777777777776 0.05078125 0.06388888888888888
0 0.556640625 0.18680555555555556 0.02421875 0.05416666666666667
0 0.5875 0.20069444444444445 0.0140625 0.04861111111111111
0 0.573046875 0.19791666666666666 0.02265625 0.05138888888888889
0 0.4890625 0.28402777777777777 0.0171875 0.06805555555555555
1 0.51015625 0.16944444444444445 0.0265625 0.06111111111111111
3 0.449609375 0.25555555555555554 0.05234375 0.14444444444444443
3 0.84375 0.8791666666666667 0.3125 0.24166666666666667
