0 0.37890625 0.39652777777777776 0.01875 0.10416666666666667
0 0.42421875 0.6333333333333333 0.0328125 0.17222222222222222
0 0.408203125 0.3840277777777778 0.01796875 0.10416666666666667
0 0.34765625 0.4909722222222222 0.0234375 0.12361111111111112
0 0.121484375 0.8659722222222223 0.06015625 0.22083333333333333
0 0.211328125 0.5486111111111112 0.03203125 0.14444444444444443
0 0.730078125 0.4270833333333333 0.02734375 0.10694444444444444
0 0.963671875 0.8666666666666667 0.04921875 0.19722222222222222
0 0.35703125 0.6625 0.0390625 0.175
0 0.36015625 0.9180555555555555 0.059375 0.1638888888888889
0 0.262109375 0.9354166666666667 0.06484375 0.12916666666666668
0 0.04375 0.5451388888888888 0.0390625 0.12083333333333333
0 0.32109375 0.43472222222222223 0.025 0.1111111111111111
0 0.39921875 0.48055555555555557 0.021875 0.125
0 0.6109375 0.3368055555555556 0.01875 0.08472222222222223
0 0.330078125 0.2951388888888889 0.02109375 0.0763888888888889
0 0.281640625 0.6277777777777778 0.03671875 0.16666666666666666
0 0.5875 0.34097222222222223 0.0234375 0.08194444444444444
0 0.344140625 0.35625 0.02109375 0.09583333333333334
0 0.568359375 0.2861111111111111 0.01796875 0.07222222222222222
0 0.494921875 0.3486111111111111 0.02109375 0.08611111111111111
0 0.675390625 0.3958333333333333 0.03046875 0.08888888888888889
0 0.268359375 0.4083333333333333 0.02578125 0.1
0 0.7734375 0.5027777777777778 0.034375 0.10833333333333334
0 0.278125 0.47708333333333336 0.021875 0.12361111111111112
0 0.4 0.28194444444444444 0.0140625 0.06666666666666667
0 0.640625 0.3145833333333333 0.0234375 0.0763888888888889
0 0.509375 0.31180555555555556 0.0171875 0.07361111111111111
0 0.080078125 0.36736111111111114 0.05078125 0.07083333333333333
0 0.380078125 0.32430555555555557 0.01640625 0.07916666666666666
0 0.885546875 0.6458333333333334 0.04296875 0.15
0 0.66171875 0.3548611111111111 0.0234375 0.07916666666666666
0 0.813671875 0.43472222222222223 0.02890625 0.08055555555555556
0 0.378515625 0.2833333333333333 0.01953125 0.06666666666666667
1 0.59453125 0.8986111111111111 0.2109375 0.20277777777777778
3 0.630859375 0.5027777777777778 0.14453125 0.26944444444444443
3 0.44609375 0.28055555555555556 0.0546875 0.14166666666666666
0 0.8453125 0.54375 0.0328125 0.10138888888888889
