0 0.255859375 0.43125 0.03203125 0.11527777777777778
0 0.164453125 0.3951388888888889 0.03359375 0.10416666666666667
0 0.84375 0.7576388888888889 0.0609375 0.20416666666666666
0 0.108203125 0.2423611111111111 0.01796875 0.05138888888888889
1 0.16875 0.24791666666666667 0.0390625 0.05138888888888889
1 0.27109375 0.2833333333333333 0.065625 0.09166666666666666
2 0.787890625 0.39166666666666666 0.14921875 0.14444444444444443
3 0.637109375 0.24444444444444444 0.04140625 0.08333333333333333
3 0.5703125 0.19444444444444445 0.0359375 0.058333333333333334
3 0.588671875 0.225 0.03671875 0.05555555555555555
1 0.8859375 0.3416666666666667 0.053125 0.06944444444444445
3 0.12421875 0.18819444444444444 0.0359375 0.059722222222222225
