0 0.690625 0.4354166666666667 0.0171875 0.06527777777777778
0 0.27578125 0.6180555555555556 0.06875 0.1388888888888889
0 0.722265625 0.4111111111111111 0.01796875 0.06666666666666667
0 0.7984375 0.6166666666666667 0.0328125 0.13333333333333333
0 0.379296875 0.6416666666666667 0.06796875 0.15555555555555556
0 0.579296875 0.4909722222222222 0.03828125 0.10972222222222222
0 0.659765625 0.46111111111111114 0.02421875 0.08333333333333333
0 0.825 0.5381944444444444 0.021875 0.0875
0 0.519140625 0.4875 0.04140625 0.10277777777777777
0 0.844140625 0.4951388888888889 0.01796875 0.07361111111111111
0 0.77734375 0.51875 0.0203125 0.08472222222222223
0 0.798828125 0.5458333333333333 0.02265625 0.075
1 0.723828125 0.5034722222222222 0.06953125 0.09027777777777778
0 0.795703125 0.4638888888888889 0.01796875 0.06111111111111111
0 0.822265625 0.4597222222222222 0.01328125 0.05277777777777778
1 0.775 0.4423611111111111 0.0375 0.0625
0 0.665625 0.5576388888888889 0.08125 0.1375
