0 0.53046875 0.2569444444444444 0.0296875 0.09166666666666666
0 0.4703125 0.3013888888888889 0.0359375 0.11666666666666667
0 0.411328125 0.38263888888888886 0.06015625 0.1763888888888889
0 0.324609375 0.3729166666666667 0.06171875 0.17916666666666667
0 0.34765625 0.875 0.1125 0.25
0 0.581640625 0.3458333333333333 0.03671875 0.125
0 0.6125 0.28888888888888886 0.0296875 0.1
0 0.6515625 0.2951388888888889 0.0265625 0.09861111111111111
0 0.65390625 0.45069444444444445 0.05 0.15138888888888888
0 0.682421875 0.4736111111111111 0.05546875 0.15833333333333333
0 0.5296875 0.17777777777777778 0.03125 0.06388888888888888
0 0.666796875 0.24027777777777778 0.01953125 0.075
0 0.602734375 0.17222222222222222 0.01796875 0.05277777777777778
0 0.62578125 0.18263888888888888 0.0171875 0.05138888888888889
0 0.64765625 0.18333333333333332 0.0140625 0.05277777777777778
