0 0.13984375 0.5548611111111111 0.10625 0.2513888888888889
0 0.65546875 0.3840277777777778 0.0328125 0.12361111111111112
0 0.625 0.2902777777777778 0.0234375 0.09722222222222222
0 0.6796875 0.2833333333333333 0.0234375 0.08055555555555556
0 0.656640625 0.2625 0.02109375 0.075
0 0.6296875 0.23333333333333334 0.021875 0.03888888888888889
0 0.583203125 0.225 0.02265625 0.08055555555555556
0 0.54296875 0.2076388888888889 0.01875 0.07083333333333333
0 0.60390625 0.1875 0.0140625 0.05
0 0.622265625 0.2 0.01328125 0.06388888888888888
0 0.635546875 0.19166666666666668 0.01328125 0.06666666666666667
