0 0.745703125 0.5034722222222222 0.02734375 0.09583333333333334
0 0.495703125 0.5729166666666666 0.05390625 0.17916666666666667
0 0.7125 0.4125 0.0203125 0.06666666666666667
0 0.231640625 0.6861111111111111 0.10078125 0.21944444444444444
0 0.72109375 0.6180555555555556 0.0375 0.14444444444444443
0 0.62578125 0.43194444444444446 0.0296875 0.08611111111111111
0 0.4265625 0.8944444444444445 0.096875 0.2111111111111111
0 0.80625 0.4173611111111111 0.015625 0.05694444444444444
0 0.823046875 0.41041666666666665 0.01484375 0.04861111111111111
0 0.01875 0.8527777777777777 0.0375 0.17777777777777778
2 0.83515625 0.5104166666666666 0.059375 0.11527777777777778
0 0.675 0.39652777777777776 0.0375 0.06527777777777778
1 0.77890625 0.3840277777777778 0.03125 0.04583333333333333
