0 0.4515625 0.2708333333333333 0.0328125 0.10833333333333334
0 0.620703125 0.36944444444444446 0.03828125 0.13333333333333333
0 0.654296875 0.44930555555555557 0.04453125 0.1375
0 0.6796875 0.4861111111111111 0.0421875 0.1527777777777778
0 0.763671875 0.8965277777777778 0.15234375 0.20694444444444443
0 0.4765625 0.16111111111111112 0.0390625 0.06666666666666667
0 0.508984375 0.23402777777777778 0.02734375 0.10138888888888889
1 0.5515625 0.2590277777777778 0.0859375 0.12361111111111112
0 0.618359375 0.17083333333333334 0.01328125 0.044444444444444446
0 0.640234375 0.17777777777777778 0.01640625 0.04722222222222222
