0 0.940234375 0.7826388888888889 0.05078125 0.1625
0 0.284765625 0.7402777777777778 0.04140625 0.18333333333333332
0 0.525 0.88125 0.046875 0.18472222222222223
0 0.73828125 0.46458333333333335 0.0234375 0.10138888888888889
0 0.605078125 0.4930555555555556 0.05546875 0.10555555555555556
0 0.479296875 0.6986111111111111 0.03046875 0.15555555555555556
0 0.30703125 0.41180555555555554 0.0203125 0.11527777777777778
0 0.1671875 0.38055555555555554 0.0484375 0.08611111111111111
0 0.02578125 0.78125 0.046875 0.18194444444444444
0 0.19140625 0.5354166666666667 0.028125 0.12638888888888888
0 0.19609375 0.65625 0.0328125 0.16527777777777777
0 0.571875 0.2722222222222222 0.015625 0.07777777777777778
0 0.798046875 0.51875 0.03515625 0.10694444444444444
0 0.760546875 0.54375 0.02890625 0.12083333333333333
0 0.509765625 0.32708333333333334 0.02265625 0.07916666666666666
0 0.255078125 0.6319444444444444 0.02890625 0.1638888888888889
0 0.668359375 0.3 0.02109375 0.07222222222222222
0 0.70390625 0.47152777777777777 0.028125 0.10138888888888889
0 0.924609375 0.9479166666666666 0.07265625 0.10416666666666667
0 0.269921875 0.38125 0.02265625 0.09305555555555556
0 0.5734375 0.4479166666666667 0.03125 0.09583333333333334
0 0.25 0.5173611111111112 0.0328125 0.1125
0 0.619921875 0.28125 0.01484375 0.06805555555555555
0 0.34921875 0.40555555555555556 0.021875 0.1
0 0.813671875 0.4361111111111111 0.02890625 0.08611111111111111
0 0.48828125 0.2833333333333333 0.0203125 0.075
0 0.2671875 0.42291666666666666 0.01875 0.11527777777777778
0 0.298046875 0.3388888888888889 0.02265625 0.08611111111111111
0 0.587890625 0.22777777777777777 0.01328125 0.05
1 0.75234375 0.8604166666666667 0.1625 0.2791666666666667
1 0.564453125 0.6861111111111111 0.11015625 0.22777777777777777
1 0.532421875 0.2590277777777778 0.03671875 0.06527777777777778
1 0.362890625 0.3298611111111111 0.04296875 0.08194444444444444
1 0.63984375 0.42291666666666666 0.05625 0.11527777777777778
1 0.61953125 0.3486111111111111 0.046875 0.06388888888888888
3 0.448046875 0.2298611111111111 0.03515625 0.09027777777777778
2 0.417578125 0.3951388888888889 0.08828125 0.24305555555555555
0 0.726953125 0.41597222222222224 0.02109375 0.07916666666666666
0 0.25078125 0.44027777777777777 0.025 0.03888888888888889
