1 0.116796875 0.25416666666666665 0.03671875 0.058333333333333334
1 0.300390625 0.29305555555555557 0.05859375 0.08333333333333333
1 0.241015625 0.36944444444444446 0.08828125 0.14444444444444443
3 0.496484375 0.24375 0.10703125 0.10694444444444444
3 0.690234375 0.4201388888888889 0.13828125 0.18194444444444444
0 0.080078125 0.2652777777777778 0.01796875 0.058333333333333334
0 0.25625 0.24166666666666667 0.0328125 0.05
0 0.272265625 0.26180555555555557 0.02890625 0.0625
0 0.31484375 0.24791666666666667 0.0296875 0.06527777777777778
0 0.152734375 0.38472222222222224 0.02578125 0.1
0 0.348046875 0.3611111111111111 0.05546875 0.09166666666666666
0 0.36484375 0.3701388888888889 0.0375 0.09583333333333334
0 0.380859375 0.38958333333333334 0.05859375 0.10416666666666667
