0 0.082421875 0.7152777777777778 0.04765625 0.19166666666666668
0 0.190625 0.5763888888888888 0.0296875 0.14166666666666666
0 0.2125 0.8111111111111111 0.0421875 0.20833333333333334
0 0.563671875 0.7965277777777777 0.04140625 0.18194444444444444
0 0.5671875 0.36527777777777776 0.01875 0.08888888888888889
0 0.776953125 0.5611111111111111 0.02734375 0.12777777777777777
0 0.6125 0.35208333333333336 0.0140625 0.0875
0 0.781640625 0.7270833333333333 0.04140625 0.17083333333333334
0 0.682421875 0.39791666666666664 0.02109375 0.10694444444444444
0 0.877734375 0.7951388888888888 0.04765625 0.1597222222222222
0 0.64296875 0.36527777777777776 0.0171875 0.09444444444444444
0 0.219921875 0.4131944444444444 0.02421875 0.10694444444444444
0 0.864453125 0.6736111111111112 0.05234375 0.13055555555555556
0 0.6015625 0.4125 0.0203125 0.1
0 0.808984375 0.5368055555555555 0.03359375 0.11805555555555555
0 0.7046875 0.4951388888888889 0.053125 0.1125
0 0.853515625 0.9319444444444445 0.04453125 0.1361111111111111
0 0.674609375 0.8673611111111111 0.08359375 0.16527777777777777
0 0.95625 0.7277777777777777 0.05 0.15555555555555556
0 0.08125 0.36527777777777776 0.053125 0.07222222222222222
0 0.759765625 0.5027777777777778 0.03515625 0.10277777777777777
0 0.5953125 0.3104166666666667 0.015625 0.07361111111111111
0 0.723046875 0.4222222222222222 0.03203125 0.10833333333333334
0 0.660546875 0.3 0.01640625 0.06666666666666667
0 0.16796875 0.9576388888888889 0.0375 0.08472222222222223
0 0.5359375 0.26805555555555555 0.0140625 0.06944444444444445
0 0.010546875 0.33819444444444446 0.01796875 0.09027777777777778
0 0.95625 0.8666666666666667 0.053125 0.1638888888888889
0 0.6296875 0.2722222222222222 0.015625 0.058333333333333334
0 0.680859375 0.3416666666666667 0.02421875 0.07777777777777778
1 0.55078125 0.61875 0.09375 0.19583333333333333
2 0.387109375 0.26805555555555555 0.04296875 0.09722222222222222
2 0.308203125 0.3701388888888889 0.13203125 0.24861111111111112
3 0.42421875 0.4513888888888889 0.090625 0.26666666666666666
1 0.683203125 0.7020833333333333 0.09921875 0.22916666666666666
3 0.463671875 0.19722222222222222 0.03203125 0.08055555555555556
3 0.557421875 0.2465277777777778 0.04140625 0.0763888888888889
