0 0.174609375 0.7701388888888889 0.03828125 0.19305555555555556
0 0.40078125 0.49444444444444446 0.0234375 0.13055555555555556
0 0.454296875 0.6152777777777778 0.03046875 0.14722222222222223
0 0.27421875 0.6152777777777778 0.03125 0.15833333333333333
0 0.191796875 0.4527777777777778 0.02890625 0.11666666666666667
0 0.09765625 0.9055555555555556 0.059375 0.17777777777777778
0 0.51875 0.32430555555555557 0.025 0.08472222222222223
0 0.35625 0.6895833333333333 0.0359375 0.1763888888888889
0 0.556640625 0.3013888888888889 0.01640625 0.08611111111111111
0 0.338671875 0.5222222222222223 0.02890625 0.1388888888888889
0 0.582421875 0.32708333333333334 0.01640625 0.08472222222222223
0 0.653125 0.39791666666666664 0.0265625 0.09861111111111111
0 0.144921875 0.6861111111111111 0.04765625 0.15833333333333333
0 0.290625 0.4083333333333333 0.025 0.1
0 0.628125 0.3090277777777778 0.0171875 0.08194444444444444
0 0.461328125 0.3951388888888889 0.01953125 0.10416666666666667
0 0.242578125 0.49583333333333335 0.02421875 0.125
0 0.408203125 0.39652777777777776 0.01796875 0.09583333333333334
0 0.258203125 0.7583333333333333 0.03828125 0.19722222222222222
0 0.3734375 0.3993055555555556 0.0203125 0.09861111111111111
0 0.430859375 0.35694444444444445 0.01796875 0.09444444444444444
0 0.4453125 0.4527777777777778 0.0203125 0.11666666666666667
0 0.3484375 0.3388888888888889 0.021875 0.08055555555555556
0 0.696875 0.43472222222222223 0.0265625 0.10555555555555556
0 0.294921875 0.33611111111111114 0.01953125 0.08333333333333333
0 0.3140625 0.43472222222222223 0.028125 0.1
0 0.21328125 0.38055555555555554 0.040625 0.08055555555555556
0 0.103515625 0.35555555555555557 0.04765625 0.07777777777777778
0 0.330859375 0.4083333333333333 0.02265625 0.1
0 0.323828125 0.3659722222222222 0.02109375 0.09305555555555556
0 0.3453125 0.45 0.0203125 0.10555555555555556
1 0.682421875 0.8381944444444445 0.11796875 0.24305555555555555
1 0.4171875 0.22847222222222222 0.034375 0.06527777777777778
1 0.520703125 0.22777777777777777 0.03203125 0.07222222222222222
1 0.44921875 0.29375 0.040625 0.09583333333333334
1 0.46171875 0.2111111111111111 0.028125 0.06666666666666667
2 0.849609375 0.7104166666666667 0.30078125 0.5791666666666667
2 0.596875 0.5104166666666666 0.1015625 0.22083333333333333
