0 0.406640625 0.7729166666666667 0.04921875 0.1875
0 0.435546875 0.6291666666666667 0.03515625 0.1388888888888889
0 0.2609375 0.8638888888888889 0.0359375 0.13333333333333333
0 0.32109375 0.6381944444444444 0.0328125 0.10694444444444444
0 0.364453125 0.5479166666666667 0.02421875 0.0763888888888889
0 0.428125 0.53125 0.0203125 0.09583333333333334
0 0.48203125 0.4826388888888889 0.021875 0.07361111111111111
0 0.456640625 0.49444444444444446 0.01796875 0.08333333333333333
0 0.44375 0.46944444444444444 0.015625 0.06666666666666667
0 0.576171875 0.55 0.02421875 0.06944444444444445
0 0.502734375 0.43333333333333335 0.01796875 0.058333333333333334
