1 0.204296875 0.3701388888888889 0.07734375 0.1125
1 0.336328125 0.5326388888888889 0.14296875 0.1875
1 0.5296875 0.4673611111111111 0.13125 0.1625
3 0.21484375 0.22708333333333333 0.0640625 0.06805555555555555
3 0.43984375 0.24097222222222223 0.109375 0.10138888888888889
0 0.103515625 0.27291666666666664 0.02109375 0.06527777777777778
0 0.22265625 0.2548611111111111 0.03125 0.0625
0 0.12734375 0.42291666666666666 0.034375 0.12916666666666668
0 0.336328125 0.24722222222222223 0.03359375 0.06388888888888888
0 0.372265625 0.26180555555555557 0.03515625 0.059722222222222225
0 0.242578125 0.5555555555555556 0.04921875 0.175
0 0.28203125 0.7215277777777778 0.06875 0.23472222222222222
0 0.358984375 0.6743055555555556 0.06796875 0.21805555555555556
0 0.809765625 0.7034722222222223 0.05703125 0.20416666666666666
0 0.70546875 0.4270833333333333 0.0515625 0.11527777777777778
