0 0.941015625 0.8423611111111111 0.06015625 0.1736111111111111
0 0.2765625 0.36666666666666664 0.021875 0.09444444444444444
0 0.668359375 0.3 0.02265625 0.08055555555555556
0 0.712890625 0.4625 0.02734375 0.10833333333333334
0 0.7 0.5444444444444444 0.028125 0.12222222222222222
0 0.307421875 0.35555555555555557 0.02421875 0.09722222222222222
0 0.266796875 0.5326388888888889 0.02890625 0.14027777777777778
0 0.331640625 0.3784722222222222 0.01796875 0.10138888888888889
0 0.244921875 0.5173611111111112 0.03046875 0.12916666666666668
0 0.36015625 0.5465277777777777 0.0328125 0.14305555555555555
0 0.34140625 0.29791666666666666 0.0171875 0.0763888888888889
0 0.332421875 0.5895833333333333 0.03203125 0.1375
0 0.1046875 0.3645833333333333 0.0484375 0.07916666666666666
0 0.301953125 0.55625 0.02578125 0.11805555555555555
0 0.29140625 0.4486111111111111 0.021875 0.1
0 0.22265625 0.45208333333333334 0.028125 0.10138888888888889
1 0.3328125 0.8402777777777778 0.2171875 0.26666666666666666
1 0.058203125 0.4791666666666667 0.11328125 0.12777777777777777
1 0.47109375 0.32708333333333334 0.0515625 0.10138888888888889
1 0.119140625 0.6138888888888889 0.12421875 0.16111111111111112
1 0.462890625 0.24444444444444444 0.03359375 0.07222222222222222
1 0.51875 0.20208333333333334 0.0359375 0.07916666666666666
2 0.401953125 0.3840277777777778 0.09140625 0.2513888888888889
3 0.45859375 0.15694444444444444 0.0265625 0.08333333333333333
3 0.51875 0.20208333333333334 0.0359375 0.07916666666666666
1 0.46640625 0.5902777777777778 0.09375 0.2222222222222222
0 0.302734375 0.4736111111111111 0.02265625 0.05277777777777778
