0 0.571875 0.8430555555555556 0.0453125 0.2222222222222222
0 0.451953125 0.8159722222222222 0.04921875 0.22083333333333333
0 0.553125 0.7076388888888889 0.028125 0.16805555555555557
0 0.409375 0.6798611111111111 0.025 0.15416666666666667
0 0.32421875 0.7395833333333334 0.0375 0.18194444444444444
0 0.262890625 0.875 0.03203125 0.15833333333333333
0 0.363671875 0.5479166666666667 0.01953125 0.07916666666666666
0 0.32421875 0.6451388888888889 0.03125 0.10416666666666667
0 0.403515625 0.525 0.02265625 0.08055555555555556
0 0.625390625 0.6069444444444444 0.02265625 0.07777777777777778
0 0.508203125 0.48194444444444445 0.02109375 0.07777777777777778
0 0.441015625 0.4666666666666667 0.01484375 0.06111111111111111
