0 0.840234375 0.5652777777777778 0.06484375 0.11388888888888889
0 0.322265625 0.5993055555555555 0.07890625 0.12361111111111112
0 0.941015625 0.675 0.05390625 0.16666666666666666
0 0.30078125 0.3145833333333333 0.0203125 0.08194444444444444
0 0.13359375 0.43333333333333335 0.0578125 0.09722222222222222
0 0.5921875 0.2847222222222222 0.0171875 0.07777777777777778
0 0.512109375 0.4097222222222222 0.03828125 0.1
0 0.63359375 0.32222222222222224 0.0234375 0.08888888888888889
0 0.853515625 0.4666666666666667 0.05546875 0.10277777777777777
0 0.33203125 0.2972222222222222 0.01875 0.07222222222222222
0 0.55625 0.38263888888888886 0.0234375 0.0875
0 0.75546875 0.38125 0.0234375 0.08472222222222223
0 0.812890625 0.4305555555555556 0.03046875 0.075
0 0.470703125 0.3145833333333333 0.02421875 0.07083333333333333
0 0.487890625 0.3111111111111111 0.02890625 0.06666666666666667
0 0.406640625 0.28541666666666665 0.01953125 0.07361111111111111
1 0.527734375 0.3506944444444444 0.06953125 0.10138888888888889
1 0.267578125 0.48125 0.14140625 0.12083333333333333
3 0.345703125 0.3888888888888889 0.16171875 0.13055555555555556
3 0.457421875 0.2111111111111111 0.03984375 0.11388888888888889
0 0.388671875 0.29097222222222224 0.01328125 0.05694444444444444
0 0.114453125 0.38333333333333336 0.04453125 0.075
