0 0.464453125 0.9284722222222223 0.05859375 0.14305555555555555
0 0.5609375 0.8125 0.053125 0.2
0 0.578125 0.5548611111111111 0.0265625 0.09305555555555556
0 0.32109375 0.6388888888888888 0.0359375 0.10833333333333334
0 0.3625 0.55 0.0203125 0.06944444444444445
0 0.260546875 0.8583333333333333 0.03828125 0.1361111111111111
1 0.434765625 0.4395833333333333 0.03671875 0.06527777777777778
0 0.508984375 0.5361111111111111 0.01796875 0.08611111111111111
0 0.52578125 0.5111111111111111 0.0171875 0.08611111111111111
0 0.499609375 0.4444444444444444 0.01484375 0.058333333333333334
0 0.47421875 0.41875 0.0140625 0.04583333333333333
0 0.600390625 0.5416666666666666 0.01953125 0.09722222222222222
