0 0.688671875 0.4673611111111111 0.04921875 0.16527777777777777
0 0.56171875 0.4701388888888889 0.046875 0.16805555555555557
0 0.431640625 0.8944444444444445 0.14609375 0.2111111111111111
0 0.13671875 0.5284722222222222 0.1 0.23472222222222222
0 0.35 0.325 0.0546875 0.13333333333333333
0 0.43359375 0.35625 0.0515625 0.14583333333333334
0 0.4453125 0.2465277777777778 0.034375 0.09583333333333334
0 0.525390625 0.2611111111111111 0.02421875 0.09722222222222222
0 0.580859375 0.24097222222222223 0.01640625 0.0763888888888889
0 0.631640625 0.25555555555555554 0.02265625 0.06666666666666667
0 0.64921875 0.28958333333333336 0.025 0.07916666666666666
0 0.5234375 0.2048611111111111 0.0203125 0.07361111111111111
0 0.663671875 0.23958333333333334 0.01796875 0.0625
0 0.5984375 0.21041666666666667 0.015625 0.06805555555555555
0 0.57265625 0.19166666666666668 0.01875 0.06666666666666667
