0 0.6671875 0.6138888888888889 0.0703125 0.13055555555555556
0 0.564453125 0.5854166666666667 0.07734375 0.12361111111111112
0 0.5265625 0.41041666666666665 0.034375 0.10138888888888889
0 0.284375 0.4076388888888889 0.05 0.08472222222222223
0 0.315625 0.6194444444444445 0.0765625 0.13055555555555556
0 0.299609375 0.33055555555555555 0.02265625 0.08888888888888889
0 0.549609375 0.3125 0.01484375 0.08888888888888889
0 0.43203125 0.6319444444444444 0.0796875 0.13055555555555556
0 0.77421875 0.5354166666666667 0.059375 0.11805555555555555
0 0.368359375 0.39861111111111114 0.04921875 0.09722222222222222
0 0.471875 0.3375 0.0234375 0.075
0 0.57421875 0.28541666666666665 0.015625 0.0763888888888889
0 0.416796875 0.5229166666666667 0.05859375 0.11805555555555555
0 0.633203125 0.32569444444444445 0.02265625 0.0875
0 0.426953125 0.3645833333333333 0.03515625 0.08472222222222223
0 0.3390625 0.5486111111111112 0.0703125 0.11944444444444445
0 0.74453125 0.45208333333333334 0.046875 0.09305555555555556
0 0.50546875 0.3375 0.0234375 0.075
0 0.25234375 0.5625 0.0703125 0.11666666666666667
0 0.49453125 0.5486111111111112 0.078125 0.125
0 0.965234375 0.7118055555555556 0.04609375 0.13194444444444445
0 0.183203125 0.5895833333333333 0.08828125 0.13472222222222222
0 0.60703125 0.2604166666666667 0.0171875 0.07083333333333333
0 0.70703125 0.5652777777777778 0.059375 0.13333333333333333
0 0.340625 0.29444444444444445 0.01875 0.07222222222222222
0 0.05625 0.425 0.05 0.08611111111111111
0 0.814453125 0.4361111111111111 0.03515625 0.08611111111111111
0 0.39453125 0.29444444444444445 0.0234375 0.06944444444444445
0 0.408984375 0.2826388888888889 0.01953125 0.07361111111111111
0 0.378125 0.2951388888888889 0.025 0.06805555555555555
0 0.08828125 0.36736111111111114 0.0640625 0.07083333333333333
0 0.009765625 0.3388888888888889 0.01640625 0.08888888888888889
0 0.3625 0.29583333333333334 0.0234375 0.06666666666666667
0 0.50234375 0.49236111111111114 0.053125 0.10694444444444444
0 0.096875 0.6020833333333333 0.0546875 0.12083333333333333
0 0.721875 0.50625 0.04375 0.11527777777777778
0 0.54296875 0.2534722222222222 0.0125 0.0625
1 0.559375 0.1986111111111111 0.0234375 0.05555555555555555
1 0.534375 0.15625 0.0265625 0.04861111111111111
1 0.3234375 0.17430555555555555 0.0359375 0.05694444444444444
1 0.136328125 0.4652777777777778 0.15859375 0.1388888888888889
1 0.14453125 0.5347222222222222 0.121875 0.14166666666666666
3 0.452734375 0.24097222222222223 0.04765625 0.11527777777777778
2 0.066796875 0.7034722222222223 0.13359375 0.32916666666666666
