1 0.50625 0.24722222222222223 0.03125 0.06666666666666667
2 0.327734375 0.3055555555555556 0.03828125 0.08055555555555556
0 0.261328125 0.3375 0.01484375 0.06111111111111111
0 0.13671875 0.4930555555555556 0.0234375 0.09722222222222222
0 0.047265625 0.6388888888888888 0.03203125 0.12777777777777777
1 0.89609375 0.33958333333333335 0.10625 0.10972222222222222
1 0.5546875 0.35 0.0546875 0.09722222222222222
1 0.25078125 0.7131944444444445 0.1078125 0.25416666666666665
0 0.277734375 0.29583333333333334 0.01484375 0.06111111111111111
0 0.430859375 0.29930555555555555 0.02578125 0.05416666666666667
