0 0.878125 0.7819444444444444 0.04375 0.18333333333333332
0 0.251953125 0.7125 0.04140625 0.18888888888888888
0 0.550390625 0.45069444444444445 0.03515625 0.10416666666666667
0 0.697265625 0.8381944444444445 0.05234375 0.17916666666666667
0 0.212109375 0.37916666666666665 0.04296875 0.08611111111111111
0 0.77421875 0.5784722222222223 0.03125 0.13472222222222222
0 0.471875 0.6722222222222223 0.0390625 0.1361111111111111
0 0.72109375 0.43472222222222223 0.025 0.10277777777777777
0 0.1890625 0.8534722222222222 0.0453125 0.2152777777777778
0 0.813671875 0.5493055555555556 0.03203125 0.11805555555555555
0 0.246875 0.5090277777777777 0.0328125 0.13472222222222222
0 0.508203125 0.7972222222222223 0.04140625 0.18055555555555555
0 0.66875 0.3013888888888889 0.021875 0.08055555555555556
0 0.60625 0.2833333333333333 0.015625 0.06388888888888888
0 0.309765625 0.49166666666666664 0.02265625 0.1111111111111111
0 0.689453125 0.41180555555555554 0.02109375 0.10694444444444444
0 0.332421875 0.43680555555555556 0.02265625 0.10694444444444444
0 0.640625 0.3861111111111111 0.025 0.10555555555555556
0 0.360546875 0.4215277777777778 0.02421875 0.09305555555555556
0 0.291796875 0.3541666666666667 0.02265625 0.08611111111111111
0 0.29296875 0.43680555555555556 0.015625 0.10972222222222222
0 0.29921875 0.4083333333333333 0.0171875 0.10555555555555556
0 0.53984375 0.24513888888888888 0.0171875 0.07083333333333333
0 0.5875 0.2569444444444444 0.015625 0.06111111111111111
0 0.337890625 0.36736111111111114 0.01953125 0.0875
0 0.8125 0.4270833333333333 0.0265625 0.06527777777777778
0 0.698828125 0.28680555555555554 0.02578125 0.07083333333333333
0 0.53125 0.7138888888888889 0.0875 0.13055555555555556
0 0.253125 0.4375 0.0234375 0.09722222222222222
1 0.526171875 0.5902777777777778 0.09609375 0.17777777777777778
1 0.368359375 0.5340277777777778 0.07265625 0.15694444444444444
1 0.691015625 0.5638888888888889 0.08359375 0.14444444444444443
1 0.6359375 0.8965277777777778 0.1453125 0.18194444444444444
1 0.57421875 0.35 0.05 0.1
1 0.097265625 0.4236111111111111 0.11015625 0.10277777777777777
1 0.369921875 0.3229166666666667 0.03515625 0.07361111111111111
1 0.55625 0.21180555555555555 0.0234375 0.05138888888888889
2 0.416796875 0.39444444444444443 0.08046875 0.17777777777777778
3 0.416796875 0.39444444444444443 0.08046875 0.17777777777777778
1 0.456640625 0.26180555555555557 0.04140625 0.0763888888888889
0 0.680078125 0.3659722222222222 0.02265625 0.059722222222222225
