0 0.253125 0.42986111111111114 0.075 0.20972222222222223
0 0.13046875 0.56875 0.1109375 0.2569444444444444
0 0.519140625 0.3486111111111111 0.04140625 0.13055555555555556
0 0.570703125 0.36944444444444446 0.04296875 0.1388888888888889
0 0.61953125 0.6798611111111111 0.0875 0.2513888888888889
0 0.652734375 0.45208333333333334 0.04453125 0.14305555555555555
0 0.680078125 0.46805555555555556 0.04765625 0.18333333333333332
0 0.610546875 0.325 0.04296875 0.11944444444444445
0 0.533984375 0.24583333333333332 0.03203125 0.08611111111111111
0 0.47890625 0.16111111111111112 0.0359375 0.06388888888888888
0 0.565234375 0.2013888888888889 0.02421875 0.06666666666666667
0 0.65546875 0.2298611111111111 0.0234375 0.059722222222222225
0 0.0484375 0.5277777777777778 0.096875 0.2388888888888889
0 0.616796875 0.2013888888888889 0.01640625 0.058333333333333334
0 0.587109375 0.18263888888888888 0.01796875 0.05694444444444444
0 0.613671875 0.18125 0.01796875 0.05694444444444444
