1 0.446484375 0.8069444444444445 0.19921875 0.225
0 0.72421875 0.8506944444444444 0.046875 0.22361111111111112
0 0.70390625 0.6513888888888889 0.0296875 0.15
0 0.769921875 0.6611111111111111 0.02421875 0.13333333333333333
0 0.785546875 0.5888888888888889 0.02109375 0.1111111111111111
0 0.819921875 0.5770833333333333 0.01953125 0.10972222222222222
0 0.7359375 0.47847222222222224 0.0234375 0.0763888888888889
0 0.844140625 0.5201388888888889 0.02109375 0.0875
0 0.82734375 0.48541666666666666 0.0171875 0.07083333333333333
0 0.7234375 0.4340277777777778 0.0171875 0.07083333333333333
3 0.510546875 0.4798611111111111 0.38046875 0.4013888888888889
1 0.777734375 0.4930555555555556 0.04609375 0.07777777777777778
3 0.798046875 0.38819444444444445 0.07109375 0.12638888888888888
0 0.745703125 0.4041666666666667 0.01171875 0.05555555555555555
