0 0.754296875 0.6326388888888889 0.05390625 0.1375
0 0.731640625 0.8513888888888889 0.05390625 0.16944444444444445
0 0.70546875 0.7256944444444444 0.053125 0.14583333333333334
0 0.830078125 0.6069444444444444 0.03671875 0.13333333333333333
0 0.3140625 0.4201388888888889 0.021875 0.09583333333333334
0 0.65234375 0.6423611111111112 0.0296875 0.1486111111111111
0 0.471484375 0.6451388888888889 0.05390625 0.13472222222222222
0 0.371484375 0.5444444444444444 0.04609375 0.11944444444444445
0 0.660546875 0.30277777777777776 0.02265625 0.07777777777777778
0 0.884375 0.8090277777777778 0.0828125 0.14027777777777778
0 0.712890625 0.36736111111111114 0.03515625 0.08194444444444444
0 0.939453125 0.7541666666666667 0.04765625 0.16111111111111112
0 0.4296875 0.4798611111111111 0.025 0.10972222222222222
0 0.301171875 0.325 0.01953125 0.08055555555555556
0 0.333203125 0.3236111111111111 0.01796875 0.07777777777777778
0 0.38515625 0.46597222222222223 0.021875 0.11805555555555555
0 0.604296875 0.2590277777777778 0.01640625 0.06527777777777778
0 0.418359375 0.2881944444444444 0.01484375 0.08472222222222223
0 0.323046875 0.5048611111111111 0.04140625 0.10138888888888889
0 0.35234375 0.39652777777777776 0.0234375 0.09861111111111111
0 0.698046875 0.44930555555555557 0.06171875 0.10138888888888889
0 0.5640625 0.2569444444444444 0.015625 0.058333333333333334
0 0.30859375 0.35208333333333336 0.0171875 0.09027777777777778
0 0.634375 0.2798611111111111 0.01875 0.0625
0 0.8140625 0.4361111111111111 0.0328125 0.08611111111111111
0 0.8625 0.9486111111111111 0.0671875 0.10277777777777777
1 0.230078125 0.4618055555555556 0.13359375 0.12083333333333333
1 0.2765625 0.5868055555555556 0.1515625 0.15416666666666667
1 0.582421875 0.33611111111111114 0.08828125 0.10555555555555556
1 0.4015625 0.75625 0.15625 0.24305555555555555
1 0.4046875 0.40902777777777777 0.0515625 0.12083333333333333
1 0.587109375 0.4076388888888889 0.05703125 0.10138888888888889
1 0.46796875 0.31319444444444444 0.075 0.06805555555555555
1 0.698046875 0.44930555555555557 0.06171875 0.10138888888888889
1 0.322265625 0.18541666666666667 0.04296875 0.0625
2 0.384375 0.27152777777777776 0.0453125 0.10972222222222222
3 0.5171875 0.19930555555555557 0.034375 0.08472222222222223
3 0.45625 0.225 0.046875 0.09166666666666666
2 0.384375 0.27152777777777776 0.0453125 0.10972222222222222
