0 0.659375 0.8520833333333333 0.0578125 0.19583333333333333
0 0.657421875 0.4486111111111111 0.02421875 0.08611111111111111
0 0.761328125 0.6576388888888889 0.04140625 0.14305555555555555
0 0.74609375 0.8263888888888888 0.0546875 0.20555555555555555
0 0.83359375 0.4979166666666667 0.021875 0.08472222222222223
0 0.5171875 0.7569444444444444 0.0921875 0.175
0 0.17421875 0.6027777777777777 0.05625 0.14722222222222223
0 0.809765625 0.5770833333333333 0.02734375 0.1125
0 0.680078125 0.4111111111111111 0.02109375 0.07222222222222222
0 0.8453125 0.4361111111111111 0.0140625 0.05277777777777778
1 0.652734375 0.5888888888888889 0.11640625 0.1388888888888889
3 0.753515625 0.4305555555555556 0.11640625 0.2
2 0.226171875 0.8270833333333333 0.45234375 0.3458333333333333
0 0.2078125 0.6201388888888889 0.04375 0.08194444444444444
