0 0.733203125 0.6854166666666667 0.03828125 0.17083333333333334
0 0.5234375 0.7229166666666667 0.0546875 0.1736111111111111
0 0.569921875 0.5 0.03359375 0.10277777777777777
0 0.746484375 0.5388888888888889 0.03046875 0.11388888888888889
0 0.6828125 0.4270833333333333 0.021875 0.07083333333333333
0 0.723046875 0.42777777777777776 0.01640625 0.06944444444444445
0 0.75078125 0.425 0.0140625 0.07222222222222222
0 0.809375 0.4527777777777778 0.0140625 0.06666666666666667
0 0.77890625 0.40902777777777777 0.015625 0.059722222222222225
0 0.8375 0.43194444444444446 0.0109375 0.05555555555555555
3 0.21640625 0.7854166666666667 0.4328125 0.42916666666666664
0 0.37109375 0.48333333333333334 0.046875 0.10277777777777777
