0 0.541015625 0.24166666666666667 0.02890625 0.08611111111111111
0 0.478125 0.29097222222222224 0.0375 0.11805555555555555
0 0.225390625 0.4444444444444444 0.07890625 0.20277777777777778
0 0.44296875 0.6979166666666666 0.090625 0.2763888888888889
0 0.681640625 0.4791666666666667 0.04140625 0.15555555555555556
0 0.658203125 0.43680555555555556 0.03515625 0.12916666666666668
0 0.66015625 0.2520833333333333 0.021875 0.0763888888888889
0 0.5234375 0.21041666666666667 0.025 0.07916666666666666
0 0.678515625 0.22152777777777777 0.01796875 0.06805555555555555
0 0.5171875 0.16944444444444445 0.0375 0.06666666666666667
