0 0.1109375 0.7 0.0453125 0.17222222222222222
0 0.792578125 0.7 0.03984375 0.15
0 0.851953125 0.6854166666666667 0.03828125 0.1486111111111111
0 0.165625 0.38263888888888886 0.0515625 0.09027777777777778
0 0.71328125 0.4666666666666667 0.028125 0.11388888888888889
0 0.541796875 0.8375 0.05234375 0.175
0 0.548828125 0.4270833333333333 0.02421875 0.11527777777777778
0 0.4703125 0.8798611111111111 0.0625 0.1763888888888889
0 0.159375 0.5791666666666667 0.0359375 0.14166666666666666
0 0.683984375 0.47847222222222224 0.02578125 0.10416666666666667
0 0.962890625 0.8666666666666667 0.06171875 0.16944444444444445
0 0.291796875 0.4215277777777778 0.02578125 0.10694444444444444
0 0.58203125 0.9236111111111112 0.0546875 0.13333333333333333
0 0.78515625 0.5930555555555556 0.0328125 0.125
0 0.95 0.7270833333333333 0.053125 0.14027777777777778
0 0.040625 0.9215277777777777 0.06875 0.14583333333333334
0 0.658203125 0.4097222222222222 0.02578125 0.10277777777777777
0 0.525 0.7277777777777777 0.046875 0.14166666666666666
0 0.309375 0.36875 0.021875 0.09583333333333334
0 0.3 0.5784722222222223 0.03125 0.14305555555555555
0 0.56328125 0.3229166666666667 0.0203125 0.07916666666666666
0 0.89921875 0.6 0.0359375 0.11666666666666667
0 0.67578125 0.33958333333333335 0.0265625 0.08472222222222223
0 0.337890625 0.33958333333333335 0.01640625 0.0875
0 0.26171875 0.36527777777777776 0.0296875 0.08055555555555556
0 0.7046875 0.4083333333333333 0.040625 0.08333333333333333
0 0.356640625 0.2951388888888889 0.01328125 0.07916666666666666
0 0.0203125 0.8513888888888889 0.040625 0.16666666666666666
0 0.2078125 0.49375 0.0328125 0.11527777777777778
0 0.31640625 0.28680555555555554 0.015625 0.07916666666666666
0 0.211328125 0.5611111111111111 0.02890625 0.13055555555555556
0 0.369140625 0.2048611111111111 0.01328125 0.059722222222222225
1 0.3859375 0.3416666666666667 0.04375 0.1
1 0.605078125 0.42083333333333334 0.06015625 0.12222222222222222
1 0.348046875 0.4597222222222222 0.05859375 0.1361111111111111
1 0.530859375 0.6055555555555555 0.10859375 0.19166666666666668
1 0.412109375 0.22569444444444445 0.03046875 0.09027777777777778
1 0.51875 0.20972222222222223 0.0296875 0.05555555555555555
2 0.533984375 0.14444444444444443 0.02734375 0.075
3 0.533984375 0.25972222222222224 0.04609375 0.1
3 0.445703125 0.35833333333333334 0.06015625 0.1388888888888889
1 0.400390625 0.5458333333333333 0.08828125 0.20833333333333334
3 0.413671875 0.21666666666666667 0.03203125 0.08055555555555556
3 0.2296875 0.7138888888888889 0.1109375 0.3055555555555556
1 0.6734375 0.6645833333333333 0.1234375 0.22916666666666666
