0 0.564453125 0.7902777777777777 0.07109375 0.14166666666666666
0 0.037890625 0.8125 0.03984375 0.1527777777777778
0 0.19375 0.43819444444444444 0.0171875 0.07361111111111111
0 0.235546875 0.3888888888888889 0.01171875 0.05555555555555555
0 0.266015625 0.31666666666666665 0.01953125 0.041666666666666664
0 0.31875 0.3368055555555556 0.040625 0.04583333333333333
0 0.621875 0.3729166666666667 0.021875 0.0625
0 0.6515625 0.4354166666666667 0.0171875 0.08194444444444444
0 0.73671875 0.6527777777777778 0.0546875 0.13333333333333333
0 0.837109375 0.69375 0.05546875 0.1375
0 0.93515625 0.80625 0.0578125 0.18194444444444444
1 0.30546875 0.4263888888888889 0.0578125 0.10833333333333334
2 0.271484375 0.7125 0.43984375 0.5305555555555556
3 0.90546875 0.27708333333333335 0.1890625 0.22361111111111112
