0 0.418359375 0.3923611111111111 0.02578125 0.06527777777777778
0 0.39296875 0.4 0.015625 0.06666666666666667
0 0.246484375 0.37777777777777777 0.01640625 0.06666666666666667
0 0.2328125 0.3736111111111111 0.0140625 0.06388888888888888
3 0.33359375 0.27708333333333335 0.053125 0.11805555555555555
1 0.8578125 0.39305555555555555 0.0875 0.09444444444444444
0 0.979296875 0.34305555555555556 0.03203125 0.09166666666666666
0 0.8171875 0.35208333333333336 0.0265625 0.0763888888888889
1 0.628125 0.5777777777777777 0.084375 0.1361111111111111
3 0.50234375 0.29791666666666666 0.071875 0.19027777777777777
