0 0.347265625 0.5861111111111111 0.07421875 0.12222222222222222
0 0.439453125 0.61875 0.08203125 0.13472222222222222
0 0.46640625 0.46597222222222223 0.0609375 0.10416666666666667
0 0.564453125 0.2965277777777778 0.01796875 0.08194444444444444
0 0.509765625 0.5847222222222223 0.06796875 0.12222222222222222
0 0.362890625 0.4625 0.06953125 0.09166666666666666
0 0.2546875 0.4305555555555556 0.04375 0.08888888888888889
0 0.183984375 0.39652777777777776 0.06328125 0.09027777777777778
0 0.63515625 0.2590277777777778 0.0171875 0.07361111111111111
0 0.315234375 0.3090277777777778 0.02578125 0.07361111111111111
0 0.080859375 0.3645833333333333 0.05078125 0.06805555555555555
0 0.59375 0.2875 0.021875 0.08611111111111111
0 0.353515625 0.2965277777777778 0.02265625 0.07083333333333333
0 0.37890625 0.2965277777777778 0.0203125 0.07083333333333333
0 0.184375 0.47638888888888886 0.0625 0.09444444444444444
0 0.417578125 0.2972222222222222 0.02265625 0.075
0 0.551171875 0.2701388888888889 0.01640625 0.07083333333333333
0 0.29609375 0.4361111111111111 0.0640625 0.09444444444444444
0 0.332421875 0.2965277777777778 0.02578125 0.07916666666666666
0 0.49296875 0.2881944444444444 0.0234375 0.06805555555555555
1 0.494921875 0.35694444444444445 0.07734375 0.07222222222222222
1 0.456640625 0.2798611111111111 0.03515625 0.08472222222222223
1 0.018359375 0.46041666666666664 0.03671875 0.0875
1 0.582421875 0.2423611111111111 0.02734375 0.06527777777777778
0 0.266015625 0.5638888888888889 0.00078125 0.002777777777777778
