0 0.105859375 0.5354166666666667 0.08984375 0.2375
0 0.221875 0.49930555555555556 0.071875 0.23472222222222222
0 0.220703125 0.8548611111111111 0.12890625 0.2902777777777778
0 0.46484375 0.7090277777777778 0.0953125 0.2763888888888889
0 0.484765625 0.30486111111111114 0.03828125 0.12083333333333333
0 0.5828125 0.34791666666666665 0.0328125 0.1125
0 0.646484375 0.34097222222222223 0.02734375 0.1125
0 0.60703125 0.18333333333333332 0.0140625 0.06388888888888888
0 0.621484375 0.1701388888888889 0.01640625 0.05138888888888889
0 0.670703125 0.21875 0.01328125 0.0625
0 0.6546875 0.2534722222222222 0.021875 0.06527777777777778
