0 0.480859375 0.9256944444444445 0.06796875 0.1486111111111111
0 0.2578125 0.8694444444444445 0.0515625 0.15833333333333333
0 0.581640625 0.8479166666666667 0.05234375 0.2013888888888889
0 0.53359375 0.6513888888888889 0.034375 0.125
0 0.32109375 0.6409722222222223 0.0265625 0.09861111111111111
0 0.364453125 0.5493055555555556 0.02265625 0.06527777777777778
0 0.510546875 0.5590277777777778 0.02109375 0.09861111111111111
0 0.548046875 0.575 0.01796875 0.09444444444444444
0 0.5640625 0.5555555555555556 0.021875 0.09444444444444444
0 0.496875 0.47708333333333336 0.015625 0.06527777777777778
0 0.5203125 0.4722222222222222 0.0171875 0.06388888888888888
0 0.428125 0.4951388888888889 0.0171875 0.07916666666666666
