0 0.42421875 0.17222222222222222 0.0453125 0.07222222222222222
0 0.204296875 0.45902777777777776 0.08046875 0.2125
0 0.278515625 0.7944444444444444 0.12578125 0.2722222222222222
0 0.55234375 0.38680555555555557 0.05 0.15138888888888888
0 0.605859375 0.3763888888888889 0.03515625 0.125
0 0.59765625 0.3104166666666667 0.03125 0.10138888888888889
0 0.68515625 0.47638888888888886 0.0421875 0.15
0 0.657421875 0.3236111111111111 0.02578125 0.09722222222222222
0 0.608203125 0.18888888888888888 0.01796875 0.05277777777777778
0 0.67421875 0.22847222222222222 0.0171875 0.059722222222222225
0 0.033984375 0.6798611111111111 0.06796875 0.2625
0 0.626953125 0.17916666666666667 0.01328125 0.04722222222222222
0 0.648828125 0.17708333333333334 0.01328125 0.05138888888888889
