0 0.535546875 0.93125 0.08046875 0.1375
0 0.4375 0.9208333333333333 0.078125 0.15833333333333333
0 0.25703125 0.8611111111111112 0.0390625 0.1361111111111111
0 0.521484375 0.5861111111111111 0.02265625 0.10555555555555556
0 0.3625 0.5527777777777778 0.0296875 0.08333333333333333
0 0.322265625 0.6430555555555556 0.03359375 0.1
0 0.575390625 0.5486111111111112 0.02265625 0.075
0 0.497265625 0.4847222222222222 0.02421875 0.07777777777777778
0 0.525 0.48333333333333334 0.0203125 0.075
1 0.459375 0.40347222222222223 0.025 0.0375
0 0.47578125 0.4076388888888889 0.0109375 0.04027777777777778
0 0.50078125 0.40347222222222223 0.0109375 0.0375
0 0.49609375 0.4354166666666667 0.0203125 0.043055555555555555
