0 0.298828125 0.5923611111111111 0.06015625 0.18472222222222223
0 0.51796875 0.4326388888888889 0.0546875 0.12916666666666668
0 0.246875 0.2875 0.0546875 0.075
0 0.10546875 0.34097222222222223 0.046875 0.09305555555555556
1 0.16328125 0.3173611111111111 0.05625 0.09583333333333334
1 0.1984375 0.2881944444444444 0.0359375 0.0763888888888889
1 0.341796875 0.24861111111111112 0.08984375 0.07777777777777778
1 0.327734375 0.31875 0.06484375 0.09861111111111111
1 0.673046875 0.3854166666666667 0.11953125 0.12916666666666668
1 0.91015625 0.8118055555555556 0.1796875 0.3236111111111111
