0 0.258203125 0.40208333333333335 0.07109375 0.1763888888888889
0 0.153125 0.5354166666666667 0.09375 0.2513888888888889
0 0.40234375 0.7118055555555556 0.090625 0.2763888888888889
0 0.600390625 0.30625 0.03984375 0.11805555555555555
0 0.652734375 0.45416666666666666 0.04453125 0.1527777777777778
0 0.680078125 0.4798611111111111 0.04765625 0.15694444444444444
0 0.637109375 0.26944444444444443 0.02578125 0.07777777777777778
0 0.680078125 0.26875 0.02265625 0.07916666666666666
0 0.479296875 0.1597222222222222 0.03671875 0.06666666666666667
0 0.655859375 0.2375 0.02734375 0.07222222222222222
0 0.6 0.18611111111111112 0.01875 0.05277777777777778
0 0.620703125 0.19375 0.01640625 0.059722222222222225
0 0.637890625 0.18472222222222223 0.01484375 0.05555555555555555
