0 0.5640625 0.86875 0.0765625 0.2263888888888889
0 0.460546875 0.8055555555555556 0.08671875 0.21666666666666667
0 0.354296875 0.6652777777777777 0.07578125 0.19166666666666668
0 0.285546875 0.6388888888888888 0.06796875 0.18055555555555555
0 0.465234375 0.5520833333333334 0.04609375 0.14027777777777778
0 0.535546875 0.5868055555555556 0.05078125 0.14583333333333334
0 0.595703125 0.68125 0.05546875 0.1763888888888889
0 0.66796875 0.6972222222222222 0.04375 0.16944444444444445
0 0.74609375 0.6951388888888889 0.0328125 0.1597222222222222
0 0.596484375 0.5569444444444445 0.03046875 0.13333333333333333
0 0.61796875 0.46944444444444444 0.025 0.08055555555555556
0 0.5859375 0.44166666666666665 0.025 0.08611111111111111
0 0.651171875 0.4888888888888889 0.02421875 0.08611111111111111
0 0.687109375 0.45625 0.01640625 0.08194444444444444
0 0.8109375 0.5145833333333333 0.015625 0.0875
0 0.66484375 0.425 0.0171875 0.07222222222222222
0 0.72734375 0.4097222222222222 0.015625 0.06944444444444445
0 0.821875 0.4236111111111111 0.0140625 0.04722222222222222
1 0.671875 0.5840277777777778 0.0984375 0.1375
1 0.66484375 0.5993055555555555 0.0984375 0.1375
1 0.759765625 0.4965277777777778 0.05703125 0.09583333333333334
