0 0.2046875 0.2111111111111111 0.046875 0.1111111111111111
0 0.329296875 0.20902777777777778 0.03828125 0.10972222222222222
0 0.246875 0.4465277777777778 0.0890625 0.2152777777777778
0 0.402734375 0.34375 0.05078125 0.15694444444444444
0 0.468359375 0.25416666666666665 0.03515625 0.11388888888888889
0 0.476171875 0.15833333333333333 0.03203125 0.06944444444444445
0 0.50234375 0.1798611111111111 0.0453125 0.06805555555555555
0 0.49375 0.2611111111111111 0.0328125 0.1111111111111111
0 0.494140625 0.32013888888888886 0.03828125 0.12916666666666668
0 0.565234375 0.23055555555555557 0.02734375 0.07222222222222222
0 0.600390625 0.2423611111111111 0.02578125 0.0875
0 0.65546875 0.4527777777777778 0.046875 0.15
0 0.680078125 0.47847222222222224 0.04609375 0.15694444444444444
0 0.562890625 0.21875 0.02109375 0.0763888888888889
0 0.5984375 0.1986111111111111 0.0203125 0.05277777777777778
0 0.62109375 0.19305555555555556 0.0171875 0.05277777777777778
0 0.68203125 0.20972222222222223 0.015625 0.05555555555555555
0 0.627734375 0.17222222222222222 0.01171875 0.05
0 0.639453125 0.17847222222222223 0.01328125 0.05416666666666667
0 0.65546875 0.17847222222222223 0.0140625 0.04861111111111111
