0 0.456640625 0.825 0.04140625 0.21388888888888888
0 0.56171875 0.6465277777777778 0.03125 0.12916666666666668
0 0.46953125 0.5402777777777777 0.021875 0.09444444444444444
0 0.2578125 0.8673611111111111 0.0328125 0.15138888888888888
0 0.321875 0.6423611111111112 0.03125 0.09861111111111111
0 0.3640625 0.5479166666666667 0.021875 0.07083333333333333
0 0.43203125 0.5263888888888889 0.01875 0.08611111111111111
0 0.443359375 0.48819444444444443 0.01328125 0.06805555555555555
0 0.4609375 0.4583333333333333 0.015625 0.06666666666666667
0 0.520703125 0.4847222222222222 0.01796875 0.06666666666666667
0 0.49453125 0.41944444444444445 0.0109375 0.03888888888888889
