0 0.923828125 0.6013888888888889 0.01484375 0.07777777777777778
0 0.915234375 0.7208333333333333 0.02734375 0.11666666666666667
0 0.544140625 0.7027777777777777 0.03203125 0.13055555555555556
0 0.5515625 0.9020833333333333 0.0484375 0.1763888888888889
0 0.849609375 0.8854166666666666 0.04609375 0.20416666666666666
0 0.808984375 0.7479166666666667 0.03203125 0.15138888888888888
0 0.71171875 0.7256944444444444 0.03125 0.12916666666666668
0 0.67890625 0.6861111111111111 0.0234375 0.125
0 0.690625 0.6243055555555556 0.0234375 0.10416666666666667
0 0.777734375 0.6493055555555556 0.02265625 0.12361111111111112
0 0.8421875 0.6263888888888889 0.0296875 0.11666666666666667
0 0.748828125 0.6319444444444444 0.02421875 0.1111111111111111
0 0.7109375 0.575 0.0203125 0.09722222222222222
1 0.634765625 0.6152777777777778 0.07890625 0.12777777777777777
1 0.4921875 0.5923611111111111 0.0984375 0.14027777777777778
