3 0.88359375 0.33402777777777776 0.2328125 0.21805555555555556
2 0.259375 0.39166666666666666 0.09375 0.15
1 0.289453125 0.5090277777777777 0.06640625 0.10694444444444444
0 0.416796875 0.41388888888888886 0.01953125 0.09166666666666666
0 0.610546875 0.3763888888888889 0.02265625 0.08888888888888889
0 0.755859375 0.5 0.03984375 0.11666666666666667
3 0.408203125 0.5895833333333333 0.24140625 0.3125
0 0.687109375 0.40069444444444446 0.02578125 0.09861111111111111
3 0.0640625 0.7847222222222222 0.128125 0.4305555555555556
1 0.593359375 0.7458333333333333 0.12421875 0.24722222222222223
2 0.35625 0.31319444444444444 0.0453125 0.10138888888888889
1 0.3171875 0.4173611111111111 0.05 0.0763888888888889
