0 0.184375 0.6527777777777778 0.05625 0.18888888888888888
0 0.400390625 0.54375 0.05234375 0.12083333333333333
0 0.47265625 0.5256944444444445 0.05625 0.12361111111111112
0 0.664453125 0.8520833333333333 0.06484375 0.22083333333333333
0 0.570703125 0.4513888888888889 0.02734375 0.09444444444444444
0 0.69453125 0.4270833333333333 0.015625 0.08194444444444444
0 0.727734375 0.4152777777777778 0.01484375 0.058333333333333334
0 0.744140625 0.48055555555555557 0.02421875 0.08611111111111111
0 0.783984375 0.4479166666666667 0.01796875 0.07083333333333333
0 0.7984375 0.5256944444444445 0.021875 0.0875
0 0.8296875 0.5715277777777777 0.0265625 0.11527777777777778
0 0.855078125 0.47847222222222224 0.01640625 0.07361111111111111
0 0.815234375 0.4486111111111111 0.01796875 0.06111111111111111
