0 0.700390625 0.5618055555555556 0.03671875 0.12916666666666668
0 0.628515625 0.5 0.03203125 0.11944444444444445
0 0.780078125 0.5743055555555555 0.01953125 0.1125
0 0.78984375 0.5006944444444444 0.021875 0.07916666666666666
0 0.060546875 0.69375 0.08515625 0.16527777777777777
0 0.572265625 0.49583333333333335 0.02734375 0.1
0 0.486328125 0.4388888888888889 0.04140625 0.09166666666666666
0 0.696875 0.42430555555555555 0.0203125 0.0625
0 0.817578125 0.44166666666666665 0.01640625 0.075
0 0.839453125 0.46597222222222223 0.01953125 0.08472222222222223
0 0.437109375 0.9048611111111111 0.10703125 0.19027777777777777
