0 0.5578125 0.56875 0.0234375 0.09027777777777778
0 0.65078125 0.5770833333333333 0.01875 0.10694444444444444
0 0.67265625 0.6923611111111111 0.0265625 0.10694444444444444
0 0.7796875 0.8284722222222223 0.040625 0.1597222222222222
0 0.447265625 0.7368055555555556 0.04765625 0.12916666666666668
0 0.28203125 0.8395833333333333 0.0609375 0.15694444444444444
0 0.33515625 0.89375 0.05625 0.14583333333333334
0 0.40859375 0.8902777777777777 0.0640625 0.1638888888888889
0 0.51796875 0.8958333333333334 0.0375 0.15833333333333333
0 0.128125 0.9583333333333334 0.0765625 0.08333333333333333
0 0.554296875 0.9604166666666667 0.05703125 0.07916666666666666
0 0.64765625 0.9444444444444444 0.0609375 0.1111111111111111
0 0.77265625 0.9694444444444444 0.0703125 0.06111111111111111
