0 0.559765625 0.6013888888888889 0.02578125 0.11666666666666667
0 0.25859375 0.8666666666666667 0.0359375 0.14722222222222223
0 0.65546875 0.91875 0.1203125 0.1625
1 0.42890625 0.48125 0.0546875 0.0875
0 0.321875 0.6444444444444445 0.0328125 0.10277777777777777
0 0.363671875 0.5513888888888889 0.02265625 0.075
0 0.48125 0.49444444444444446 0.0203125 0.058333333333333334
0 0.47578125 0.45069444444444445 0.0171875 0.0625
0 0.52890625 0.46041666666666664 0.0140625 0.0625
0 0.598828125 0.5534722222222223 0.01796875 0.07083333333333333
0 0.57578125 0.5465277777777777 0.0171875 0.06805555555555555
