0 0.46015625 0.8152777777777778 0.0515625 0.20833333333333334
0 0.448828125 0.6833333333333333 0.03671875 0.11944444444444445
0 0.533984375 0.56875 0.02578125 0.09861111111111111
0 0.576171875 0.5493055555555556 0.02421875 0.0625
0 0.322265625 0.6430555555555556 0.03203125 0.09444444444444444
0 0.362890625 0.5513888888888889 0.02265625 0.08055555555555556
0 0.259765625 0.8548611111111111 0.03359375 0.13472222222222222
0 0.3640625 0.83125 0.03125 0.1875
0 0.446875 0.42430555555555555 0.0125 0.04861111111111111
1 0.475390625 0.40208333333333335 0.02265625 0.04027777777777778
