0 0.920703125 0.6166666666666667 0.01640625 0.09444444444444444
0 0.8203125 0.6986111111111111 0.034375 0.12777777777777777
0 0.700390625 0.6125 0.02421875 0.10277777777777777
0 0.625 0.6118055555555556 0.0265625 0.09027777777777778
0 0.58671875 0.5381944444444444 0.034375 0.0875
0 0.56015625 0.6777777777777778 0.034375 0.125
0 0.612890625 0.8013888888888889 0.03828125 0.1638888888888889
0 0.501171875 0.8708333333333333 0.05390625 0.175
0 0.38125 0.8291666666666667 0.0515625 0.1638888888888889
0 0.6640625 0.5368055555555555 0.028125 0.07361111111111111
0 0.715625 0.5444444444444444 0.0203125 0.058333333333333334
