1 0.736328125 0.8013888888888889 0.25859375 0.36666666666666664
1 0.716015625 0.6194444444444445 0.18046875 0.20277777777777778
1 0.16953125 0.2513888888888889 0.04375 0.08611111111111111
1 0.221875 0.30694444444444446 0.0625 0.09444444444444444
0 0.075390625 0.2833333333333333 0.01640625 0.08055555555555556
0 0.093359375 0.2972222222222222 0.01484375 0.075
0 0.108203125 0.2513888888888889 0.01640625 0.06388888888888888
0 0.108203125 0.2902777777777778 0.01796875 0.07222222222222222
0 0.125390625 0.3375 0.02734375 0.09166666666666666
0 0.140234375 0.30833333333333335 0.02421875 0.08333333333333333
0 0.148828125 0.2833333333333333 0.02109375 0.06944444444444445
0 0.205078125 0.41388888888888886 0.03515625 0.11666666666666667
0 0.306640625 0.24722222222222223 0.03359375 0.06944444444444445
0 0.487109375 0.25833333333333336 0.04609375 0.06944444444444445
0 0.4625 0.36180555555555555 0.0609375 0.09583333333333334
0 0.48046875 0.7902777777777777 0.0921875 0.24166666666666667
0 0.6171875 0.44027777777777777 0.0390625 0.12777777777777777
0 0.69375 0.4423611111111111 0.0390625 0.1375
