0 0.42890625 0.6180555555555556 0.08125 0.2388888888888889
0 0.46484375 0.7284722222222222 0.0875 0.25972222222222224
0 0.521875 0.4423611111111111 0.0515625 0.1625
0 0.5234375 0.3347222222222222 0.0546875 0.12777777777777777
0 0.597265625 0.3951388888888889 0.04296875 0.14027777777777778
0 0.653125 0.4513888888888889 0.05 0.14444444444444443
0 0.681640625 0.4798611111111111 0.03828125 0.1597222222222222
0 0.65703125 0.30486111111111114 0.0359375 0.09861111111111111
0 0.677734375 0.21666666666666667 0.01640625 0.05555555555555555
0 0.63203125 0.17083333333333334 0.01875 0.041666666666666664
