0 0.47265625 0.2763888888888889 0.034375 0.10555555555555556
0 0.520703125 0.2861111111111111 0.03203125 0.11388888888888889
0 0.5328125 0.35625 0.0484375 0.13194444444444445
0 0.686328125 0.4756944444444444 0.04609375 0.15694444444444444
0 0.6453125 0.31527777777777777 0.0265625 0.1
0 0.59765625 0.21875 0.021875 0.07361111111111111
0 0.573828125 0.20555555555555555 0.02109375 0.06666666666666667
0 0.670703125 0.2708333333333333 0.02109375 0.075
0 0.600390625 0.5631944444444444 0.05546875 0.19027777777777777
0 0.679296875 0.25069444444444444 0.01796875 0.06805555555555555
0 0.625390625 0.2048611111111111 0.01640625 0.05416666666666667
0 0.61484375 0.19027777777777777 0.015625 0.05555555555555555
