0 0.20390625 0.6166666666666667 0.071875 0.15555555555555556
0 0.71953125 0.40694444444444444 0.01875 0.06388888888888888
0 0.667578125 0.6715277777777777 0.03984375 0.15138888888888888
0 0.718359375 0.6270833333333333 0.03828125 0.13472222222222222
0 0.771484375 0.6166666666666667 0.02578125 0.10555555555555556
0 0.7984375 0.7715277777777778 0.0390625 0.19027777777777777
0 0.81796875 0.5638888888888889 0.025 0.10277777777777777
0 0.859765625 0.5388888888888889 0.01953125 0.075
0 0.7828125 0.5451388888888888 0.025 0.08472222222222223
0 0.800390625 0.5159722222222223 0.01953125 0.07361111111111111
1 0.746484375 0.4638888888888889 0.05078125 0.08055555555555556
3 0.49296875 0.5402777777777777 0.3953125 0.4888888888888889
0 0.456640625 0.8861111111111111 0.11484375 0.2
0 0.86015625 0.4791666666666667 0.0140625 0.06111111111111111
0 0.845703125 0.50625 0.01171875 0.06527777777777778
0 0.746875 0.3888888888888889 0.0140625 0.044444444444444446
2 0.819140625 0.42291666666666666 0.05390625 0.1125
