0 0.532421875 0.24375 0.02421875 0.07361111111111111
0 0.296484375 0.28541666666666665 0.01640625 0.07083333333333333
1 0.574609375 0.2722222222222222 0.05859375 0.06666666666666667
0 0.74453125 0.35138888888888886 0.021875 0.08611111111111111
3 0.8890625 0.3125 0.178125 0.20277777777777778
0 0.414453125 0.35347222222222224 0.02734375 0.07083333333333333
0 0.622265625 0.3347222222222222 0.01796875 0.07777777777777778
0 0.565234375 0.33611111111111114 0.01953125 0.06944444444444445
0 0.28046875 0.45625 0.0375 0.09305555555555556
0 0.107421875 0.6486111111111111 0.04921875 0.12777777777777777
