0 0.128515625 0.4638888888888889 0.06640625 0.10555555555555556
0 0.0203125 0.47708333333333336 0.040625 0.10416666666666667
0 0.29375 0.33819444444444446 0.028125 0.09027777777777778
0 0.173828125 0.4201388888888889 0.04453125 0.0875
0 0.220703125 0.37222222222222223 0.04296875 0.09166666666666666
0 0.626953125 0.2722222222222222 0.02109375 0.07777777777777778
0 0.080859375 0.3645833333333333 0.05703125 0.07361111111111111
0 0.33125 0.2965277777777778 0.021875 0.07361111111111111
0 0.406640625 0.425 0.05078125 0.09722222222222222
0 0.737890625 0.36666666666666664 0.03359375 0.08333333333333333
0 0.353515625 0.29444444444444445 0.01796875 0.07222222222222222
0 0.924609375 0.5638888888888889 0.05546875 0.14166666666666666
0 0.56875 0.21180555555555555 0.0171875 0.059722222222222225
0 0.379296875 0.2951388888888889 0.01796875 0.07083333333333333
0 0.38046875 0.3576388888888889 0.04375 0.08472222222222223
0 0.02734375 0.4222222222222222 0.0453125 0.08888888888888889
1 0.83046875 0.47638888888888886 0.1296875 0.11944444444444445
1 0.550390625 0.3111111111111111 0.04609375 0.1
1 0.44140625 0.36944444444444446 0.109375 0.08611111111111111
1 0.45625 0.26875 0.0328125 0.07916666666666666
0 0.151171875 0.4326388888888889 0.04140625 0.09027777777777778
