1 0.559765625 0.37083333333333335 0.05703125 0.09166666666666666
0 0.384375 0.35138888888888886 0.021875 0.058333333333333334
0 0.413671875 0.32083333333333336 0.01640625 0.06111111111111111
0 0.67265625 0.38472222222222224 0.0234375 0.08055555555555556
0 0.79609375 0.4173611111111111 0.04375 0.08194444444444444
0 0.908984375 0.31319444444444444 0.03515625 0.06527777777777778
0 0.56953125 0.2743055555555556 0.0171875 0.05694444444444444
0 0.159765625 0.6763888888888889 0.03984375 0.1388888888888889
0 0.040234375 0.6861111111111111 0.04296875 0.12222222222222222
0 0.0609375 0.5930555555555556 0.0359375 0.08611111111111111
0 0.02109375 0.8118055555555556 0.0421875 0.13472222222222222
1 0.29140625 0.40069444444444446 0.0484375 0.08194444444444444
