0 0.462890625 0.8625 0.05234375 0.21666666666666667
0 0.513671875 0.7486111111111111 0.05078125 0.17777777777777778
0 0.521875 0.5784722222222223 0.034375 0.1125
0 0.575 0.5493055555555556 0.025 0.07361111111111111
0 0.365234375 0.5541666666666667 0.02421875 0.08055555555555556
0 0.321484375 0.64375 0.02578125 0.10138888888888889
0 0.261328125 0.8604166666666667 0.03828125 0.13472222222222222
0 0.455859375 0.4625 0.01640625 0.06944444444444445
1 0.4578125 0.41944444444444445 0.028125 0.05
0 0.503125 0.4534722222222222 0.0140625 0.0625
