0 0.15859375 0.6013888888888889 0.0359375 0.14722222222222223
0 0.2515625 0.7138888888888889 0.0453125 0.18888888888888888
0 0.2921875 0.42430555555555555 0.01875 0.1125
0 0.84453125 0.6847222222222222 0.0484375 0.14166666666666666
0 0.07109375 0.7305555555555555 0.05625 0.18333333333333332
0 0.7375 0.5180555555555556 0.028125 0.12777777777777777
0 0.675 0.4083333333333333 0.028125 0.09444444444444444
0 0.793359375 0.5722222222222222 0.03203125 0.125
0 0.547265625 0.4270833333333333 0.02734375 0.10694444444444444
0 0.58359375 0.8819444444444444 0.05 0.175
0 0.087109375 0.38333333333333336 0.05234375 0.09166666666666666
0 0.712890625 0.5361111111111111 0.02578125 0.12777777777777777
0 0.5359375 0.8125 0.0484375 0.17777777777777778
0 0.315625 0.3659722222222222 0.0203125 0.09305555555555556
0 0.895703125 0.65625 0.03671875 0.13472222222222222
0 0.65234375 0.40625 0.025 0.09027777777777778
0 0.48046875 0.88125 0.0734375 0.17083333333333334
0 0.196484375 0.3701388888888889 0.04296875 0.09305555555555556
0 0.973046875 0.93125 0.04140625 0.1375
0 0.55078125 0.2743055555555556 0.0140625 0.07361111111111111
0 0.25 0.48125 0.03125 0.13472222222222222
0 0.340625 0.3229166666666667 0.0140625 0.0875
0 0.628515625 0.35555555555555557 0.02421875 0.08333333333333333
0 0.37578125 0.2986111111111111 0.021875 0.07222222222222222
0 0.14375 0.6993055555555555 0.040625 0.14583333333333334
0 0.524609375 0.7270833333333333 0.05078125 0.14583333333333334
0 0.575390625 0.28541666666666665 0.01796875 0.06527777777777778
0 0.0109375 0.9375 0.021875 0.11388888888888889
0 0.673046875 0.32430555555555557 0.02890625 0.06805555555555555
0 0.01171875 0.33958333333333335 0.01875 0.08194444444444444
0 0.45625 0.8805555555555555 0.0609375 0.14444444444444443
0 0.21484375 0.7 0.0453125 0.17222222222222222
0 0.251953125 0.4097222222222222 0.02734375 0.09444444444444444
1 0.324609375 0.5340277777777778 0.07265625 0.15138888888888888
1 0.730859375 0.9083333333333333 0.15390625 0.16944444444444445
1 0.37109375 0.3784722222222222 0.046875 0.10972222222222222
1 0.58359375 0.3715277777777778 0.0484375 0.09861111111111111
1 0.64375 0.5604166666666667 0.0828125 0.1986111111111111
1 0.528515625 0.6020833333333333 0.08359375 0.20416666666666666
1 0.45859375 0.24027777777777778 0.0296875 0.07222222222222222
1 0.377734375 0.6708333333333333 0.09765625 0.2777777777777778
1 0.41015625 0.2423611111111111 0.034375 0.09583333333333334
2 0.41015625 0.2423611111111111 0.034375 0.09583333333333334
3 0.433203125 0.3993055555555556 0.08046875 0.19583333333333333
3 0.525 0.2326388888888889 0.0390625 0.09027777777777778
3 0.41015625 0.2423611111111111 0.034375 0.09583333333333334
