3 0.31015625 0.23125 0.10625 0.10138888888888889
1 0.175 0.34375 0.0609375 0.09027777777777778
1 0.317578125 0.32222222222222224 0.07265625 0.08333333333333333
1 0.4109375 0.46111111111111114 0.140625 0.18888888888888888
1 0.4921875 0.7131944444444445 0.2046875 0.28194444444444444
1 0.665234375 0.4548611111111111 0.09609375 0.1736111111111111
0 0.116015625 0.2902777777777778 0.02109375 0.06944444444444445
0 0.17421875 0.40555555555555556 0.028125 0.10555555555555556
0 0.266796875 0.3326388888888889 0.02265625 0.0875
0 0.27890625 0.5993055555555555 0.046875 0.19027777777777777
0 0.729296875 0.3840277777777778 0.04453125 0.08194444444444444
0 0.511328125 0.2625 0.03046875 0.058333333333333334
