0 0.719921875 0.7201388888888889 0.04453125 0.1736111111111111
0 0.4921875 0.5548611111111111 0.05 0.10138888888888889
0 0.467578125 0.4909722222222222 0.03046875 0.08472222222222223
0 0.5921875 0.5305555555555556 0.0328125 0.11944444444444445
0 0.63515625 0.48819444444444443 0.03125 0.06527777777777778
0 0.611328125 0.45694444444444443 0.01796875 0.08888888888888889
0 0.680078125 0.4201388888888889 0.01953125 0.0625
0 0.70625 0.42569444444444443 0.0171875 0.07361111111111111
0 0.82265625 0.4152777777777778 0.015625 0.05277777777777778
0 0.75390625 0.4041666666666667 0.0171875 0.05555555555555555
1 0.691015625 0.5652777777777778 0.08984375 0.13055555555555556
