0 0.5578125 0.7979166666666667 0.059375 0.19305555555555556
0 0.8609375 0.6597222222222222 0.040625 0.14444444444444443
0 0.784375 0.6763888888888889 0.0375 0.15833333333333333
0 0.18125 0.7819444444444444 0.034375 0.18333333333333332
0 0.70546875 0.40625 0.0234375 0.09861111111111111
0 0.28203125 0.35347222222222224 0.025 0.09305555555555556
0 0.15234375 0.6055555555555555 0.034375 0.14722222222222223
0 0.72890625 0.6465277777777778 0.0359375 0.1375
0 0.55859375 0.37916666666666665 0.0453125 0.08333333333333333
0 0.496484375 0.3819444444444444 0.02109375 0.08611111111111111
0 0.48984375 0.6458333333333334 0.0484375 0.14166666666666666
0 0.76953125 0.5743055555555555 0.03125 0.12638888888888888
0 0.89453125 0.7979166666666667 0.0515625 0.1736111111111111
0 0.54296875 0.5159722222222223 0.0296875 0.12638888888888888
0 0.61796875 0.38125 0.01875 0.09305555555555556
0 0.73984375 0.7805555555555556 0.0421875 0.17222222222222222
0 0.234765625 0.4673611111111111 0.02265625 0.12361111111111112
0 0.67734375 0.32708333333333334 0.0203125 0.07916666666666666
0 0.20703125 0.9354166666666667 0.0546875 0.12361111111111112
0 0.51875 0.3388888888888889 0.01875 0.07222222222222222
0 0.189453125 0.6416666666666667 0.03203125 0.14444444444444443
0 0.265234375 0.5201388888888889 0.03046875 0.12638888888888888
0 0.3046875 0.42291666666666666 0.021875 0.09305555555555556
0 0.59609375 0.3138888888888889 0.015625 0.06944444444444445
0 0.3140625 0.3125 0.021875 0.07777777777777778
0 0.1125 0.8090277777777778 0.053125 0.19027777777777777
0 0.654296875 0.4131944444444444 0.02421875 0.09861111111111111
0 0.47421875 0.5486111111111112 0.0484375 0.11666666666666667
0 0.773828125 0.475 0.02578125 0.10833333333333334
0 0.978515625 0.9458333333333333 0.03515625 0.10833333333333334
0 0.011328125 0.49166666666666664 0.02265625 0.09444444444444444
0 0.478515625 0.2861111111111111 0.01796875 0.06388888888888888
0 0.855078125 0.9555555555555556 0.06953125 0.08888888888888889
0 0.24609375 0.3972222222222222 0.0234375 0.09166666666666666
0 0.362890625 0.32569444444444445 0.01484375 0.09305555555555556
0 0.64453125 0.3506944444444444 0.01875 0.07361111111111111
0 0.080859375 0.7708333333333334 0.06328125 0.19722222222222222
0 0.385546875 0.28194444444444444 0.01484375 0.06944444444444445
0 0.348046875 0.36666666666666664 0.01953125 0.08611111111111111
0 0.32890625 0.3784722222222222 0.021875 0.08472222222222223
0 0.809375 0.4263888888888889 0.03125 0.08888888888888889
0 0.635546875 0.31180555555555556 0.02109375 0.07083333333333333
1 0.32265625 0.18472222222222223 0.0453125 0.07222222222222222
1 0.34921875 0.26875 0.03125 0.08194444444444444
3 0.342578125 0.475 0.06171875 0.11666666666666667
1 0.511328125 0.20069444444444445 0.03203125 0.07083333333333333
2 0.566015625 0.23055555555555557 0.03203125 0.07777777777777778
3 0.41015625 0.8534722222222222 0.1609375 0.29305555555555557
3 0.439453125 0.3020833333333333 0.05703125 0.12083333333333333
3 0.526953125 0.2388888888888889 0.03515625 0.07222222222222222
3 0.566015625 0.23055555555555557 0.03203125 0.07777777777777778
1 0.559765625 0.30972222222222223 0.04921875 0.075
0 0.493359375 0.5111111111111111 0.03359375 0.1111111111111111
