0 0.43671875 0.7506944444444444 0.0484375 0.15138888888888888
0 0.2984375 0.9097222222222222 0.0703125 0.17222222222222222
0 0.60625 0.7909722222222222 0.04375 0.14305555555555555
0 0.79765625 0.7458333333333333 0.0328125 0.1388888888888889
0 0.785546875 0.6138888888888889 0.02421875 0.10833333333333334
0 0.73046875 0.63125 0.025 0.1125
0 0.691015625 0.5770833333333333 0.01953125 0.09861111111111111
0 0.648828125 0.9652777777777778 0.06015625 0.06944444444444445
0 0.77578125 0.9736111111111111 0.0546875 0.05277777777777778
1 0.605078125 0.6402777777777777 0.09453125 0.11666666666666667
1 0.500390625 0.5395833333333333 0.07421875 0.09861111111111111
