0 0.823828125 0.5729166666666666 0.02734375 0.1125
0 0.71640625 0.40694444444444444 0.01875 0.06666666666666667
0 0.674609375 0.45 0.02578125 0.08611111111111111
0 0.85390625 0.46805555555555556 0.015625 0.06388888888888888
0 0.496484375 0.5305555555555556 0.04765625 0.11944444444444445
0 0.638671875 0.4479166666666667 0.02578125 0.0875
0 0.39609375 0.5631944444444444 0.0484375 0.14305555555555555
0 0.575 0.5229166666666667 0.0390625 0.11805555555555555
0 0.8328125 0.5131944444444444 0.01875 0.08194444444444444
0 0.740234375 0.4048611111111111 0.01640625 0.059722222222222225
0 0.691015625 0.39652777777777776 0.01328125 0.05416666666666667
0 0.614453125 0.4173611111111111 0.02421875 0.07083333333333333
1 0.694921875 0.5513888888888889 0.08671875 0.13333333333333333
1 0.77578125 0.4888888888888889 0.0484375 0.08611111111111111
1 0.163671875 0.7347222222222223 0.30859375 0.35
3 0.790234375 0.38263888888888886 0.07265625 0.13472222222222222
0 0.58046875 0.45069444444444445 0.028125 0.059722222222222225
0 0.834375 0.4465277777777778 0.0140625 0.05416666666666667
