0 0.684375 0.4791666666666667 0.04375 0.15555555555555556
0 0.641796875 0.46805555555555556 0.04765625 0.15555555555555556
0 0.60390625 0.3423611111111111 0.0375 0.12361111111111112
0 0.471875 0.5354166666666667 0.0703125 0.22361111111111112
0 0.40703125 0.7111111111111111 0.1046875 0.2916666666666667
0 0.42109375 0.8777777777777778 0.109375 0.24444444444444444
0 0.626171875 0.17569444444444443 0.01640625 0.04861111111111111
0 0.6484375 0.20833333333333334 0.0171875 0.058333333333333334
0 0.669140625 0.2513888888888889 0.02109375 0.06944444444444445
0 0.683984375 0.21944444444444444 0.01640625 0.05555555555555555
