1 0.697265625 0.5743055555555555 0.09765625 0.20972222222222223
0 0.228515625 0.5256944444444445 0.05078125 0.1625
0 0.2546875 0.43472222222222223 0.0421875 0.1388888888888889
0 0.407421875 0.2569444444444444 0.03984375 0.06388888888888888
0 0.195703125 0.23958333333333334 0.02421875 0.05416666666666667
0 0.11328125 0.29791666666666666 0.0203125 0.07361111111111111
0 0.1453125 0.33402777777777776 0.0265625 0.09027777777777778
0 0.16875 0.39166666666666666 0.0328125 0.12777777777777777
3 0.4890625 0.2465277777777778 0.096875 0.10138888888888889
1 0.226953125 0.25763888888888886 0.04765625 0.06805555555555555
1 0.264453125 0.3486111111111111 0.08828125 0.1388888888888889
