0 0.390234375 0.6819444444444445 0.03046875 0.13333333333333333
0 0.515234375 0.7152777777777778 0.04609375 0.11666666666666667
0 0.48203125 0.8291666666666667 0.0453125 0.1527777777777778
0 0.50703125 0.9270833333333334 0.0625 0.14583333333333334
0 0.760546875 0.6034722222222222 0.02265625 0.0875
0 0.794140625 0.6541666666666667 0.03046875 0.10277777777777777
0 0.71796875 0.6708333333333333 0.0265625 0.12777777777777777
0 0.60625 0.7701388888888889 0.034375 0.12083333333333333
0 0.682421875 0.7666666666666667 0.02265625 0.1638888888888889
0 0.700390625 0.8020833333333334 0.03828125 0.13472222222222222
0 0.7671875 0.8222222222222222 0.0328125 0.14722222222222223
0 0.8703125 0.9069444444444444 0.05625 0.18611111111111112
1 0.511328125 0.6152777777777778 0.09453125 0.11944444444444445
2 0.6390625 0.6027777777777777 0.096875 0.20555555555555555
