1 0.31328125 0.38680555555555557 0.078125 0.1125
1 0.406640625 0.36319444444444443 0.08515625 0.08472222222222223
0 0.511328125 0.3645833333333333 0.04765625 0.07083333333333333
0 0.87890625 0.8569444444444444 0.06875 0.18055555555555555
0 0.1109375 0.2777777777777778 0.0125 0.05555555555555555
1 0.384765625 0.25277777777777777 0.08515625 0.05555555555555555
1 0.615234375 0.2520833333333333 0.04765625 0.04027777777777778
1 0.880859375 0.3458333333333333 0.05234375 0.06388888888888888
3 0.950390625 0.39305555555555555 0.08828125 0.11666666666666667
1 0.652734375 0.25069444444444444 0.02734375 0.03194444444444444
1 0.10703125 0.22291666666666668 0.021875 0.029166666666666667
1 0.12734375 0.2076388888888889 0.015625 0.029166666666666667
1 0.133984375 0.19027777777777777 0.01328125 0.025
1 0.1015625 0.18472222222222223 0.0171875 0.025
1 0.087109375 0.20208333333333334 0.01484375 0.02361111111111111
0 0.083203125 0.2513888888888889 0.00859375 0.03888888888888889
