0 0.74375 0.44722222222222224 0.01875 0.07222222222222222
0 0.70703125 0.4305555555555556 0.0203125 0.07222222222222222
0 0.68046875 0.4201388888888889 0.01875 0.07361111111111111
0 0.18984375 0.7833333333333333 0.1171875 0.2111111111111111
0 0.548046875 0.5041666666666667 0.03828125 0.10833333333333334
0 0.758203125 0.6861111111111111 0.04140625 0.18333333333333332
0 0.134375 0.7284722222222222 0.08125 0.17916666666666667
0 0.828125 0.5090277777777777 0.0171875 0.07916666666666666
0 0.790625 0.8916666666666667 0.0578125 0.21666666666666667
0 0.841015625 0.48333333333333334 0.01640625 0.07222222222222222
0 0.628515625 0.40625 0.01953125 0.05694444444444444
0 0.73515625 0.40625 0.0140625 0.05694444444444444
0 0.7515625 0.40625 0.0109375 0.05138888888888889
0 0.718359375 0.40625 0.01328125 0.059722222222222225
1 0.633984375 0.4986111111111111 0.07890625 0.10277777777777777
3 0.78125 0.4111111111111111 0.0578125 0.1
0 0.803125 0.4708333333333333 0.015625 0.07222222222222222
0 0.814453125 0.4826388888888889 0.01640625 0.08194444444444444
0 0.66171875 0.4236111111111111 0.015625 0.044444444444444446
