0 0.771875 0.7152777777777778 0.0625 0.19444444444444445
0 0.712890625 0.6041666666666666 0.07109375 0.17222222222222222
0 0.575390625 0.44375 0.05859375 0.10972222222222222
0 0.184765625 0.7402777777777778 0.06484375 0.20555555555555555
0 0.193359375 0.3993055555555556 0.03671875 0.13194444444444445
0 0.099609375 0.3090277777777778 0.02265625 0.08472222222222223
0 0.116796875 0.28125 0.01953125 0.07083333333333333
0 0.256640625 0.24027777777777778 0.03046875 0.06944444444444445
3 0.31875 0.2375 0.0953125 0.1
3 0.36015625 0.39791666666666664 0.1515625 0.2708333333333333
1 0.519921875 0.25833333333333336 0.08046875 0.07222222222222222
