1 0.7609375 0.7763888888888889 0.2078125 0.2972222222222222
1 0.4859375 0.49375 0.1609375 0.17083333333333334
1 0.3015625 0.3368055555555556 0.084375 0.11527777777777778
1 0.16328125 0.3159722222222222 0.0640625 0.10694444444444444
0 0.105859375 0.26458333333333334 0.01484375 0.05694444444444444
0 0.0984375 0.2423611111111111 0.015625 0.05694444444444444
0 0.129296875 0.24722222222222223 0.01015625 0.05555555555555555
0 0.103515625 0.32569444444444445 0.02265625 0.08472222222222223
0 0.144921875 0.5027777777777778 0.04609375 0.14444444444444443
0 0.328515625 0.7055555555555556 0.07109375 0.225
0 0.2375 0.3173611111111111 0.021875 0.0875
0 0.228125 0.2861111111111111 0.0375 0.06388888888888888
0 0.2890625 0.24375 0.028125 0.059722222222222225
