0 0.38359375 0.7847222222222222 0.0421875 0.20555555555555555
0 0.55 0.6298611111111111 0.028125 0.1375
0 0.43984375 0.5694444444444444 0.0265625 0.10833333333333334
0 0.53984375 0.5201388888888889 0.0203125 0.08472222222222223
0 0.576171875 0.5458333333333333 0.01796875 0.07222222222222222
0 0.258203125 0.8597222222222223 0.02421875 0.12222222222222222
0 0.32109375 0.6395833333333333 0.0296875 0.10416666666666667
0 0.365234375 0.5472222222222223 0.02890625 0.075
0 0.434375 0.4791666666666667 0.028125 0.06944444444444445
1 0.471875 0.4201388888888889 0.0359375 0.0625
