0 0.307421875 0.5222222222222223 0.03828125 0.14444444444444443
0 0.38515625 0.5381944444444444 0.04375 0.15138888888888888
0 0.14921875 0.36944444444444446 0.021875 0.09722222222222222
0 0.185546875 0.34375 0.02734375 0.09027777777777778
0 0.159765625 0.32083333333333336 0.01796875 0.07222222222222222
0 0.147265625 0.29583333333333334 0.01484375 0.06111111111111111
0 0.122265625 0.2881944444444444 0.01640625 0.06805555555555555
0 0.26640625 0.25 0.0234375 0.04722222222222222
0 0.293359375 0.24722222222222223 0.03203125 0.041666666666666664
3 0.4 0.24097222222222223 0.0921875 0.0875
1 0.210546875 0.2826388888888889 0.05234375 0.07083333333333333
1 0.6640625 0.47847222222222224 0.078125 0.16805555555555557
