0 0.70859375 0.6020833333333333 0.0515625 0.1597222222222222
0 0.469921875 0.74375 0.08515625 0.22916666666666666
0 0.095703125 0.25763888888888886 0.01640625 0.05694444444444444
0 0.1078125 0.25833333333333336 0.0140625 0.058333333333333334
0 0.097265625 0.37916666666666665 0.05546875 0.1111111111111111
0 0.2265625 0.35625 0.03125 0.09861111111111111
0 0.317578125 0.24930555555555556 0.03046875 0.05416666666666667
0 0.377734375 0.2520833333333333 0.03515625 0.059722222222222225
0 0.49921875 0.2513888888888889 0.0328125 0.05555555555555555
0 0.53671875 0.27361111111111114 0.040625 0.06666666666666667
1 0.140625 0.2604166666666667 0.0390625 0.07083333333333333
