0 0.46015625 0.9006944444444445 0.0640625 0.1986111111111111
0 0.261328125 0.8645833333333334 0.03671875 0.14583333333333334
0 0.3203125 0.6423611111111112 0.0328125 0.09027777777777778
0 0.363671875 0.5381944444444444 0.02109375 0.059722222222222225
0 0.425 0.5319444444444444 0.0203125 0.09166666666666666
0 0.4703125 0.5527777777777778 0.021875 0.10833333333333334
0 0.590625 0.6076388888888888 0.0359375 0.10972222222222222
0 0.70859375 0.9409722222222222 0.0859375 0.11805555555555555
0 0.4609375 0.4777777777777778 0.0171875 0.06666666666666667
0 0.49375 0.41458333333333336 0.0125 0.04861111111111111
1 0.433984375 0.4361111111111111 0.04296875 0.07222222222222222
