0 0.924609375 0.7402777777777778 0.04921875 0.15555555555555556
0 0.24453125 0.8006944444444445 0.040625 0.20972222222222223
0 0.519921875 0.7715277777777778 0.03671875 0.17916666666666667
0 0.776953125 0.6006944444444444 0.03671875 0.12638888888888888
0 0.063671875 0.4076388888888889 0.05546875 0.08472222222222223
0 0.24453125 0.3638888888888889 0.04375 0.08055555555555556
0 0.84140625 0.5756944444444444 0.0390625 0.12361111111111112
0 0.352734375 0.2965277777777778 0.01953125 0.0763888888888889
0 0.51015625 0.575 0.0296875 0.1388888888888889
0 0.972265625 0.9076388888888889 0.04609375 0.1597222222222222
0 0.321875 0.3013888888888889 0.01875 0.08055555555555556
0 0.801953125 0.5097222222222222 0.02734375 0.1111111111111111
0 0.753125 0.53125 0.03125 0.12083333333333333
0 0.758984375 0.43680555555555556 0.03046875 0.0875
0 0.135546875 0.9375 0.04765625 0.10833333333333334
0 0.7203125 0.4618055555555556 0.0265625 0.10972222222222222
0 0.66640625 0.3541666666666667 0.028125 0.08055555555555556
0 0.0109375 0.33958333333333335 0.01875 0.0875
0 0.809765625 0.425 0.03203125 0.08611111111111111
0 0.519921875 0.6708333333333333 0.03359375 0.1388888888888889
1 0.84765625 0.8388888888888889 0.1796875 0.2777777777777778
1 0.53359375 0.25416666666666665 0.0578125 0.10555555555555556
1 0.55078125 0.17291666666666666 0.0609375 0.06805555555555555
1 0.444921875 0.26944444444444443 0.03828125 0.09166666666666666
2 0.401953125 0.19930555555555557 0.04296875 0.09861111111111111
3 0.571484375 0.35833333333333334 0.07734375 0.17222222222222222
3 0.659765625 0.6868055555555556 0.17578125 0.3680555555555556
3 0.401953125 0.19930555555555557 0.04296875 0.09861111111111111
3 0.46171875 0.18541666666666667 0.0296875 0.07361111111111111
3 0.666015625 0.4423611111111111 0.09140625 0.15138888888888888
1 0.444140625 0.39305555555555555 0.04765625 0.06388888888888888
3 0.415234375 0.5666666666666667 0.09765625 0.3194444444444444
