0 0.78515625 0.5215277777777778 0.0265625 0.10138888888888889
0 0.63671875 0.4305555555555556 0.025 0.08055555555555556
0 0.828515625 0.4875 0.02109375 0.08055555555555556
0 0.704296875 0.6201388888888889 0.03984375 0.14027777777777778
0 0.72421875 0.4861111111111111 0.0265625 0.09444444444444444
0 0.765625 0.3909722222222222 0.0140625 0.05138888888888889
0 0.807421875 0.4361111111111111 0.01328125 0.058333333333333334
0 0.79765625 0.47708333333333336 0.015625 0.07361111111111111
0 0.790234375 0.43680555555555556 0.01484375 0.059722222222222225
1 0.718359375 0.4361111111111111 0.06484375 0.08611111111111111
3 0.443359375 0.5708333333333333 0.34921875 0.48055555555555557
0 0.753125 0.3951388888888889 0.0140625 0.04583333333333333
0 0.69921875 0.39652777777777776 0.015625 0.04027777777777778
0 0.8609375 0.4534722222222222 0.0171875 0.06527777777777778
