0 0.14296875 0.4708333333333333 0.0953125 0.2388888888888889
0 0.323828125 0.41388888888888886 0.06015625 0.18611111111111112
0 0.41171875 0.31875 0.0453125 0.14027777777777778
0 0.54609375 0.4423611111111111 0.053125 0.16527777777777777
0 0.5984375 0.6222222222222222 0.059375 0.21944444444444444
0 0.503125 0.23333333333333334 0.025 0.08333333333333333
0 0.611328125 0.2652777777777778 0.02578125 0.08333333333333333
0 0.662890625 0.29583333333333334 0.02578125 0.08888888888888889
0 0.62578125 0.1986111111111111 0.0171875 0.05555555555555555
0 0.680078125 0.20902777777777778 0.01640625 0.05416666666666667
1 0.538671875 0.27847222222222223 0.08671875 0.10972222222222222
