0 0.46015625 0.17708333333333334 0.04375 0.06527777777777778
0 0.48046875 0.2708333333333333 0.0375 0.11388888888888889
0 0.51328125 0.2388888888888889 0.0296875 0.08611111111111111
0 0.554296875 0.2 0.01953125 0.06666666666666667
0 0.33828125 0.3645833333333333 0.0609375 0.1736111111111111
0 0.51953125 0.4534722222222222 0.0546875 0.18194444444444444
0 0.176953125 0.8166666666666667 0.14140625 0.26666666666666666
0 0.0765625 0.6965277777777777 0.1171875 0.3125
0 0.639453125 0.3458333333333333 0.03359375 0.11944444444444445
0 0.612890625 0.27708333333333335 0.02734375 0.09027777777777778
0 0.651171875 0.44513888888888886 0.04453125 0.14305555555555555
0 0.680078125 0.46458333333333335 0.05078125 0.18194444444444444
0 0.592578125 0.20416666666666666 0.01640625 0.058333333333333334
0 0.6484375 0.20902777777777778 0.0171875 0.06527777777777778
0 0.48359375 0.1597222222222222 0.028125 0.06388888888888888
0 0.61875 0.19583333333333333 0.01875 0.06111111111111111
0 0.681640625 0.22708333333333333 0.02109375 0.059722222222222225
0 0.5921875 0.18680555555555556 0.0171875 0.05416666666666667
