0 0.635546875 0.9041666666666667 0.06484375 0.19166666666666668
0 0.768359375 0.5923611111111111 0.03203125 0.11805555555555555
0 0.805859375 0.6298611111111111 0.03046875 0.12361111111111112
0 0.76875 0.5111111111111111 0.0234375 0.08055555555555556
0 0.83125 0.6034722222222222 0.0296875 0.11527777777777778
0 0.78203125 0.7104166666666667 0.034375 0.1486111111111111
0 0.680859375 0.7402777777777778 0.04296875 0.18333333333333332
0 0.8171875 0.5243055555555556 0.0171875 0.0763888888888889
0 0.76875 0.44305555555555554 0.0125 0.05
0 0.847265625 0.5340277777777778 0.02109375 0.07916666666666666
1 0.730859375 0.48333333333333334 0.05546875 0.08055555555555556
2 0.8140625 0.4305555555555556 0.0609375 0.11666666666666667
1 0.7421875 0.4041666666666667 0.0390625 0.06666666666666667
3 0.3171875 0.65 0.634375 0.7
0 0.68203125 0.40208333333333335 0.0265625 0.05138888888888889
0 0.70859375 0.3875 0.015625 0.05
