0 0.7828125 0.5611111111111111 0.028125 0.11388888888888889
0 0.14609375 0.6736111111111112 0.1 0.2111111111111111
0 0.823046875 0.48680555555555555 0.02109375 0.0763888888888889
0 0.8234375 0.5861111111111111 0.0296875 0.11666666666666667
0 0.854296875 0.49375 0.02578125 0.07361111111111111
0 0.4875 0.475 0.034375 0.08333333333333333
0 0.79375 0.46111111111111114 0.01875 0.06944444444444445
0 0.63046875 0.4395833333333333 0.0234375 0.04861111111111111
0 0.72109375 0.3972222222222222 0.0140625 0.05
1 0.75234375 0.49583333333333335 0.0484375 0.10555555555555556
3 0.674609375 0.5333333333333333 0.12578125 0.2361111111111111
3 0.46953125 0.7305555555555555 0.34375 0.46111111111111114
0 0.444921875 0.49930555555555556 0.03671875 0.07083333333333333
0 0.937109375 0.8951388888888889 0.08671875 0.11805555555555555
0 0.915625 0.8333333333333334 0.0484375 0.10555555555555556
0 0.676171875 0.40902777777777777 0.01484375 0.043055555555555555
0 0.73671875 0.3854166666666667 0.01875 0.04583333333333333
0 0.752734375 0.39305555555555555 0.01484375 0.044444444444444446
0 0.915625 0.5729166666666666 0.0296875 0.09583333333333334
