0 0.613671875 0.31180555555555556 0.03203125 0.12638888888888888
0 0.623046875 0.42430555555555555 0.03046875 0.14583333333333334
0 0.55703125 0.4576388888888889 0.040625 0.1736111111111111
0 0.37109375 0.29097222222222224 0.0515625 0.15694444444444444
0 0.40390625 0.26875 0.0484375 0.13194444444444445
0 0.19609375 0.8361111111111111 0.1625 0.3277777777777778
0 0.668359375 0.2548611111111111 0.02265625 0.07916666666666666
0 0.619140625 0.18541666666666667 0.01640625 0.0625
0 0.6390625 0.17222222222222222 0.0109375 0.04722222222222222
0 0.6578125 0.19652777777777777 0.015625 0.05138888888888889
