1 0.440625 0.8652777777777778 0.1359375 0.26944444444444443
0 0.405078125 0.6513888888888889 0.03359375 0.14722222222222223
0 0.50625 0.5701388888888889 0.025 0.10694444444444444
0 0.55703125 0.6159722222222223 0.025 0.1125
0 0.537890625 0.55625 0.01796875 0.10694444444444444
0 0.6765625 0.8972222222222223 0.134375 0.20555555555555555
0 0.2609375 0.8333333333333334 0.0390625 0.07777777777777778
0 0.321875 0.6395833333333333 0.0328125 0.09861111111111111
0 0.364453125 0.5513888888888889 0.02421875 0.06944444444444445
0 0.5765625 0.5458333333333333 0.01875 0.06111111111111111
0 0.598046875 0.5486111111111112 0.01953125 0.06111111111111111
0 0.53984375 0.48333333333333334 0.021875 0.06111111111111111
1 0.4578125 0.4444444444444444 0.040625 0.07222222222222222
