0 0.55546875 0.8319444444444445 0.0484375 0.16111111111111112
0 0.57890625 0.71875 0.0359375 0.12638888888888888
0 0.735546875 0.7409722222222223 0.03671875 0.13194444444444445
0 0.76328125 0.9145833333333333 0.05 0.17083333333333334
0 0.778515625 0.6291666666666667 0.03203125 0.12777777777777777
0 0.82890625 0.5909722222222222 0.0265625 0.10972222222222222
0 0.69296875 0.6402777777777777 0.0296875 0.11666666666666667
0 0.72734375 0.5854166666666667 0.021875 0.09583333333333334
0 0.577734375 0.5270833333333333 0.02109375 0.08194444444444444
0 0.5984375 0.53125 0.015625 0.07361111111111111
0 0.633203125 0.5375 0.01484375 0.07777777777777778
0 0.6625 0.5611111111111111 0.021875 0.08333333333333333
0 0.61796875 0.5875 0.0296875 0.07777777777777778
1 0.417578125 0.7333333333333333 0.13828125 0.14166666666666666
