0 0.7921875 0.5777777777777777 0.034375 0.13055555555555556
0 0.580859375 0.6013888888888889 0.07265625 0.11944444444444445
0 0.362890625 0.5715277777777777 0.07890625 0.11805555555555555
0 0.48046875 0.64375 0.078125 0.13472222222222222
0 0.27421875 0.4083333333333333 0.03125 0.10277777777777777
0 0.447265625 0.5736111111111111 0.07734375 0.11666666666666667
0 0.595703125 0.31319444444444444 0.01953125 0.08472222222222223
0 0.198828125 0.5888888888888889 0.08515625 0.12777777777777777
0 0.3078125 0.6416666666666667 0.103125 0.14444444444444443
0 0.30859375 0.4534722222222222 0.0640625 0.10138888888888889
0 0.315625 0.3368055555555556 0.021875 0.0875
0 0.17578125 0.3923611111111111 0.053125 0.08194444444444444
0 0.10390625 0.36736111111111114 0.05625 0.08194444444444444
0 0.572265625 0.31180555555555556 0.02109375 0.08194444444444444
0 0.519921875 0.29583333333333334 0.02109375 0.07222222222222222
0 0.22734375 0.3680555555555556 0.0375 0.08333333333333333
0 0.0171875 0.5895833333333333 0.0328125 0.12638888888888888
0 0.408984375 0.2861111111111111 0.02421875 0.06388888888888888
0 0.3375 0.32430555555555557 0.0203125 0.07916666666666666
0 0.64140625 0.275 0.025 0.07777777777777778
0 0.503125 0.5756944444444444 0.0703125 0.12638888888888888
0 0.011328125 0.3402777777777778 0.01953125 0.08888888888888889
0 0.376953125 0.2951388888888889 0.01796875 0.0625
0 0.37734375 0.9486111111111111 0.046875 0.08611111111111111
0 0.3546875 0.2986111111111111 0.01875 0.07777777777777778
1 0.158984375 0.5465277777777777 0.16484375 0.14583333333333334
1 0.027734375 0.5076388888888889 0.05546875 0.12361111111111112
1 0.604296875 0.5055555555555555 0.16640625 0.14166666666666666
1 0.44765625 0.17083333333333334 0.0328125 0.06388888888888888
1 0.323046875 0.17083333333333334 0.03828125 0.06666666666666667
3 0.475 0.35208333333333336 0.1046875 0.14027777777777778
1 0.586328125 0.4479166666666667 0.13046875 0.06805555555555555
0 0.6375 0.4166666666666667 0.0375 0.075
