0 0.42109375 0.78125 0.040625 0.2152777777777778
0 0.260546875 0.8638888888888889 0.03671875 0.14722222222222223
0 0.31875 0.6381944444444444 0.0203125 0.09027777777777778
0 0.363671875 0.5506944444444445 0.02265625 0.07916666666666666
0 0.515625 0.4736111111111111 0.01875 0.06944444444444445
0 0.57578125 0.5451388888888888 0.021875 0.06527777777777778
0 0.495703125 0.41805555555555557 0.01953125 0.05555555555555555
0 0.472265625 0.41388888888888886 0.01640625 0.05277777777777778
0 0.460546875 0.4215277777777778 0.01328125 0.04861111111111111
0 0.442578125 0.5756944444444444 0.03203125 0.11805555555555555
0 0.478515625 0.37430555555555556 0.00859375 0.029166666666666667
0 0.670703125 0.9180555555555555 0.07890625 0.1638888888888889
