0 0.672265625 0.7027777777777777 0.07265625 0.12222222222222222
0 0.696484375 0.45 0.02890625 0.1111111111111111
2 0.35234375 0.3902777777777778 0.0515625 0.12777777777777777
1 0.120703125 0.86875 0.16640625 0.2625
3 0.28046875 0.39375 0.0609375 0.1597222222222222
0 0.17890625 0.43819444444444444 0.0234375 0.06805555555555555
0 0.2375 0.3923611111111111 0.0203125 0.06527777777777778
0 0.21328125 0.36041666666666666 0.0203125 0.0625
0 0.14765625 0.5402777777777777 0.021875 0.10833333333333334
0 0.0625 0.6104166666666667 0.0375 0.11527777777777778
2 0.34296875 0.2534722222222222 0.0296875 0.07083333333333333
3 0.455859375 0.21597222222222223 0.03671875 0.08472222222222223
