0 0.53515625 0.8909722222222223 0.0453125 0.21805555555555556
0 0.38828125 0.6847222222222222 0.028125 0.16111111111111112
0 0.53125 0.6520833333333333 0.03125 0.14027777777777778
0 0.412109375 0.5569444444444445 0.02578125 0.10277777777777777
0 0.3625 0.5486111111111112 0.021875 0.06944444444444445
0 0.321875 0.6409722222222223 0.0328125 0.09305555555555556
0 0.26015625 0.8673611111111111 0.0375 0.1375
0 0.49140625 0.4722222222222222 0.0171875 0.07222222222222222
0 0.52890625 0.4791666666666667 0.0203125 0.07222222222222222
1 0.4625 0.39444444444444443 0.025 0.03611111111111111
