0 0.073046875 0.8527777777777777 0.05390625 0.21388888888888888
0 0.40859375 0.6333333333333333 0.04375 0.1527777777777778
0 0.846875 0.6902777777777778 0.040625 0.16666666666666666
0 0.769921875 0.7152777777777778 0.04140625 0.16666666666666666
0 0.293359375 0.42291666666666666 0.02265625 0.10416666666666667
0 0.043359375 0.60625 0.03671875 0.15416666666666667
0 0.23203125 0.7708333333333334 0.0390625 0.18888888888888888
0 0.68125 0.5340277777777778 0.0265625 0.12361111111111112
0 0.24453125 0.5722222222222222 0.0296875 0.14444444444444443
0 0.353515625 0.32430555555555557 0.01796875 0.09027777777777778
0 0.7078125 0.47847222222222224 0.01875 0.09861111111111111
0 0.3796875 0.5458333333333333 0.0453125 0.11666666666666667
0 0.83828125 0.4888888888888889 0.0328125 0.10277777777777777
0 0.281640625 0.35 0.03203125 0.08333333333333333
0 0.63828125 0.4201388888888889 0.01875 0.10138888888888889
0 0.255078125 0.4638888888888889 0.02578125 0.1111111111111111
0 0.753125 0.6284722222222222 0.034375 0.13194444444444445
0 0.207421875 0.3770833333333333 0.05234375 0.08194444444444444
0 0.02421875 0.38125 0.0421875 0.08194444444444444
0 0.594140625 0.39444444444444443 0.02265625 0.09444444444444444
0 0.6640625 0.3680555555555556 0.021875 0.08888888888888889
0 0.404296875 0.3993055555555556 0.02578125 0.10416666666666667
0 0.34375 0.24305555555555555 0.0203125 0.06666666666666667
0 0.573828125 0.3701388888888889 0.02421875 0.08472222222222223
0 0.351171875 0.475 0.03671875 0.10833333333333334
0 0.4265625 0.23958333333333334 0.0125 0.0625
0 0.627734375 0.36666666666666664 0.02421875 0.08333333333333333
0 0.6640625 0.46597222222222223 0.0234375 0.09861111111111111
0 0.688671875 0.3527777777777778 0.02421875 0.08333333333333333
0 0.815234375 0.43472222222222223 0.03515625 0.08055555555555556
0 0.4015625 0.23055555555555557 0.0171875 0.05555555555555555
0 0.644140625 0.28125 0.01953125 0.059722222222222225
0 0.62109375 0.2833333333333333 0.0203125 0.06388888888888888
0 0.668359375 0.31180555555555556 0.02109375 0.07083333333333333
0 0.042578125 0.9256944444444445 0.05859375 0.1486111111111111
1 0.7375 0.95 0.115625 0.1
1 0.536328125 0.32569444444444445 0.04140625 0.0875
1 0.466796875 0.3277777777777778 0.07265625 0.1111111111111111
0 0.72109375 0.44930555555555557 0.015625 0.09305555555555556
