0 0.92421875 0.7847222222222222 0.0453125 0.16944444444444445
0 0.40859375 0.49375 0.025 0.1375
0 0.329296875 0.47638888888888886 0.04921875 0.10555555555555556
0 0.3390625 0.3402777777777778 0.0203125 0.08888888888888889
0 0.095703125 0.43819444444444444 0.05703125 0.10416666666666667
0 0.403125 0.28888888888888886 0.0171875 0.08611111111111111
0 0.612890625 0.2673611111111111 0.01640625 0.0763888888888889
0 0.026953125 0.4798611111111111 0.04140625 0.12083333333333333
0 0.219921875 0.5055555555555555 0.05703125 0.1111111111111111
0 0.048828125 0.4076388888888889 0.05390625 0.08194444444444444
0 0.512109375 0.4736111111111111 0.03046875 0.12222222222222222
0 0.325390625 0.4111111111111111 0.02734375 0.09722222222222222
0 0.322265625 0.30069444444444443 0.01953125 0.07916666666666666
0 0.586328125 0.2965277777777778 0.01953125 0.0875
0 0.261328125 0.35694444444444445 0.03828125 0.09166666666666666
0 0.365625 0.25763888888888886 0.0171875 0.07361111111111111
0 0.3578125 0.4263888888888889 0.0234375 0.10833333333333334
0 0.976953125 0.9361111111111111 0.03671875 0.12777777777777777
0 0.524609375 0.20972222222222223 0.01640625 0.058333333333333334
0 0.19140625 0.3958333333333333 0.0421875 0.08888888888888889
0 0.19765625 0.4777777777777778 0.0640625 0.10555555555555556
0 0.0109375 0.33958333333333335 0.0203125 0.08194444444444444
0 0.212890625 0.38055555555555554 0.03203125 0.08611111111111111
0 0.4328125 0.1986111111111111 0.009375 0.06111111111111111
0 0.813671875 0.43680555555555556 0.03359375 0.0875
0 0.4015625 0.4486111111111111 0.028125 0.1111111111111111
0 0.9859375 0.8402777777777778 0.0203125 0.14166666666666666
0 0.408203125 0.22847222222222222 0.01328125 0.059722222222222225
0 0.591015625 0.21388888888888888 0.01484375 0.05555555555555555
1 0.4546875 0.7777777777777778 0.234375 0.2361111111111111
1 0.7609375 0.7569444444444444 0.128125 0.2361111111111111
1 0.6921875 0.46041666666666664 0.0828125 0.13194444444444445
1 0.555859375 0.19722222222222222 0.03046875 0.06111111111111111
