0 0.24453125 0.6173611111111111 0.0359375 0.1625
0 0.822265625 0.6861111111111111 0.05546875 0.14444444444444443
0 0.345703125 0.55 0.03359375 0.15555555555555556
0 0.635546875 0.5486111111111112 0.02734375 0.1388888888888889
0 0.368359375 0.8958333333333334 0.04921875 0.2
0 0.8953125 0.8819444444444444 0.0640625 0.17222222222222222
0 0.290625 0.48055555555555557 0.0265625 0.13333333333333333
0 0.259765625 0.9097222222222222 0.05703125 0.17222222222222222
0 0.89296875 0.6444444444444445 0.040625 0.1361111111111111
0 0.391796875 0.39375 0.02265625 0.10138888888888889
0 0.17578125 0.5534722222222223 0.0359375 0.14027777777777778
0 0.0453125 0.38055555555555554 0.0484375 0.08333333333333333
0 0.261328125 0.4222222222222222 0.02421875 0.1
0 0.23984375 0.5069444444444444 0.028125 0.11666666666666667
0 0.980859375 0.9222222222222223 0.02578125 0.14166666666666666
0 0.1046875 0.3541666666666667 0.053125 0.08333333333333333
0 0.93984375 0.7430555555555556 0.0515625 0.15833333333333333
0 0.009375 0.33819444444444446 0.01875 0.08472222222222223
0 0.34609375 0.42291666666666666 0.025 0.11527777777777778
0 0.393359375 0.3076388888888889 0.01796875 0.08472222222222223
0 0.37734375 0.3138888888888889 0.025 0.08055555555555556
0 0.618359375 0.43333333333333335 0.02734375 0.09722222222222222
0 0.830078125 0.5881944444444445 0.05078125 0.10416666666666667
0 0.59453125 0.29930555555555555 0.0203125 0.07916666666666666
0 0.81640625 0.5326388888888889 0.0375 0.10138888888888889
0 0.5359375 0.21875 0.0125 0.05694444444444444
0 0.322265625 0.4215277777777778 0.02734375 0.09861111111111111
0 0.94140625 0.4673611111111111 0.0609375 0.0875
0 0.862890625 0.43680555555555556 0.03984375 0.07916666666666666
1 0.566015625 0.4409722222222222 0.05859375 0.11527777777777778
1 0.403515625 0.2548611111111111 0.03828125 0.0763888888888889
1 0.449609375 0.30694444444444446 0.04140625 0.1111111111111111
1 0.5484375 0.32222222222222224 0.0515625 0.10555555555555556
1 0.508203125 0.17291666666666666 0.02421875 0.0625
1 0.462109375 0.22430555555555556 0.02890625 0.07083333333333333
1 0.32265625 0.17083333333333334 0.0390625 0.06388888888888888
2 0.69921875 0.4388888888888889 0.1484375 0.25277777777777777
1 0.448046875 0.46597222222222223 0.06484375 0.1875
0 0.298828125 0.3972222222222222 0.01796875 0.07222222222222222
