0 0.855078125 0.4909722222222222 0.01796875 0.07361111111111111
0 0.233984375 0.7159722222222222 0.10234375 0.24305555555555555
0 0.691796875 0.41041666666666665 0.01796875 0.059722222222222225
0 0.11640625 0.7486111111111111 0.0984375 0.21666666666666667
0 0.633984375 0.49166666666666664 0.03359375 0.10277777777777777
0 0.5484375 0.5152777777777777 0.04375 0.11666666666666667
0 0.498828125 0.9118055555555555 0.08671875 0.1763888888888889
0 0.836328125 0.5069444444444444 0.01953125 0.075
0 0.80546875 0.5465277777777777 0.021875 0.08472222222222223
0 0.746484375 0.63125 0.03671875 0.14027777777777778
0 0.798828125 0.6305555555555555 0.03515625 0.1388888888888889
0 0.68359375 0.6402777777777777 0.0390625 0.1527777777777778
0 0.60546875 0.4388888888888889 0.0265625 0.08055555555555556
0 0.78203125 0.5840277777777778 0.03125 0.1125
0 0.809765625 0.4534722222222222 0.01953125 0.06805555555555555
0 0.7296875 0.40625 0.0140625 0.04861111111111111
0 0.770703125 0.5361111111111111 0.01953125 0.075
0 0.629296875 0.4236111111111111 0.01953125 0.06944444444444445
1 0.6984375 0.5402777777777777 0.1 0.12222222222222222
3 0.794140625 0.3958333333333333 0.05859375 0.11388888888888889
0 0.139453125 0.6381944444444444 0.09296875 0.1736111111111111
0 0.200390625 0.66875 0.08203125 0.20972222222222223
0 0.93984375 0.8895833333333333 0.09375 0.11527777777777778
0 0.920703125 0.8368055555555556 0.06484375 0.1125
0 0.7109375 0.39791666666666664 0.015625 0.059722222222222225
0 0.746484375 0.39375 0.01796875 0.05416666666666667
1 0.77109375 0.45625 0.04375 0.07916666666666666
0 0.737890625 0.45902777777777776 0.05390625 0.0625
