3 0.28359375 0.5423611111111111 0.1625 0.5208333333333334
1 0.648046875 0.7638888888888888 0.13671875 0.21388888888888888
1 0.501171875 0.4423611111111111 0.06796875 0.10972222222222222
3 0.4921875 0.33819444444444446 0.04375 0.08194444444444444
3 0.594140625 0.36041666666666666 0.05390625 0.12083333333333333
0 0.666015625 0.30416666666666664 0.02265625 0.06944444444444445
0 0.72890625 0.3215277777777778 0.021875 0.0763888888888889
0 0.610546875 0.28055555555555556 0.01953125 0.044444444444444446
0 0.176953125 0.4951388888888889 0.02734375 0.09305555555555556
0 0.241015625 0.35 0.01640625 0.05555555555555555
0 0.944921875 0.2951388888888889 0.03203125 0.07083333333333333
1 0.56875 0.3125 0.0390625 0.05555555555555555
