1 0.256640625 0.37916666666666665 0.07578125 0.11944444444444445
1 0.262109375 0.2923611111111111 0.05390625 0.08472222222222223
0 0.094140625 0.2708333333333333 0.01328125 0.06388888888888888
0 0.102734375 0.25069444444444444 0.01484375 0.059722222222222225
0 0.125390625 0.2423611111111111 0.01953125 0.059722222222222225
0 0.125 0.28541666666666665 0.01875 0.06805555555555555
0 0.1234375 0.3298611111111111 0.025 0.08194444444444444
0 0.152734375 0.28888888888888886 0.01796875 0.06944444444444445
0 0.16484375 0.36180555555555555 0.028125 0.07916666666666666
0 0.170703125 0.4361111111111111 0.03203125 0.11666666666666667
0 0.401953125 0.2701388888888889 0.03984375 0.06805555555555555
0 0.426171875 0.8020833333333334 0.07578125 0.24583333333333332
0 0.716015625 0.43680555555555556 0.03359375 0.10416666666666667
0 0.738671875 0.46597222222222223 0.03828125 0.11805555555555555
3 0.612890625 0.35625 0.18828125 0.17083333333333334
