0 0.977734375 0.33125 0.03515625 0.07361111111111111
0 0.91015625 0.3090277777777778 0.0421875 0.06527777777777778
0 0.680859375 0.46944444444444444 0.03671875 0.10555555555555556
0 0.387890625 0.34930555555555554 0.02578125 0.0625
0 0.245703125 0.37222222222222223 0.01953125 0.05277777777777778
0 0.25390625 0.3506944444444444 0.015625 0.05694444444444444
0 0.208984375 0.4215277777777778 0.02421875 0.0763888888888889
0 0.140234375 0.5888888888888889 0.03671875 0.10833333333333334
0 0.075 0.6305555555555555 0.0390625 0.1111111111111111
1 0.22265625 0.7027777777777777 0.096875 0.18333333333333332
1 0.49453125 0.34097222222222223 0.0453125 0.07916666666666666
0 0.3859375 0.26805555555555555 0.0140625 0.044444444444444446
0 0.9734375 0.9090277777777778 0.053125 0.18194444444444444
