0 0.330078125 0.36875 0.06015625 0.1625
0 0.412109375 0.34652777777777777 0.04921875 0.15138888888888888
0 0.49765625 0.525 0.059375 0.18888888888888888
0 0.499609375 0.7465277777777778 0.09765625 0.2708333333333333
0 0.652734375 0.3548611111111111 0.03046875 0.10972222222222222
0 0.526953125 0.24791666666666667 0.03203125 0.09027777777777778
0 0.67265625 0.23402777777777778 0.021875 0.0625
0 0.54140625 0.21875 0.021875 0.06805555555555555
0 0.593359375 0.18055555555555555 0.01796875 0.058333333333333334
0 0.609375 0.1840277777777778 0.015625 0.05416666666666667
0 0.62109375 0.20555555555555555 0.01875 0.06111111111111111
0 0.635546875 0.19166666666666668 0.01640625 0.05555555555555555
