1 0.787109375 0.6652777777777777 0.16953125 0.24722222222222223
1 0.476953125 0.2520833333333333 0.08359375 0.07916666666666666
3 0.25859375 0.3090277777777778 0.096875 0.17083333333333334
3 0.25703125 0.23055555555555557 0.0796875 0.09722222222222222
0 0.08515625 0.27708333333333335 0.0140625 0.0625
0 0.148046875 0.33055555555555555 0.02421875 0.09722222222222222
0 0.31171875 0.7520833333333333 0.071875 0.21805555555555556
0 0.408984375 0.6888888888888889 0.06796875 0.19722222222222222
0 0.61015625 0.46458333333333335 0.0390625 0.11527777777777778
0 0.651953125 0.43125 0.04453125 0.09305555555555556
0 0.7078125 0.5229166666666667 0.040625 0.14583333333333334
