0 0.431640625 0.6645833333333333 0.03203125 0.1625
0 0.261328125 0.8576388888888888 0.03359375 0.12361111111111112
0 0.322265625 0.6423611111111112 0.02890625 0.09861111111111111
0 0.361328125 0.5520833333333334 0.01953125 0.07916666666666666
0 0.43359375 0.5333333333333333 0.0265625 0.08888888888888889
0 0.5765625 0.5458333333333333 0.0234375 0.07222222222222222
0 0.446484375 0.49583333333333335 0.02265625 0.07777777777777778
0 0.498046875 0.4361111111111111 0.01328125 0.05
0 0.516796875 0.4326388888888889 0.01953125 0.05694444444444444
0 0.4765625 0.41597222222222224 0.0140625 0.04027777777777778
0 0.450390625 0.4013888888888889 0.01328125 0.03888888888888889
