0 0.92109375 0.6048611111111111 0.025 0.07361111111111111
0 0.83203125 0.6166666666666667 0.0265625 0.10555555555555556
0 0.79375 0.5951388888888889 0.028125 0.09861111111111111
0 0.752734375 0.5652777777777778 0.02734375 0.09166666666666666
0 0.721484375 0.7055555555555556 0.03359375 0.1361111111111111
0 0.794921875 0.7145833333333333 0.03359375 0.1486111111111111
0 0.610546875 0.7208333333333333 0.03984375 0.14166666666666666
0 0.776953125 0.8979166666666667 0.04921875 0.19027777777777777
1 0.399609375 0.8555555555555555 0.15703125 0.19722222222222222
1 0.440625 0.6236111111111111 0.0984375 0.125
1 0.527734375 0.5104166666666666 0.05859375 0.07916666666666666
1 0.673828125 0.5548611111111111 0.06015625 0.09583333333333334
