0 0.490625 0.8694444444444445 0.0546875 0.2611111111111111
0 0.60625 0.6805555555555556 0.03125 0.14722222222222223
0 0.45234375 0.6215277777777778 0.0359375 0.14305555555555555
0 0.32109375 0.6465277777777778 0.03125 0.10972222222222222
0 0.36171875 0.5430555555555555 0.0171875 0.07777777777777778
0 0.3828125 0.51875 0.021875 0.09027777777777778
0 0.448046875 0.53125 0.02265625 0.09027777777777778
0 0.259375 0.8784722222222222 0.0375 0.15138888888888888
0 0.219921875 0.8993055555555556 0.04609375 0.12361111111111112
0 0.501953125 0.4513888888888889 0.01953125 0.07222222222222222
0 0.460546875 0.44722222222222224 0.01640625 0.08055555555555556
