0 0.4203125 0.7090277777777778 0.0484375 0.1875
0 0.363671875 0.8729166666666667 0.04140625 0.23472222222222222
0 0.26015625 0.8625 0.03125 0.13333333333333333
0 0.576953125 0.5555555555555556 0.02734375 0.06666666666666667
0 0.600390625 0.5520833333333334 0.02109375 0.06805555555555555
0 0.537890625 0.5083333333333333 0.02109375 0.08333333333333333
0 0.4890625 0.49166666666666664 0.021875 0.08055555555555556
0 0.5140625 0.475 0.0171875 0.06388888888888888
0 0.364453125 0.54375 0.01796875 0.06805555555555555
0 0.320703125 0.6402777777777777 0.03046875 0.09444444444444444
1 0.434375 0.4375 0.0375 0.06666666666666667
0 0.470703125 0.38333333333333336 0.00859375 0.03333333333333333
0 0.483203125 0.3763888888888889 0.01015625 0.03333333333333333
