0 0.712109375 0.4076388888888889 0.01796875 0.059722222222222225
0 0.784375 0.54375 0.0265625 0.10694444444444444
0 0.298046875 0.6041666666666666 0.07734375 0.16666666666666666
0 0.58828125 0.4722222222222222 0.03125 0.08888888888888889
0 0.8296875 0.6305555555555555 0.03125 0.1361111111111111
0 0.830078125 0.46875 0.01640625 0.06527777777777778
0 0.547265625 0.4666666666666667 0.03359375 0.08611111111111111
0 0.80234375 0.49583333333333335 0.0203125 0.075
0 0.6609375 0.4236111111111111 0.025 0.05277777777777778
0 0.84609375 0.5458333333333333 0.021875 0.08333333333333333
0 0.74140625 0.39444444444444443 0.015625 0.05555555555555555
0 0.48125 0.48125 0.0359375 0.0625
0 0.782421875 0.44930555555555557 0.01484375 0.05694444444444444
0 0.853515625 0.49166666666666664 0.01484375 0.06388888888888888
3 0.687890625 0.5173611111111112 0.12421875 0.2013888888888889
1 0.75703125 0.47291666666666665 0.0484375 0.09305555555555556
3 0.4953125 0.7222222222222222 0.3109375 0.4666666666666667
3 0.143359375 0.8034722222222223 0.28671875 0.39305555555555555
0 0.928125 0.8944444444444445 0.071875 0.1111111111111111
0 0.916015625 0.8291666666666667 0.05859375 0.11388888888888889
0 0.914453125 0.5770833333333333 0.02421875 0.10416666666666667
0 0.8296875 0.5805555555555556 0.03125 0.09444444444444444
