0 0.115234375 0.2972222222222222 0.02109375 0.075
0 0.258203125 0.24375 0.03203125 0.05694444444444444
0 0.368359375 0.35833333333333334 0.05390625 0.08888888888888889
0 0.295703125 0.5354166666666667 0.05703125 0.1597222222222222
0 0.258203125 0.6951388888888889 0.06171875 0.2263888888888889
0 0.61796875 0.49375 0.0421875 0.13472222222222222
1 0.2 0.2923611111111111 0.0546875 0.08472222222222223
1 0.36875 0.25555555555555554 0.078125 0.06111111111111111
1 0.324609375 0.41388888888888886 0.09609375 0.14722222222222223
1 0.700390625 0.5236111111111111 0.08828125 0.18888888888888888
1 0.709375 0.775 0.265625 0.3888888888888889
