0 0.5484375 0.4625 0.0359375 0.1
0 0.425390625 0.54375 0.05546875 0.13194444444444445
0 0.81484375 0.4875 0.0234375 0.08888888888888889
0 0.69609375 0.4340277777777778 0.021875 0.07083333333333333
0 0.744140625 0.3972222222222222 0.01640625 0.05555555555555555
0 0.71875 0.4486111111111111 0.0234375 0.08333333333333333
0 0.656640625 0.46041666666666664 0.02890625 0.09583333333333334
0 0.8328125 0.43333333333333335 0.0125 0.05
0 0.856640625 0.4534722222222222 0.01484375 0.059722222222222225
1 0.615234375 0.6194444444444445 0.12421875 0.17222222222222222
0 0.6265625 0.4173611111111111 0.0375 0.07083333333333333
0 0.806640625 0.4638888888888889 0.01953125 0.07222222222222222
