0 0.815625 0.5583333333333333 0.0265625 0.10555555555555556
0 0.734765625 0.9159722222222222 0.08828125 0.16805555555555557
0 0.85546875 0.45 0.015625 0.06111111111111111
0 0.702734375 0.7569444444444444 0.05390625 0.18055555555555555
0 0.759375 0.6993055555555555 0.04375 0.1597222222222222
0 0.63515625 0.4048611111111111 0.021875 0.06527777777777778
0 0.297265625 0.6013888888888889 0.07421875 0.1638888888888889
1 0.43984375 0.5847222222222223 0.040625 0.11666666666666667
0 0.665234375 0.41041666666666665 0.01953125 0.059722222222222225
0 0.833984375 0.44513888888888886 0.01953125 0.06527777777777778
0 0.474609375 0.46319444444444446 0.03828125 0.04861111111111111
3 0.55859375 0.6159722222222223 0.228125 0.30972222222222223
3 0.751171875 0.425 0.12734375 0.25
0 0.679296875 0.4131944444444444 0.02109375 0.059722222222222225
0 0.25 0.5888888888888889 0.0625 0.10277777777777777
0 0.555859375 0.4215277777777778 0.04609375 0.06527777777777778
0 0.940234375 0.8888888888888888 0.08828125 0.11666666666666667
0 0.925 0.8340277777777778 0.065625 0.10416666666666667
