1 0.216796875 0.4152777777777778 0.09609375 0.1638888888888889
1 0.59140625 0.5104166666666666 0.146875 0.1763888888888889
0 0.232421875 0.23541666666666666 0.03203125 0.05416666666666667
0 0.099609375 0.24791666666666667 0.01796875 0.05138888888888889
0 0.325390625 0.25416666666666665 0.03203125 0.05277777777777778
0 0.394921875 0.25763888888888886 0.03671875 0.059722222222222225
0 0.453125 0.2590277777777778 0.0375 0.05694444444444444
0 0.491796875 0.25972222222222224 0.03046875 0.05555555555555555
0 0.246875 0.3402777777777778 0.0359375 0.06111111111111111
0 0.2625 0.36666666666666664 0.0421875 0.08333333333333333
0 0.290234375 0.39375 0.05703125 0.09861111111111111
