0 0.358984375 0.4 0.06171875 0.17777777777777778
0 0.366015625 0.3215277777777778 0.04609375 0.09861111111111111
0 0.587109375 0.46041666666666664 0.05234375 0.1625
0 0.5765625 0.36875 0.0390625 0.1375
0 0.50078125 0.24097222222222223 0.0234375 0.09027777777777778
0 0.55546875 0.26180555555555557 0.03125 0.09305555555555556
0 0.596875 0.23541666666666666 0.0203125 0.07916666666666666
0 0.64375 0.2652777777777778 0.025 0.06666666666666667
0 0.6421875 0.34097222222222223 0.0328125 0.10416666666666667
0 0.56171875 0.22152777777777777 0.021875 0.07361111111111111
0 0.6203125 0.21597222222222223 0.015625 0.06527777777777778
0 0.58828125 0.2048611111111111 0.0203125 0.06805555555555555
0 0.6078125 0.19027777777777777 0.0125 0.05555555555555555
0 0.626171875 0.17777777777777778 0.01171875 0.04722222222222222
0 0.64140625 0.17777777777777778 0.0125 0.04722222222222222
0 0.66875 0.23402777777777778 0.0171875 0.06527777777777778
0 0.675 0.25972222222222224 0.0203125 0.07777777777777778
