0 0.534375 0.22777777777777777 0.025 0.08333333333333333
0 0.478515625 0.16111111111111112 0.03984375 0.06388888888888888
0 0.370703125 0.32430555555555557 0.04609375 0.14583333333333334
0 0.28984375 0.6131944444444445 0.09375 0.2708333333333333
0 0.408203125 0.6902777777777778 0.09609375 0.2638888888888889
0 0.5328125 0.5395833333333333 0.0578125 0.2152777777777778
0 0.54296875 0.33958333333333335 0.04375 0.12638888888888888
0 0.598828125 0.4027777777777778 0.03828125 0.14444444444444443
0 0.63125 0.3388888888888889 0.03125 0.12222222222222222
0 0.65390625 0.4527777777777778 0.040625 0.15
0 0.683203125 0.47430555555555554 0.03984375 0.1597222222222222
0 0.62421875 0.24166666666666667 0.0359375 0.075
