0 0.55859375 0.5666666666666667 0.015625 0.08055555555555556
0 0.637109375 0.6104166666666667 0.03203125 0.10694444444444444
0 0.784375 0.5868055555555556 0.01875 0.07916666666666666
0 0.741796875 0.68125 0.02265625 0.13194444444444445
0 0.7859375 0.6763888888888889 0.0375 0.13055555555555556
0 0.669921875 0.6736111111111112 0.02890625 0.12222222222222222
0 0.565625 0.6576388888888889 0.0296875 0.12361111111111112
0 0.5375 0.6423611111111112 0.0296875 0.12083333333333333
0 0.494140625 0.6305555555555555 0.03515625 0.1111111111111111
0 0.407421875 0.68125 0.04609375 0.11805555555555555
0 0.545703125 0.8347222222222223 0.03828125 0.17222222222222222
0 0.58828125 0.8951388888888889 0.05625 0.1625
0 0.756640625 0.9222222222222223 0.05078125 0.15555555555555556
0 0.85859375 0.9263888888888889 0.0421875 0.13333333333333333
0 0.36484375 0.8604166666666667 0.0359375 0.12638888888888888
0 0.394140625 0.93125 0.06640625 0.1375
0 0.45703125 0.9701388888888889 0.0484375 0.059722222222222225
0 0.6421875 0.9729166666666667 0.05 0.05416666666666667
