2 0.348828125 0.34305555555555556 0.04453125 0.10555555555555556
0 0.42109375 0.8208333333333333 0.09375 0.13055555555555556
0 0.6671875 0.38680555555555557 0.0234375 0.08194444444444444
0 0.606640625 0.2986111111111111 0.01953125 0.058333333333333334
0 0.20546875 0.4583333333333333 0.0203125 0.07222222222222222
0 0.181640625 0.43819444444444444 0.02265625 0.0625
0 0.0578125 0.6041666666666666 0.0296875 0.10277777777777777
0 0.225390625 0.35555555555555557 0.02109375 0.07222222222222222
0 0.2859375 0.3020833333333333 0.015625 0.04861111111111111
3 0.52578125 0.5013888888888889 0.125 0.3194444444444444
