0 0.184765625 0.6513888888888889 0.05546875 0.19166666666666668
0 0.108203125 0.3284722222222222 0.02265625 0.0875
0 0.15234375 0.3145833333333333 0.0234375 0.08472222222222223
0 0.169921875 0.40208333333333335 0.02734375 0.10972222222222222
0 0.2015625 0.38055555555555554 0.028125 0.1
0 0.1984375 0.2375 0.0265625 0.05555555555555555
0 0.234765625 0.23541666666666666 0.03046875 0.05138888888888889
0 0.289453125 0.24166666666666667 0.03203125 0.06111111111111111
0 0.37890625 0.25625 0.0390625 0.05694444444444444
0 0.42890625 0.2659722222222222 0.0375 0.0625
1 0.141015625 0.25555555555555554 0.04609375 0.06111111111111111
1 0.437109375 0.51875 0.15703125 0.23194444444444445
1 0.676953125 0.4875 0.08359375 0.2111111111111111
1 0.736328125 0.42986111111111114 0.06796875 0.10972222222222222
