0 0.169140625 0.4666666666666667 0.03203125 0.1527777777777778
0 0.2171875 0.4736111111111111 0.0296875 0.11944444444444445
0 0.240234375 0.5388888888888889 0.04296875 0.15833333333333333
0 0.269921875 0.45416666666666666 0.03828125 0.13055555555555556
0 0.462890625 0.38263888888888886 0.05859375 0.08472222222222223
0 0.39140625 0.2465277777777778 0.0359375 0.059722222222222225
0 0.34609375 0.2513888888888889 0.034375 0.05277777777777778
0 0.298046875 0.2513888888888889 0.03203125 0.05
0 0.27890625 0.24375 0.028125 0.05416666666666667
0 0.143359375 0.3138888888888889 0.01640625 0.08333333333333333
0 0.12890625 0.2701388888888889 0.0171875 0.05138888888888889
1 0.222265625 0.30694444444444446 0.06953125 0.09722222222222222
1 0.1921875 0.22916666666666666 0.0390625 0.05555555555555555
1 0.14375 0.23472222222222222 0.028125 0.06111111111111111
1 0.3703125 0.36736111111111114 0.0921875 0.09861111111111111
1 0.374609375 0.45 0.11796875 0.14444444444444443
1 0.45546875 0.6972222222222222 0.1890625 0.2916666666666667
1 0.555859375 0.49444444444444446 0.13359375 0.17777777777777778
1 0.789453125 0.8451388888888889 0.26796875 0.30972222222222223
