0 0.386328125 0.47708333333333336 0.05703125 0.10694444444444444
0 0.659765625 0.3423611111111111 0.02109375 0.0875
0 0.37734375 0.33958333333333335 0.0203125 0.09027777777777778
0 0.3171875 0.32916666666666666 0.0203125 0.09166666666666666
0 0.594140625 0.4486111111111111 0.03046875 0.11666666666666667
0 0.541796875 0.24375 0.01328125 0.0625
0 0.6140625 0.2569444444444444 0.0171875 0.07222222222222222
0 0.285546875 0.34375 0.02421875 0.0875
0 0.2140625 0.37083333333333335 0.0515625 0.09444444444444444
0 0.328515625 0.5576388888888889 0.06015625 0.11527777777777778
0 0.346875 0.33611111111111114 0.0171875 0.08611111111111111
0 0.970703125 0.7826388888888889 0.04921875 0.16527777777777777
0 0.59609375 0.2826388888888889 0.0140625 0.07361111111111111
0 0.43125 0.3013888888888889 0.0125 0.075
0 0.533984375 0.41041666666666665 0.05390625 0.08472222222222223
0 0.41015625 0.29375 0.0203125 0.06805555555555555
0 0.580859375 0.24375 0.01484375 0.05694444444444444
0 0.009765625 0.3375 0.01796875 0.08333333333333333
1 0.260546875 0.4618055555555556 0.15234375 0.12083333333333333
1 0.901171875 0.5173611111111112 0.16328125 0.15694444444444444
1 0.4953125 0.36527777777777776 0.078125 0.10277777777777777
1 0.050390625 0.4777777777777778 0.10078125 0.10277777777777777
