0 0.63515625 0.8701388888888889 0.0734375 0.21805555555555556
0 0.75 0.7659722222222223 0.046875 0.19305555555555556
0 0.778125 0.60625 0.0296875 0.12916666666666668
0 0.815625 0.5513888888888889 0.0234375 0.1
0 0.836328125 0.5083333333333333 0.01796875 0.075
3 0.7671875 0.4652777777777778 0.0203125 0.06944444444444445
0 0.441015625 0.5180555555555556 0.03671875 0.10833333333333334
0 0.378515625 0.49027777777777776 0.04140625 0.10555555555555556
1 0.55078125 0.7236111111111111 0.2015625 0.2388888888888889
1 0.290625 0.6854166666666667 0.2765625 0.3236111111111111
3 0.68359375 0.48819444444444443 0.1515625 0.26805555555555555
3 0.55234375 0.4736111111111111 0.2046875 0.26666666666666666
0 0.231640625 0.58125 0.05078125 0.09583333333333334
0 0.930078125 0.8951388888888889 0.06015625 0.11527777777777778
0 0.91796875 0.8395833333333333 0.0578125 0.09861111111111111
1 0.784765625 0.44375 0.03359375 0.06527777777777778
0 0.7765625 0.39305555555555555 0.0125 0.044444444444444446
0 0.909375 0.5430555555555555 0.0265625 0.1
