0 0.12421875 0.6194444444444445 0.05625 0.17777777777777778
0 0.08984375 0.4666666666666667 0.0375 0.125
0 0.277734375 0.4791666666666667 0.03828125 0.1361111111111111
0 0.41171875 0.7208333333333333 0.065625 0.24444444444444444
0 0.44296875 0.3875 0.0703125 0.1111111111111111
0 0.146875 0.29930555555555555 0.0234375 0.07916666666666666
0 0.433203125 0.26319444444444445 0.02890625 0.05694444444444444
0 0.473828125 0.24722222222222223 0.03828125 0.07222222222222222
1 0.084375 0.25833333333333336 0.0328125 0.06944444444444445
1 0.20546875 0.2326388888888889 0.053125 0.06527777777777778
1 0.2453125 0.27847222222222223 0.053125 0.0763888888888889
1 0.291015625 0.3541666666666667 0.07421875 0.11388888888888889
1 0.569140625 0.6076388888888888 0.18515625 0.23194444444444445
