0 0.441015625 0.8277777777777777 0.04296875 0.2361111111111111
0 0.258203125 0.8555555555555555 0.03671875 0.1361111111111111
0 0.321484375 0.6416666666666667 0.03359375 0.10555555555555556
0 0.364453125 0.5458333333333333 0.01953125 0.075
1 0.418359375 0.51875 0.06015625 0.11805555555555555
0 0.574609375 0.5472222222222223 0.02109375 0.07222222222222222
0 0.596484375 0.5548611111111111 0.02265625 0.0763888888888889
0 0.46484375 0.48055555555555557 0.0203125 0.06944444444444445
0 0.51640625 0.4465277777777778 0.01875 0.059722222222222225
0 0.500390625 0.4131944444444444 0.01328125 0.04583333333333333
0 0.453515625 0.42777777777777776 0.01015625 0.03611111111111111
