1 0.3140625 0.3597222222222222 0.04375 0.08888888888888889
2 0.2703125 0.5763888888888888 0.096875 0.24444444444444444
3 0.481640625 0.30833333333333335 0.06484375 0.14444444444444443
0 0.4671875 0.8076388888888889 0.084375 0.11805555555555555
0 0.099609375 0.6243055555555556 0.03359375 0.10416666666666667
0 0.055078125 0.6027777777777777 0.02890625 0.10833333333333334
0 0.181640625 0.4409722222222222 0.02890625 0.0763888888888889
0 0.216015625 0.3541666666666667 0.01796875 0.05277777777777778
0 0.2625 0.35555555555555557 0.025 0.06111111111111111
0 0.273046875 0.29930555555555555 0.01640625 0.043055555555555555
2 0.38515625 0.25 0.03125 0.06944444444444445
3 0.3375 0.2611111111111111 0.0328125 0.08611111111111111
0 0.591796875 0.28125 0.01484375 0.05694444444444444
0 0.56953125 0.24791666666666667 0.0140625 0.043055555555555555
