0 0.313671875 0.7229166666666667 0.10078125 0.22361111111111112
0 0.440234375 0.5576388888888889 0.05390625 0.12361111111111112
0 0.1171875 0.7479166666666667 0.103125 0.19583333333333333
0 0.519921875 0.5173611111111112 0.04453125 0.11527777777777778
0 0.73046875 0.41875 0.01875 0.06805555555555555
0 0.637109375 0.46458333333333335 0.02890625 0.09305555555555556
0 0.8203125 0.45 0.01875 0.06666666666666667
0 0.71328125 0.4097222222222222 0.0171875 0.06111111111111111
0 0.58046875 0.5423611111111111 0.04375 0.12361111111111112
0 0.859765625 0.4583333333333333 0.01796875 0.06666666666666667
0 0.594921875 0.46597222222222223 0.02734375 0.07916666666666666
0 0.451171875 0.49166666666666664 0.02890625 0.09444444444444444
0 0.747265625 0.38472222222222224 0.01328125 0.058333333333333334
0 0.80859375 0.41180555555555554 0.0140625 0.05416666666666667
0 0.83046875 0.42916666666666664 0.0109375 0.05277777777777778
