0 0.541796875 0.29791666666666666 0.01640625 0.0763888888888889
0 0.15859375 0.43333333333333335 0.0546875 0.09444444444444444
0 0.683203125 0.35555555555555557 0.02265625 0.09166666666666666
0 0.612890625 0.2861111111111111 0.01640625 0.075
0 0.560546875 0.4423611111111111 0.05546875 0.10416666666666667
0 0.96328125 0.6854166666666667 0.046875 0.1597222222222222
0 0.321875 0.2965277777777778 0.025 0.07361111111111111
0 0.08125 0.3645833333333333 0.0515625 0.07361111111111111
0 0.87578125 0.5986111111111111 0.0390625 0.11666666666666667
0 0.42421875 0.29444444444444445 0.021875 0.075
0 0.399609375 0.2881944444444444 0.01953125 0.07916666666666666
0 0.44609375 0.30833333333333335 0.0203125 0.07222222222222222
0 0.340625 0.2847222222222222 0.01875 0.07777777777777778
0 0.51875 0.24375 0.0125 0.059722222222222225
0 0.497265625 0.28541666666666665 0.01640625 0.0625
0 0.369921875 0.29583333333333334 0.02109375 0.07222222222222222
0 0.809375 0.42430555555555555 0.03125 0.09027777777777778
0 0.571875 0.225 0.0171875 0.05277777777777778
0 0.58984375 0.26805555555555555 0.0125 0.06388888888888888
0 0.8625 0.42569444444444443 0.04375 0.0875
1 0.887890625 0.5208333333333334 0.16796875 0.11666666666666667
1 0.033984375 0.50625 0.06015625 0.12361111111111112
1 0.4640625 0.39444444444444443 0.090625 0.12222222222222222
1 0.528125 0.18680555555555556 0.021875 0.04861111111111111
1 0.307421875 0.4409722222222222 0.10546875 0.12083333333333333
