0 0.778125 0.475 0.021875 0.08333333333333333
0 0.69140625 0.6013888888888889 0.040625 0.14166666666666666
0 0.1171875 0.7256944444444444 0.09375 0.20972222222222223
0 0.70859375 0.42430555555555555 0.01875 0.06805555555555555
0 0.060546875 0.8666666666666667 0.12109375 0.25555555555555554
0 0.74765625 0.40555555555555556 0.0171875 0.058333333333333334
0 0.62890625 0.45902777777777776 0.0328125 0.09583333333333334
2 0.83359375 0.5055555555555555 0.0609375 0.12777777777777777
0 0.773046875 0.38263888888888886 0.01484375 0.04861111111111111
0 0.791015625 0.42777777777777776 0.01640625 0.06388888888888888
0 0.82578125 0.42777777777777776 0.01875 0.041666666666666664
0 0.80625 0.4076388888888889 0.0140625 0.05416666666666667
