0 0.330859375 0.5916666666666667 0.03515625 0.1527777777777778
0 0.705859375 0.5361111111111111 0.03046875 0.125
0 0.855859375 0.6895833333333333 0.04921875 0.15416666666666667
0 0.19921875 0.6451388888888889 0.034375 0.15416666666666667
0 0.375390625 0.4354166666666667 0.02734375 0.13472222222222222
0 0.744140625 0.5076388888888889 0.03359375 0.12638888888888888
0 0.74609375 0.7006944444444444 0.078125 0.15694444444444444
0 0.337109375 0.3715277777777778 0.02265625 0.10138888888888889
0 0.1140625 0.6333333333333333 0.034375 0.15
0 0.251953125 0.6569444444444444 0.03359375 0.15833333333333333
0 0.294140625 0.4375 0.02578125 0.10833333333333334
0 0.05859375 0.5715277777777777 0.0375 0.12083333333333333
0 0.239453125 0.5361111111111111 0.03046875 0.13333333333333333
0 0.69921875 0.3680555555555556 0.028125 0.09444444444444444
0 0.2390625 0.8798611111111111 0.0484375 0.19583333333333333
0 0.829296875 0.6159722222222223 0.03828125 0.11805555555555555
0 0.13359375 0.9340277777777778 0.059375 0.13194444444444445
0 0.50859375 0.4375 0.0375 0.10555555555555556
0 0.027734375 0.51875 0.03359375 0.10416666666666667
0 0.28125 0.575 0.028125 0.14166666666666666
0 0.66171875 0.30833333333333335 0.025 0.07777777777777778
0 0.371484375 0.32430555555555557 0.01796875 0.08194444444444444
0 0.534765625 0.4125 0.02734375 0.10277777777777777
0 0.031640625 0.9194444444444444 0.04453125 0.15
0 0.080859375 0.36527777777777776 0.05078125 0.06944444444444445
0 0.05703125 0.46597222222222223 0.0578125 0.09861111111111111
0 0.751953125 0.4083333333333333 0.02890625 0.1
0 0.362890625 0.2701388888888889 0.01484375 0.0763888888888889
0 0.720703125 0.40902777777777777 0.03515625 0.09305555555555556
0 0.353125 0.23125 0.01875 0.0625
0 0.010546875 0.34097222222222223 0.02109375 0.08472222222222223
0 0.9265625 0.4798611111111111 0.059375 0.09305555555555556
0 0.573828125 0.21458333333333332 0.01953125 0.05138888888888889
0 0.603125 0.22430555555555556 0.0171875 0.05694444444444444
1 0.54296875 0.9083333333333333 0.18125 0.18333333333333332
1 0.466796875 0.65 0.13828125 0.17777777777777778
1 0.527734375 0.22777777777777777 0.03671875 0.06388888888888888
3 0.61875 0.40902777777777777 0.1078125 0.2152777777777778
