0 0.767578125 0.8722222222222222 0.07890625 0.2111111111111111
0 0.723828125 0.39652777777777776 0.01640625 0.05694444444444444
0 0.69609375 0.41944444444444445 0.0171875 0.06111111111111111
0 0.026171875 0.7368055555555556 0.05234375 0.23472222222222222
0 0.827734375 0.5548611111111111 0.03046875 0.10972222222222222
0 0.301953125 0.5305555555555556 0.05859375 0.08888888888888889
0 0.652734375 0.4097222222222222 0.01796875 0.044444444444444446
1 0.74375 0.5041666666666667 0.05625 0.11388888888888889
3 0.444140625 0.7388888888888889 0.35859375 0.45555555555555555
0 0.80859375 0.45 0.0234375 0.08055555555555556
0 0.790625 0.4576388888888889 0.0203125 0.059722222222222225
0 0.93671875 0.8868055555555555 0.0796875 0.1125
0 0.91796875 0.8381944444444445 0.0609375 0.1125
0 0.254296875 0.6819444444444445 0.03984375 0.1527777777777778
2 0.541796875 0.4652777777777778 0.16015625 0.14166666666666666
3 0.6640625 0.5444444444444444 0.14375 0.25277777777777777
0 0.8234375 0.4673611111111111 0.0296875 0.05138888888888889
0 0.85859375 0.47152777777777777 0.021875 0.06805555555555555
0 0.9140625 0.5819444444444445 0.0328125 0.11388888888888889
0 0.7625 0.4340277777777778 0.040625 0.0625
