0 0.573046875 0.8868055555555555 0.05234375 0.2263888888888889
0 0.601953125 0.8083333333333333 0.04140625 0.2111111111111111
0 0.3921875 0.6638888888888889 0.0421875 0.15833333333333333
0 0.26015625 0.8729166666666667 0.046875 0.15694444444444444
0 0.519140625 0.5409722222222222 0.02421875 0.10416666666666667
0 0.575390625 0.5465277777777777 0.02421875 0.07916666666666666
0 0.462109375 0.49027777777777776 0.02109375 0.09166666666666666
0 0.4421875 0.4701388888888889 0.01875 0.0763888888888889
0 0.517578125 0.47291666666666665 0.01953125 0.059722222222222225
0 0.319140625 0.6423611111111112 0.03515625 0.10694444444444444
