0 0.727734375 0.5625 0.03515625 0.12777777777777777
0 0.33203125 0.32916666666666666 0.01875 0.08888888888888889
0 0.69765625 0.4513888888888889 0.0265625 0.10277777777777777
0 0.3625 0.38125 0.0234375 0.09305555555555556
0 0.70859375 0.7395833333333334 0.040625 0.1597222222222222
0 0.12265625 0.7944444444444444 0.0515625 0.19166666666666668
0 0.39375 0.27291666666666664 0.0140625 0.0763888888888889
0 0.511328125 0.3090277777777778 0.02734375 0.07916666666666666
0 0.813671875 0.7951388888888888 0.03984375 0.16805555555555557
0 0.34609375 0.2423611111111111 0.015625 0.06527777777777778
0 0.226953125 0.7666666666666667 0.04140625 0.19166666666666668
0 0.748046875 0.4395833333333333 0.02734375 0.10694444444444444
0 0.71640625 0.3854166666666667 0.0265625 0.09305555555555556
0 0.83046875 0.64375 0.0328125 0.1375
0 0.015234375 0.4930555555555556 0.03046875 0.10555555555555556
0 0.67578125 0.32916666666666666 0.021875 0.08055555555555556
0 0.646484375 0.5583333333333333 0.02890625 0.12777777777777777
0 0.01484375 0.6736111111111112 0.0296875 0.1361111111111111
0 0.566796875 0.25763888888888886 0.01953125 0.059722222222222225
0 0.64921875 0.45069444444444445 0.0234375 0.10972222222222222
0 0.847265625 0.5881944444444445 0.03046875 0.12361111111111112
0 0.830859375 0.47847222222222224 0.06171875 0.09305555555555556
0 0.78359375 0.5611111111111111 0.040625 0.13055555555555556
0 0.899609375 0.6020833333333333 0.03203125 0.11805555555555555
0 0.081640625 0.36527777777777776 0.05234375 0.075
0 0.423046875 0.24166666666666667 0.01328125 0.06111111111111111
0 0.652734375 0.3951388888888889 0.02265625 0.09305555555555556
0 0.269140625 0.9486111111111111 0.04296875 0.10277777777777777
0 0.699609375 0.2875 0.02578125 0.075
0 0.7984375 0.5347222222222222 0.03125 0.11666666666666667
0 0.9328125 0.48055555555555557 0.0765625 0.09722222222222222
0 0.652734375 0.35347222222222224 0.02109375 0.08194444444444444
0 0.01015625 0.33819444444444446 0.01875 0.09027777777777778
1 0.524609375 0.24513888888888888 0.03828125 0.07361111111111111
1 0.4578125 0.2263888888888889 0.0296875 0.06666666666666667
1 0.42265625 0.7284722222222222 0.0859375 0.25972222222222224
1 0.552734375 0.4888888888888889 0.06171875 0.16666666666666666
3 0.60625 0.3111111111111111 0.0625 0.15
