0 0.576953125 0.8243055555555555 0.04609375 0.19305555555555556
0 0.550390625 0.6881944444444444 0.03515625 0.1597222222222222
0 0.43046875 0.7826388888888889 0.040625 0.20416666666666666
0 0.261328125 0.8715277777777778 0.03984375 0.15416666666666667
0 0.21796875 0.9076388888888889 0.04375 0.1486111111111111
0 0.44921875 0.5652777777777778 0.0265625 0.125
0 0.55078125 0.5305555555555556 0.01875 0.10277777777777777
0 0.49140625 0.5326388888888889 0.0234375 0.09861111111111111
0 0.5109375 0.5055555555555555 0.0171875 0.07222222222222222
0 0.362890625 0.5444444444444444 0.01953125 0.05555555555555555
