0 0.9203125 0.60625 0.0140625 0.06805555555555555
0 0.669921875 0.7222222222222222 0.03359375 0.11944444444444445
0 0.76640625 0.6291666666666667 0.03125 0.08333333333333333
0 0.76484375 0.7361111111111112 0.034375 0.1388888888888889
0 0.673828125 0.6111111111111112 0.03203125 0.1
0 0.60234375 0.5826388888888889 0.040625 0.09027777777777778
0 0.559765625 0.9229166666666667 0.06328125 0.15416666666666667
0 0.233203125 0.7222222222222222 0.06015625 0.12777777777777777
1 0.53984375 0.8194444444444444 0.134375 0.16944444444444445
1 0.423828125 0.7666666666666667 0.15546875 0.19444444444444445
