0 0.92265625 0.6041666666666666 0.025 0.06944444444444445
0 0.84140625 0.6527777777777778 0.0265625 0.1111111111111111
0 0.74375 0.775 0.0390625 0.1527777777777778
0 0.5984375 0.6701388888888888 0.025 0.11527777777777778
0 0.601171875 0.55 0.02421875 0.08888888888888889
0 0.5734375 0.5284722222222222 0.025 0.0875
0 0.647265625 0.5590277777777778 0.02734375 0.09583333333333334
0 0.692578125 0.54375 0.01953125 0.08194444444444444
0 0.71328125 0.5576388888888889 0.01875 0.08472222222222223
0 0.751953125 0.5722222222222222 0.02734375 0.09166666666666666
0 0.641015625 0.925 0.04765625 0.15
0 0.3984375 0.9305555555555556 0.0578125 0.1388888888888889
1 0.45 0.7416666666666667 0.134375 0.14722222222222223
