1 0.34609375 0.2673611111111111 0.03125 0.05416666666666667
0 0.276171875 0.31666666666666665 0.01328125 0.06388888888888888
0 0.6875 0.4173611111111111 0.0234375 0.09861111111111111
0 0.7625 0.5472222222222223 0.034375 0.125
0 0.8578125 0.71875 0.065625 0.13194444444444445
0 0.895703125 0.8569444444444444 0.06015625 0.20277777777777778
0 0.78359375 0.8354166666666667 0.0546875 0.1875
3 0.9140625 0.2986111111111111 0.171875 0.2
3 0.521484375 0.3611111111111111 0.10859375 0.2833333333333333
1 0.791015625 0.2916666666666667 0.08671875 0.075
