0 0.801171875 0.5055555555555555 0.01953125 0.07777777777777778
0 0.74609375 0.7659722222222223 0.0578125 0.1986111111111111
0 0.780078125 0.5881944444444445 0.03046875 0.11527777777777778
0 0.820703125 0.5756944444444444 0.02578125 0.10694444444444444
0 0.829296875 0.4888888888888889 0.01796875 0.06666666666666667
0 0.015234375 0.7805555555555556 0.03046875 0.175
1 0.480078125 0.8055555555555556 0.25234375 0.2972222222222222
1 0.52421875 0.53125 0.1 0.1763888888888889
3 0.66328125 0.49444444444444446 0.1828125 0.28055555555555556
3 0.2921875 0.6263888888888889 0.321875 0.425
0 0.93515625 0.8826388888888889 0.06875 0.09027777777777778
0 0.9140625 0.8333333333333334 0.0515625 0.10555555555555556
0 0.906640625 0.5375 0.02265625 0.07777777777777778
0 0.779296875 0.5305555555555556 0.02734375 0.07777777777777778
3 0.7578125 0.46319444444444446 0.0203125 0.09861111111111111
0 0.775390625 0.3958333333333333 0.01171875 0.04722222222222222
0 0.76796875 0.37777777777777777 0.0109375 0.044444444444444446
0 0.553515625 0.4222222222222222 0.03671875 0.05277777777777778
