0 0.26015625 0.8597222222222223 0.0328125 0.12777777777777777
0 0.32109375 0.6402777777777777 0.025 0.09444444444444444
0 0.48359375 0.5555555555555556 0.025 0.09722222222222222
0 0.457421875 0.5666666666666667 0.01953125 0.09722222222222222
0 0.573828125 0.5465277777777777 0.02109375 0.07083333333333333
0 0.47265625 0.45902777777777776 0.0140625 0.059722222222222225
0 0.494140625 0.44722222222222224 0.01953125 0.05555555555555555
0 0.451953125 0.4215277777777778 0.01640625 0.04583333333333333
0 0.49140625 0.3951388888888889 0.0109375 0.0375
0 0.464453125 0.3798611111111111 0.01015625 0.0375
