0 0.760546875 0.8680555555555556 0.05390625 0.18333333333333332
0 0.8 0.7708333333333334 0.0421875 0.19166666666666668
0 0.80703125 0.5902777777777778 0.0328125 0.1388888888888889
0 0.68046875 0.6194444444444445 0.0359375 0.16111111111111112
0 0.3796875 0.45 0.0234375 0.1111111111111111
0 0.269140625 0.3729166666666667 0.02421875 0.10138888888888889
0 0.332421875 0.4111111111111111 0.01796875 0.1
0 0.634375 0.45555555555555555 0.025 0.11666666666666667
0 0.25859375 0.5319444444444444 0.028125 0.14166666666666666
0 0.36796875 0.5625 0.03125 0.14166666666666666
0 0.35390625 0.3645833333333333 0.0171875 0.0875
0 0.60390625 0.38055555555555554 0.0390625 0.08888888888888889
0 0.301171875 0.38055555555555554 0.01796875 0.09444444444444444
0 0.415625 0.36527777777777776 0.015625 0.09444444444444444
0 0.018359375 0.38125 0.03359375 0.08472222222222223
0 0.683203125 0.5326388888888889 0.03359375 0.12083333333333333
0 0.0640625 0.39791666666666664 0.05625 0.09305555555555556
0 0.719921875 0.4965277777777778 0.02578125 0.12361111111111112
0 0.3921875 0.37916666666666665 0.0171875 0.09722222222222222
0 0.791796875 0.5173611111111112 0.02734375 0.10694444444444444
0 0.6359375 0.25833333333333336 0.0171875 0.06944444444444445
0 0.91953125 0.89375 0.0765625 0.1486111111111111
0 0.91640625 0.6854166666666667 0.071875 0.14027777777777778
0 0.41875 0.2847222222222222 0.0140625 0.06944444444444445
0 0.986328125 0.8527777777777777 0.02265625 0.14166666666666666
0 0.633203125 0.3770833333333333 0.02890625 0.08472222222222223
0 0.5640625 0.175 0.0171875 0.05277777777777778
0 0.393359375 0.32569444444444445 0.01640625 0.08194444444444444
0 0.9625 0.7006944444444444 0.0453125 0.13472222222222222
0 0.940234375 0.8111111111111111 0.06171875 0.13055555555555556
1 0.45625 0.29930555555555555 0.0390625 0.09305555555555556
0 0.9078125 0.9548611111111112 0.065625 0.09027777777777778
