0 0.514453125 0.8138888888888889 0.05234375 0.2222222222222222
0 0.434375 0.8673611111111111 0.0375 0.2375
0 0.38984375 0.8173611111111111 0.0421875 0.20972222222222223
0 0.25859375 0.8729166666666667 0.0390625 0.15694444444444444
0 0.221875 0.9131944444444444 0.034375 0.1597222222222222
0 0.322265625 0.6465277777777778 0.02890625 0.10972222222222222
0 0.36328125 0.5430555555555555 0.0203125 0.075
0 0.4953125 0.5291666666666667 0.028125 0.09444444444444444
0 0.4625 0.4652777777777778 0.015625 0.06666666666666667
0 0.48515625 0.41388888888888886 0.0125 0.04722222222222222
