0 0.533984375 0.75625 0.05703125 0.19305555555555556
0 0.29140625 0.8875 0.10625 0.2
0 0.430859375 0.5736111111111111 0.05234375 0.1388888888888889
0 0.645703125 0.8 0.06328125 0.2
0 0.757421875 0.59375 0.03515625 0.12361111111111112
0 0.550390625 0.4534722222222222 0.02890625 0.08472222222222223
0 0.73359375 0.39444444444444443 0.01875 0.06111111111111111
0 0.81875 0.4597222222222222 0.021875 0.075
0 0.85234375 0.4701388888888889 0.0125 0.06527777777777778
1 0.797265625 0.4222222222222222 0.02578125 0.06666666666666667
