0 0.376953125 0.5763888888888888 0.05703125 0.14166666666666666
0 0.580078125 0.7861111111111111 0.05546875 0.21944444444444444
0 0.751953125 0.6868055555555556 0.03671875 0.16527777777777777
0 0.457421875 0.5055555555555555 0.04140625 0.10833333333333334
0 0.807421875 0.5854166666666667 0.02578125 0.1125
0 0.767578125 0.5625 0.02734375 0.1
0 0.587890625 0.5027777777777778 0.04140625 0.11388888888888889
0 0.852734375 0.5451388888888888 0.02265625 0.0875
0 0.698046875 0.73125 0.04140625 0.1763888888888889
0 0.48046875 0.5743055555555555 0.0515625 0.13472222222222222
0 0.51796875 0.5326388888888889 0.04375 0.1125
0 0.83515625 0.5375 0.0203125 0.08611111111111111
0 0.244921875 0.5743055555555555 0.06015625 0.14583333333333334
0 0.6890625 0.6 0.0421875 0.14722222222222223
0 0.657421875 0.47291666666666665 0.02578125 0.0875
0 0.641015625 0.4375 0.02109375 0.075
0 0.79765625 0.5361111111111111 0.0234375 0.08888888888888889
0 0.721875 0.3909722222222222 0.015625 0.05694444444444444
0 0.69140625 0.39375 0.0171875 0.05416666666666667
0 0.808984375 0.48541666666666666 0.01796875 0.07361111111111111
3 0.7609375 0.4305555555555556 0.0796875 0.1388888888888889
0 0.87265625 0.5645833333333333 0.01875 0.10972222222222222
0 0.83203125 0.48125 0.015625 0.059722222222222225
