0 0.434375 0.5888888888888889 0.0671875 0.12777777777777777
0 0.228125 0.5194444444444445 0.0625 0.10555555555555556
0 0.65078125 0.4340277777777778 0.05625 0.09305555555555556
0 0.377734375 0.3368055555555556 0.01953125 0.09027777777777778
0 0.274609375 0.35555555555555557 0.02578125 0.09166666666666666
0 0.346875 0.3368055555555556 0.0171875 0.09027777777777778
0 0.559375 0.47708333333333336 0.0328125 0.12361111111111112
0 0.54609375 0.27361111111111114 0.0140625 0.05277777777777778
0 0.63046875 0.30277777777777776 0.01875 0.08333333333333333
0 0.59453125 0.31319444444444444 0.01875 0.0875
0 0.31484375 0.32916666666666666 0.0234375 0.09166666666666666
0 0.66953125 0.38055555555555554 0.025 0.08888888888888889
0 0.433203125 0.29930555555555555 0.02109375 0.07361111111111111
0 0.4796875 0.2951388888888889 0.021875 0.0625
0 0.9875 0.8118055555555556 0.021875 0.12916666666666668
0 0.698828125 0.2881944444444444 0.02734375 0.07083333333333333
0 0.566796875 0.18472222222222223 0.01328125 0.05
0 0.413671875 0.29583333333333334 0.01171875 0.05555555555555555
1 0.83203125 0.50625 0.171875 0.12638888888888888
1 0.44140625 0.3993055555555556 0.0953125 0.09583333333333334
1 0.172265625 0.475 0.15078125 0.11388888888888889
