0 0.5765625 0.7402777777777778 0.0359375 0.175
0 0.257421875 0.8680555555555556 0.03359375 0.15
0 0.2203125 0.9104166666666667 0.0375 0.15138888888888888
0 0.319921875 0.6486111111111111 0.02890625 0.10555555555555556
0 0.3640625 0.5423611111111111 0.01875 0.06527777777777778
0 0.440234375 0.5715277777777777 0.02265625 0.10694444444444444
0 0.408203125 0.49722222222222223 0.01953125 0.075
0 0.45078125 0.45555555555555555 0.015625 0.06111111111111111
0 0.500390625 0.47708333333333336 0.01796875 0.07083333333333333
0 0.526171875 0.46944444444444444 0.01640625 0.06666666666666667
