0 0.4796875 0.16111111111111112 0.0375 0.06666666666666667
0 0.370703125 0.33194444444444443 0.03671875 0.1527777777777778
0 0.439453125 0.78125 0.10234375 0.2791666666666667
0 0.4453125 0.4013888888888889 0.053125 0.17222222222222222
0 0.437109375 0.35625 0.04296875 0.15416666666666667
0 0.521875 0.46944444444444444 0.053125 0.175
0 0.653515625 0.4534722222222222 0.04296875 0.14027777777777778
0 0.68046875 0.47708333333333336 0.0421875 0.1597222222222222
0 0.58203125 0.21736111111111112 0.021875 0.07361111111111111
0 0.678515625 0.2326388888888889 0.01796875 0.06805555555555555
0 0.641015625 0.16805555555555557 0.01796875 0.05
0 0.659765625 0.1701388888888889 0.01015625 0.04583333333333333
