0 0.47734375 0.7694444444444445 0.0375 0.18611111111111112
0 0.454296875 0.9284722222222223 0.05703125 0.14305555555555555
0 0.26171875 0.8701388888888889 0.04375 0.15138888888888888
0 0.321875 0.64375 0.0296875 0.09861111111111111
0 0.36484375 0.5458333333333333 0.0203125 0.06944444444444445
0 0.54375 0.5458333333333333 0.0234375 0.08611111111111111
0 0.492578125 0.43194444444444446 0.01015625 0.044444444444444446
0 0.507421875 0.4236111111111111 0.01171875 0.044444444444444446
0 0.467578125 0.4423611111111111 0.01171875 0.05416666666666667
0 0.448828125 0.43333333333333335 0.01484375 0.05555555555555555
