0 0.71875 0.65 0.028125 0.15833333333333333
0 0.45703125 0.5548611111111111 0.0484375 0.12638888888888888
0 0.418359375 0.5173611111111112 0.03359375 0.10694444444444444
0 0.13984375 0.6930555555555555 0.0625 0.20833333333333334
0 0.637890625 0.46875 0.02890625 0.09027777777777778
0 0.686328125 0.4305555555555556 0.01796875 0.07222222222222222
0 0.7671875 0.5923611111111111 0.0296875 0.12361111111111112
0 0.819140625 0.5402777777777777 0.02109375 0.1
0 0.79765625 0.49027777777777776 0.015625 0.075
0 0.830859375 0.4583333333333333 0.01796875 0.06944444444444445
0 0.848828125 0.44583333333333336 0.01171875 0.058333333333333334
0 0.482421875 0.44583333333333336 0.03203125 0.08888888888888889
