0 0.183203125 0.8527777777777777 0.05078125 0.2222222222222222
0 0.227734375 0.6173611111111111 0.03359375 0.16527777777777777
0 0.08125 0.8409722222222222 0.05625 0.23194444444444445
0 0.7078125 0.4798611111111111 0.025 0.11805555555555555
0 0.534765625 0.63125 0.03203125 0.15138888888888888
0 0.550390625 0.28125 0.01796875 0.08194444444444444
0 0.29296875 0.9333333333333333 0.075 0.12777777777777777
0 0.48125 0.7118055555555556 0.05625 0.1625
0 0.328515625 0.4263888888888889 0.02734375 0.11388888888888889
0 0.527734375 0.8951388888888889 0.05859375 0.16805555555555557
0 0.380078125 0.23958333333333334 0.01328125 0.07361111111111111
0 0.587890625 0.2986111111111111 0.01640625 0.08333333333333333
0 0.365234375 0.35 0.02109375 0.08888888888888889
0 0.63515625 0.25833333333333336 0.015625 0.06944444444444445
0 0.335546875 0.35347222222222224 0.02421875 0.0875
0 0.0828125 0.3645833333333333 0.046875 0.07916666666666666
0 0.737890625 0.36527777777777776 0.02734375 0.08611111111111111
0 0.610546875 0.2673611111111111 0.01953125 0.06527777777777778
0 0.823046875 0.5333333333333333 0.03515625 0.09722222222222222
0 0.010546875 0.3388888888888889 0.01953125 0.08055555555555556
1 0.683984375 0.89375 0.15859375 0.19305555555555556
1 0.60625 0.4236111111111111 0.0765625 0.12222222222222222
1 0.391796875 0.4909722222222222 0.07265625 0.15416666666666667
1 0.46328125 0.25763888888888886 0.034375 0.07361111111111111
1 0.504296875 0.5201388888888889 0.08046875 0.16527777777777777
1 0.565234375 0.22708333333333333 0.02578125 0.0625
2 0.876953125 0.7861111111111111 0.24609375 0.42777777777777776
3 0.524609375 0.20347222222222222 0.03984375 0.0875
0 0.43671875 0.8375 0.0671875 0.10555555555555556
0 0.43125 0.9354166666666667 0.128125 0.12916666666666668
