0 0.3 0.5416666666666666 0.04375 0.16944444444444445
0 0.36875 0.5361111111111111 0.0421875 0.15555555555555556
0 0.209375 0.41944444444444445 0.0296875 0.11944444444444445
0 0.16875 0.3368055555555556 0.0234375 0.08194444444444444
0 0.1109375 0.28055555555555556 0.0171875 0.06666666666666667
0 0.089453125 0.2701388888888889 0.01796875 0.05694444444444444
3 0.155078125 0.2625 0.05703125 0.11388888888888889
3 0.652734375 0.3402777777777778 0.13671875 0.12777777777777777
1 0.049609375 0.32083333333333336 0.06796875 0.07777777777777778
1 0.24609375 0.32083333333333336 0.071875 0.09722222222222222
1 0.623828125 0.64375 0.23359375 0.32083333333333336
