3 0.883984375 0.32916666666666666 0.23203125 0.21944444444444444
0 0.54296875 0.2791666666666667 0.0234375 0.075
0 0.333984375 0.34652777777777777 0.02265625 0.06805555555555555
0 0.61875 0.43472222222222223 0.0234375 0.10277777777777777
0 0.698828125 0.4638888888888889 0.02734375 0.10833333333333334
0 0.112890625 0.7354166666666667 0.04453125 0.1597222222222222
0 0.088671875 0.6104166666666667 0.04921875 0.10416666666666667
3 0.23515625 0.6604166666666667 0.171875 0.4597222222222222
3 0.494921875 0.2965277777777778 0.03046875 0.07916666666666666
3 0.465625 0.24166666666666667 0.04375 0.08055555555555556
1 0.6 0.28402777777777777 0.0640625 0.0625
