0 0.428515625 0.6604166666666667 0.04921875 0.10972222222222222
0 0.52421875 0.5854166666666667 0.0296875 0.09305555555555556
0 0.64140625 0.575 0.025 0.1
0 0.698046875 0.5638888888888889 0.02421875 0.08611111111111111
0 0.745703125 0.5555555555555556 0.02890625 0.06388888888888888
0 0.749609375 0.6479166666666667 0.03671875 0.11527777777777778
0 0.828125 0.6340277777777777 0.028125 0.1125
0 0.92109375 0.6215277777777778 0.021875 0.09305555555555556
0 0.687890625 0.7305555555555555 0.02578125 0.12777777777777777
0 0.65234375 0.8444444444444444 0.0359375 0.16111111111111112
0 0.709765625 0.90625 0.04296875 0.16805555555555557
0 0.592578125 0.9555555555555556 0.05234375 0.08888888888888889
1 0.53515625 0.7131944444444445 0.10625 0.14583333333333334
3 0.355078125 0.9083333333333333 0.22109375 0.18333333333333332
3 0.18046875 0.8541666666666666 0.325 0.2916666666666667
