0 0.10703125 0.6041666666666666 0.053125 0.12777777777777777
0 0.12109375 0.4930555555555556 0.053125 0.10277777777777777
0 0.26875 0.40902777777777777 0.0265625 0.10416666666666667
0 0.66875 0.29930555555555555 0.021875 0.07916666666666666
0 0.188671875 0.5986111111111111 0.05078125 0.13055555555555556
0 0.3625 0.42430555555555555 0.028125 0.11805555555555555
0 0.025 0.46805555555555556 0.04375 0.1
0 0.027734375 0.8659722222222223 0.04609375 0.1986111111111111
0 0.629296875 0.2548611111111111 0.01796875 0.0625
0 0.3140625 0.3923611111111111 0.0203125 0.10416666666666667
0 0.330078125 0.43333333333333335 0.02421875 0.10555555555555556
0 0.19765625 0.9472222222222222 0.06875 0.10555555555555556
0 0.084375 0.4083333333333333 0.0546875 0.08055555555555556
0 0.34765625 0.3013888888888889 0.0171875 0.08055555555555556
0 0.16640625 0.5472222222222223 0.046875 0.1111111111111111
0 0.096875 0.36527777777777776 0.053125 0.07222222222222222
1 0.409765625 0.6159722222222223 0.13828125 0.19027777777777777
1 0.53515625 0.9173611111111111 0.1921875 0.16527777777777777
1 0.190234375 0.43472222222222223 0.14609375 0.12222222222222222
1 0.519140625 0.18472222222222223 0.03046875 0.05
3 0.5515625 0.2763888888888889 0.0578125 0.12222222222222222
2 0.410546875 0.3013888888888889 0.07734375 0.19166666666666668
1 0.4546875 0.4423611111111111 0.065625 0.14583333333333334
