0 0.4625 0.49236111111111114 0.0578125 0.10694444444444444
0 0.314453125 0.4930555555555556 0.06484375 0.11388888888888889
0 0.521484375 0.49444444444444446 0.04609375 0.1111111111111111
0 0.391796875 0.4756944444444444 0.05078125 0.09861111111111111
0 0.76171875 0.5451388888888888 0.0671875 0.10694444444444444
0 0.0328125 0.5215277777777778 0.0625 0.10972222222222222
0 0.25390625 0.3951388888888889 0.05625 0.09305555555555556
0 0.557421875 0.26875 0.01328125 0.07083333333333333
0 0.82890625 0.5458333333333333 0.0625 0.10833333333333334
0 0.851171875 0.5013888888888889 0.04609375 0.09722222222222222
0 0.529296875 0.29583333333333334 0.01640625 0.07777777777777778
0 0.589453125 0.23125 0.01640625 0.059722222222222225
0 0.669140625 0.3 0.02265625 0.07222222222222222
0 0.435546875 0.29583333333333334 0.02109375 0.07222222222222222
0 0.493359375 0.32916666666666666 0.02578125 0.08055555555555556
0 0.530859375 0.41388888888888886 0.02890625 0.09722222222222222
0 0.900390625 0.5729166666666666 0.06015625 0.10416666666666667
0 0.722265625 0.5076388888888889 0.04765625 0.10416666666666667
0 0.340234375 0.29305555555555557 0.01328125 0.06944444444444445
0 0.308203125 0.2951388888888889 0.01796875 0.06527777777777778
0 0.380859375 0.22083333333333333 0.01171875 0.03611111111111111
0 0.5171875 0.22847222222222222 0.015625 0.04583333333333333
1 0.037890625 0.6715277777777777 0.07578125 0.1486111111111111
1 0.387109375 0.3701388888888889 0.11328125 0.08194444444444444
1 0.462890625 0.24097222222222223 0.03046875 0.06527777777777778
1 0.415234375 0.22847222222222222 0.03046875 0.059722222222222225
0 0.93203125 0.5368055555555555 0.0421875 0.09861111111111111
1 0.120703125 0.45902777777777776 0.15390625 0.12638888888888888
0 0.369921875 0.3013888888888889 0.01484375 0.058333333333333334
