1 0.40625 0.44375 0.14375 0.19027777777777777
1 0.676171875 0.4576388888888889 0.09453125 0.1375
1 0.3609375 0.2520833333333333 0.0875 0.0763888888888889
1 0.116796875 0.25416666666666665 0.03828125 0.06111111111111111
0 0.26796875 0.4513888888888889 0.0328125 0.13333333333333333
0 0.10859375 0.3055555555555556 0.01875 0.06388888888888888
0 0.11953125 0.3458333333333333 0.01875 0.08055555555555556
0 0.1890625 0.31875 0.0203125 0.09027777777777778
0 0.07890625 0.2611111111111111 0.015625 0.058333333333333334
0 0.147265625 0.24722222222222223 0.01328125 0.058333333333333334
0 0.224609375 0.24444444444444444 0.02421875 0.044444444444444446
0 0.294140625 0.25833333333333336 0.03515625 0.06111111111111111
0 0.64375 0.40625 0.0453125 0.07916666666666666
0 0.73671875 0.49027777777777776 0.0390625 0.12222222222222222
