0 0.413671875 0.2923611111111111 0.03828125 0.12361111111111112
0 0.08125 0.5590277777777778 0.1015625 0.25972222222222224
0 0.321875 0.7368055555555556 0.1015625 0.2875
0 0.537890625 0.6076388888888888 0.06484375 0.2263888888888889
0 0.4390625 0.3472222222222222 0.046875 0.1388888888888889
0 0.50625 0.27569444444444446 0.0328125 0.1125
0 0.54140625 0.28888888888888886 0.0265625 0.10833333333333334
0 0.57890625 0.2520833333333333 0.021875 0.09027777777777778
0 0.619921875 0.2833333333333333 0.02421875 0.08611111111111111
0 0.6328125 0.3486111111111111 0.025 0.10833333333333334
0 0.661328125 0.28402777777777777 0.02578125 0.07916666666666666
0 0.54453125 0.23472222222222222 0.025 0.08611111111111111
0 0.602734375 0.19305555555555556 0.01484375 0.05555555555555555
0 0.627734375 0.1875 0.01484375 0.05277777777777778
0 0.68359375 0.23402777777777778 0.01875 0.06527777777777778
0 0.66015625 0.2326388888888889 0.0203125 0.0625
0 0.651171875 0.18611111111111112 0.01484375 0.044444444444444446
1 0.67890625 0.16041666666666668 0.021875 0.029166666666666667
