0 0.46953125 0.38055555555555554 0.0171875 0.05
0 0.43359375 0.38819444444444445 0.01875 0.05416666666666667
0 0.2375 0.41875 0.01875 0.05138888888888889
1 0.678125 0.42916666666666664 0.0328125 0.06111111111111111
1 0.6203125 0.43194444444444446 0.034375 0.058333333333333334
1 0.40390625 0.44722222222222224 0.034375 0.06111111111111111
1 0.26171875 0.4666666666666667 0.046875 0.06666666666666667
1 0.70625 0.4673611111111111 0.0390625 0.0763888888888889
2 0.493359375 0.46805555555555556 0.05234375 0.09444444444444444
1 0.6328125 0.46805555555555556 0.0359375 0.06944444444444445
1 0.763671875 0.48333333333333334 0.04453125 0.05555555555555555
1 0.166015625 0.5013888888888889 0.04921875 0.06111111111111111
1 0.804296875 0.5256944444444445 0.04921875 0.07361111111111111
1 0.65625 0.5270833333333333 0.0515625 0.08194444444444444
1 0.728515625 0.5305555555555556 0.05390625 0.08611111111111111
1 0.385546875 0.5819444444444445 0.05078125 0.09166666666666666
0 0.209765625 0.6305555555555555 0.02421875 0.08333333333333333
1 0.8890625 0.6569444444444444 0.084375 0.14166666666666666
1 0.791796875 0.6861111111111111 0.06640625 0.125
1 0.1890625 0.7229166666666667 0.084375 0.11527777777777778
1 0.690625 0.7375 0.0828125 0.15833333333333333
1 0.419140625 0.7618055555555555 0.07578125 0.12638888888888888
0 0.794140625 0.7847222222222222 0.03515625 0.12222222222222222
1 0.898046875 0.8777777777777778 0.11484375 0.18888888888888888
1 0.224609375 0.9180555555555555 0.11796875 0.15555555555555556
1 0.7828125 0.9770833333333333 0.1296875 0.04583333333333333