2 0.694140625 0.3388888888888889 0.03828125 0.06388888888888888
0 0.4203125 0.3993055555555556 0.0171875 0.05416666666666667
1 0.73984375 0.43125 0.034375 0.06527777777777778
1 0.444140625 0.46458333333333335 0.03984375 0.07083333333333333
0 0.7875 0.4895833333333333 0.0203125 0.06805555555555555
1 0.64765625 0.5027777777777778 0.05 0.08055555555555556
0 0.72578125 0.5930555555555556 0.0203125 0.08055555555555556
1 0.258203125 0.6298611111111111 0.05546875 0.09305555555555556
0 0.76484375 0.6854166666666667 0.025 0.10416666666666667
0 0.794921875 0.7263888888888889 0.03203125 0.1
3 0.53359375 0.8430555555555556 0.9328125 0.3138888888888889