1 0.607421875 0.41597222222222224 0.07265625 0.10416666666666667
1 0.61796875 0.3284722222222222 0.0625 0.09305555555555556
0 0.185546875 0.48541666666666666 0.03046875 0.11805555555555555
1 0.27265625 0.8840277777777777 0.115625 0.22083333333333333
1 0.901953125 0.8708333333333333 0.17265625 0.24444444444444444
1 0.1078125 0.29583333333333334 0.053125 0.1
0 0.20078125 0.31180555555555556 0.021875 0.08472222222222223
1 0.55 0.35 0.065625 0.10555555555555556
1 0.82265625 0.4305555555555556 0.0859375 0.12222222222222222
1 0.7203125 0.43125 0.09375 0.12638888888888888
1 0.058984375 0.6291666666666667 0.10234375 0.18055555555555555
1 0.544140625 0.24305555555555555 0.04765625 0.06944444444444445
0 0.20078125 0.24444444444444444 0.0203125 0.07222222222222222
1 0.515625 0.2826388888888889 0.053125 0.0763888888888889
0 0.28203125 0.34305555555555556 0.021875 0.09444444444444444
0 0.016015625 0.5506944444444445 0.03203125 0.13472222222222222
1 0.49375 0.18819444444444444 0.04375 0.06527777777777778
1 0.45703125 0.225 0.04375 0.07222222222222222
2 0.694140625 0.54375 0.11484375 0.2125