1 0.4546875 0.14444444444444443 0.03125 0.041666666666666664
1 0.404296875 0.14652777777777778 0.03046875 0.04861111111111111
1 0.015625 0.17708333333333334 0.03125 0.0763888888888889
1 0.442578125 0.17847222222222223 0.03984375 0.05694444444444444
1 0.51171875 0.21180555555555555 0.046875 0.06527777777777778
1 0.475390625 0.23958333333333334 0.05234375 0.08472222222222223
1 0.608203125 0.24375 0.05078125 0.07916666666666666
1 0.684375 0.3 0.0625 0.08611111111111111
1 0.65703125 0.3486111111111111 0.0671875 0.08333333333333333
1 0.775 0.4041666666666667 0.09375 0.13333333333333333
2 0.6109375 0.4270833333333333 0.09375 0.16805555555555557
1 0.912109375 0.5215277777777778 0.10703125 0.13472222222222222
1 0.773046875 0.5270833333333333 0.09140625 0.12916666666666668
1 0.669921875 0.5333333333333333 0.10234375 0.14444444444444443
1 0.265234375 0.5805555555555556 0.16640625 0.1638888888888889
0 0.906640625 0.5833333333333334 0.03984375 0.13055555555555556
0 0.878515625 0.6097222222222223 0.03359375 0.1361111111111111
0 0.8515625 0.6416666666666667 0.0421875 0.14444444444444443
0 0.93828125 0.6604166666666667 0.0453125 0.1486111111111111
1 0.240234375 0.7243055555555555 0.20390625 0.19305555555555556
3 0.63046875 0.7875 0.3046875 0.20277777777777778
3 0.23515625 0.08402777777777778 0.028125 0.06527777777777778
1 0.409765625 0.09791666666666667 0.02578125 0.04027777777777778
1 0.012109375 0.11805555555555555 0.02421875 0.05555555555555555