2 0.675390625 0.31666666666666665 0.03203125 0.058333333333333334
1 0.712890625 0.3909722222222222 0.03046875 0.05694444444444444
0 0.74609375 0.43125 0.0171875 0.0625
1 0.627734375 0.4388888888888889 0.03984375 0.06944444444444445
0 0.39609375 0.4534722222222222 0.01875 0.0625
0 0.707421875 0.5270833333333333 0.01796875 0.07361111111111111
1 0.409375 0.5576388888888889 0.0546875 0.08472222222222223
0 0.73359375 0.6069444444444444 0.0234375 0.08888888888888889
0 0.759765625 0.6486111111111111 0.02890625 0.10277777777777777
1 0.310546875 0.7555555555555555 0.10234375 0.1361111111111111
3 0.6546875 0.8736111111111111 0.690625 0.25277777777777777