1 0.48203125 0.3541666666666667 0.0234375 0.03888888888888889
1 0.285546875 0.4097222222222222 0.03515625 0.05
1 0.699609375 0.43125 0.04296875 0.05416666666666667
0 0.426953125 0.4444444444444444 0.02109375 0.06388888888888888
1 0.630078125 0.4465277777777778 0.03828125 0.0625
1 0.705078125 0.47152777777777777 0.04453125 0.059722222222222225
1 0.753515625 0.4736111111111111 0.04140625 0.05555555555555555
1 0.64453125 0.4951388888888889 0.0453125 0.0763888888888889
1 0.719140625 0.5263888888888889 0.04453125 0.07222222222222222
2 0.83203125 0.5541666666666667 0.0625 0.11388888888888889
1 0.65859375 0.5611111111111111 0.0453125 0.075
1 0.752734375 0.5645833333333333 0.05390625 0.09305555555555556
1 0.676953125 0.6319444444444444 0.05546875 0.1
1 0.86875 0.6416666666666667 0.0578125 0.09166666666666666
1 0.798046875 0.6569444444444444 0.07109375 0.10833333333333334
1 0.932421875 0.7208333333333333 0.09296875 0.15
0 0.20390625 0.7451388888888889 0.034375 0.10972222222222222
1 0.837109375 0.7604166666666666 0.08984375 0.13472222222222222
1 0.72734375 0.7715277777777778 0.0890625 0.1736111111111111
0 0.1984375 0.8513888888888889 0.034375 0.12777777777777777
1 0.982421875 0.8979166666666667 0.03359375 0.19583333333333333
0 0.18671875 0.94375 0.040625 0.1125