3 0.234765625 0.14791666666666667 0.03828125 0.08472222222222223
1 0.022265625 0.20416666666666666 0.04453125 0.07222222222222222
1 0.620703125 0.24375 0.05078125 0.07083333333333333
1 0.596484375 0.29444444444444445 0.06328125 0.08333333333333333
1 0.03515625 0.3159722222222222 0.059375 0.11527777777777778
1 0.706640625 0.33958333333333335 0.07578125 0.12361111111111112
2 0.610546875 0.4270833333333333 0.09609375 0.17083333333333334
1 0.73359375 0.47847222222222224 0.084375 0.12361111111111112
1 0.91171875 0.5118055555555555 0.109375 0.1375
1 0.67109375 0.5333333333333333 0.10625 0.14166666666666666
0 0.86328125 0.5409722222222222 0.0359375 0.10972222222222222
0 0.835546875 0.5625 0.03203125 0.12222222222222222
0 0.81171875 0.59375 0.0359375 0.1375
0 0.91640625 0.6284722222222222 0.046875 0.14027777777777778
3 0.193359375 0.06944444444444445 0.03984375 0.08888888888888889
1 0.92890625 0.83125 0.1421875 0.1875