1 0.01328125 0.1451388888888889 0.0265625 0.07083333333333333
1 0.4140625 0.16041666666666668 0.0296875 0.04583333333333333
1 0.46953125 0.16180555555555556 0.03125 0.04861111111111111
1 0.45390625 0.20069444444444445 0.034375 0.05694444444444444
1 0.53046875 0.23333333333333334 0.0484375 0.07222222222222222
1 0.62734375 0.2569444444444444 0.059375 0.07777777777777778
1 0.496875 0.2722222222222222 0.0546875 0.08888888888888889
1 0.703515625 0.31527777777777777 0.06640625 0.07777777777777778
1 0.66171875 0.36041666666666666 0.0703125 0.09861111111111111
1 0.79296875 0.4263888888888889 0.0953125 0.13333333333333333
2 0.61171875 0.4270833333333333 0.09375 0.1625
1 0.710546875 0.4340277777777778 0.08359375 0.1125
3 0.1734375 0.5127361111111112 0.1171875 0.15138888888888888
1 0.928515625 0.53125 0.12109375 0.12638888888888888
1 0.671875 0.5326388888888889 0.1046875 0.14305555555555555
1 0.795703125 0.5520833333333334 0.09921875 0.14305555555555555
1 0.057421875 0.60625 0.11484375 0.15694444444444444
0 0.987109375 0.6625 0.02578125 0.14722222222222223
3 0.234765625 0.06736111111111111 0.02421875 0.059722222222222225
3 0.3421875 0.6738472222222223 0.2109375 0.19027777777777777
0 0.969140625 0.7 0.04296875 0.15
0 0.89375 0.7027777777777777 0.04375 0.15833333333333333
0 0.2171875 0.8354166666666667 0.0484375 0.18194444444444444
1 0.425390625 0.11597222222222223 0.02890625 0.04583333333333333