1 0.64609375 0.35 0.025 0.03333333333333333
2 0.714453125 0.3659722222222222 0.04296875 0.07361111111111111
1 0.46328125 0.40347222222222223 0.0296875 0.04583333333333333
1 0.677734375 0.41041666666666665 0.03046875 0.05138888888888889
0 0.74765625 0.41875 0.0171875 0.05694444444444444
1 0.7703125 0.47638888888888886 0.04375 0.075
1 0.26328125 0.5333333333333333 0.0484375 0.07777777777777778
0 0.8359375 0.5611111111111111 0.025 0.08888888888888889
1 0.669921875 0.5715277777777777 0.06171875 0.10972222222222222
1 0.280078125 0.6069444444444444 0.05859375 0.08611111111111111
1 0.349609375 0.6395833333333333 0.05546875 0.07916666666666666
0 0.753515625 0.6645833333333333 0.02578125 0.10416666666666667
0 0.820703125 0.7381944444444445 0.03046875 0.08194444444444444
0 0.82421875 0.7902777777777777 0.0390625 0.13333333333333333
3 0.3453125 0.81875 0.6453125 0.3625