1 0.506640625 0.15416666666666667 0.03203125 0.04722222222222222
1 0.46015625 0.15625 0.03125 0.05138888888888889
3 0.1578125 0.21736111111111112 0.0734375 0.2375
1 0.532421875 0.2326388888888889 0.04453125 0.06805555555555555
1 0.4890625 0.24305555555555555 0.046875 0.08055555555555556
0 0.607421875 0.24375 0.02109375 0.0763888888888889
0 0.63984375 0.29097222222222224 0.021875 0.07916666666666666
0 0.733203125 0.3194444444444444 0.02734375 0.08055555555555556
2 0.544140625 0.3347222222222222 0.06796875 0.13333333333333333
0 0.617578125 0.34097222222222223 0.02578125 0.09305555555555556
1 0.35703125 0.375 0.0703125 0.11666666666666667
0 0.693359375 0.39444444444444443 0.02890625 0.1
1 0.788671875 0.4111111111111111 0.09296875 0.11388888888888889
1 0.035546875 0.4479166666666667 0.07109375 0.1125
0 0.9203125 0.5041666666666667 0.0484375 0.1111111111111111
1 0.66796875 0.5277777777777778 0.0984375 0.1388888888888889
3 0.373046875 0.60625 0.15546875 0.21805555555555556
1 0.682421875 0.8236111111111111 0.29453125 0.21666666666666667
1 0.0171875 0.11944444444444445 0.034375 0.08055555555555556
1 0.444140625 0.12569444444444444 0.02734375 0.04583333333333333