1 0.370703125 0.3701388888888889 0.02265625 0.034722222222222224
1 0.254296875 0.3951388888888889 0.02578125 0.0375
1 0.61484375 0.4048611111111111 0.0296875 0.04861111111111111
1 0.36796875 0.46805555555555556 0.03125 0.06944444444444445
1 0.253515625 0.47708333333333336 0.04453125 0.06527777777777778
2 0.7390625 0.4791666666666667 0.078125 0.14444444444444443
1 0.155078125 0.5020833333333333 0.04921875 0.07361111111111111
2 0.41171875 0.5055555555555555 0.0734375 0.19166666666666668
1 0.601171875 0.5277777777777778 0.04765625 0.08611111111111111
1 0.05234375 0.6020833333333333 0.06875 0.09027777777777778
1 0.110546875 0.6694444444444444 0.09140625 0.13055555555555556
1 0.368359375 0.6868055555555556 0.07734375 0.1375
1 0.246875 0.7541666666666667 0.0828125 0.12222222222222222
0 0.27734375 0.8402777777777778 0.0359375 0.1361111111111111
1 0.914453125 0.9763888888888889 0.12734375 0.04722222222222222