3 0.235546875 0.14305555555555555 0.03515625 0.08055555555555556
1 0.467578125 0.15902777777777777 0.03359375 0.05416666666666667
1 0.43125 0.175 0.0328125 0.06111111111111111
1 0.54375 0.18125 0.0375 0.059722222222222225
1 0.022265625 0.19305555555555556 0.04296875 0.06944444444444445
1 0.629296875 0.25069444444444444 0.04765625 0.0763888888888889
1 0.028515625 0.2972222222222222 0.05703125 0.10833333333333334
1 0.6046875 0.29791666666666666 0.0625 0.08472222222222223
1 0.71328125 0.34930555555555554 0.0796875 0.11805555555555555
1 0.634375 0.3597222222222222 0.0734375 0.1
2 0.611328125 0.42777777777777776 0.09609375 0.16666666666666666
1 0.735546875 0.48333333333333334 0.08515625 0.12222222222222222
1 0.91328125 0.5125 0.109375 0.13055555555555556
1 0.669921875 0.5333333333333333 0.10546875 0.1388888888888889
0 0.868359375 0.5409722222222222 0.03828125 0.1125
0 0.838671875 0.5659722222222222 0.03359375 0.12638888888888888
0 0.81328125 0.59375 0.0390625 0.13472222222222222
1 0.267578125 0.0625 0.02265625 0.041666666666666664
0 0.919140625 0.6340277777777777 0.04609375 0.1375
3 0.194140625 0.06458333333333334 0.03828125 0.0875
1 0.871484375 0.8090277777777778 0.24765625 0.24583333333333332