0 0.52734375 0.14375 0.015625 0.05694444444444444
1 0.092578125 0.15486111111111112 0.04140625 0.06527777777777778
2 0.4359375 0.17430555555555555 0.04375 0.08472222222222223
0 0.473828125 0.17430555555555555 0.01796875 0.06527777777777778
0 0.5109375 0.1798611111111111 0.0171875 0.0625
1 0.565625 0.19652777777777777 0.0453125 0.07083333333333333
0 0.52265625 0.2048611111111111 0.01875 0.06527777777777778
3 0.018359375 0.22569444444444445 0.03671875 0.12916666666666668
0 0.6171875 0.25277777777777777 0.0234375 0.06944444444444445
1 0.5875 0.4097222222222222 0.0765625 0.1111111111111111
3 0.253515625 0.5618055555555556 0.29609375 0.3958333333333333
3 0.198828125 0.06875 0.02578125 0.04583333333333333
1 0.74453125 0.7055555555555556 0.228125 0.17777777777777778
1 0.848828125 0.8638888888888889 0.26640625 0.21944444444444444