2 0.709375 0.3590277777777778 0.04375 0.07083333333333333
1 0.673828125 0.4048611111111111 0.03359375 0.05138888888888889
1 0.46015625 0.41041666666666665 0.0328125 0.05416666666666667
1 0.763671875 0.4666666666666667 0.04140625 0.075
0 0.82421875 0.54375 0.025 0.08194444444444444
0 0.261328125 0.55 0.04765625 0.08888888888888889
1 0.665234375 0.5583333333333333 0.05859375 0.09722222222222222
0 0.748046875 0.6479166666666667 0.02421875 0.10138888888888889
0 0.808203125 0.7354166666666667 0.03046875 0.09583333333333334
0 0.81953125 0.7875 0.0359375 0.12222222222222222
3 0.3625 0.8173611111111111 0.725 0.36527777777777776