1 0.0140625 0.19745833333333332 0.028125 0.06527777777777778
0 0.196484375 0.20277777777777778 0.01953125 0.058333333333333334
1 0.502734375 0.20277777777777778 0.04453125 0.06944444444444445
1 0.4640625 0.23472222222222222 0.04375 0.07222222222222222
3 0.03203125 0.23912499999999998 0.0453125 0.0875
1 0.55859375 0.2548611111111111 0.05 0.07083333333333333
0 0.199609375 0.25625 0.01953125 0.0763888888888889
1 0.107421875 0.27152777777777776 0.05078125 0.0875
0 0.269921875 0.2916666666666667 0.02109375 0.08333333333333333
1 0.526953125 0.29375 0.05234375 0.07083333333333333
1 0.630078125 0.3416666666666667 0.06640625 0.09722222222222222
1 0.73671875 0.35347222222222224 0.071875 0.10416666666666667
1 0.553125 0.3548611111111111 0.0640625 0.11805555555555555
0 0.18984375 0.3854166666666667 0.0265625 0.09861111111111111
0 0.060546875 0.42777777777777776 0.03359375 0.075
1 0.624609375 0.4423611111111111 0.07578125 0.11805555555555555
1 0.748828125 0.4638888888888889 0.10234375 0.1361111111111111
1 0.86171875 0.46875 0.09375 0.12916666666666668
1 0.06875 0.5229166666666667 0.0875 0.15416666666666667
2 0.733203125 0.6 0.11640625 0.225
1 0.2671875 0.6986111111111111 0.09375 0.16666666666666666
0 0.011328125 0.8131944444444444 0.02265625 0.18472222222222223
1 0.964453125 0.9555555555555556 0.06796875 0.08888888888888889