1 0.017578125 0.15902777777777777 0.03515625 0.05416666666666667
1 0.56328125 0.19375 0.0453125 0.06527777777777778
3 0.2359375 0.21805555555555556 0.046875 0.11944444444444445
1 0.5515625 0.24027777777777778 0.0515625 0.07222222222222222
1 0.56953125 0.2923611111111111 0.0578125 0.07361111111111111
1 0.652734375 0.29375 0.06640625 0.0875
1 0.0234375 0.3034722222222222 0.046875 0.09583333333333334
2 0.61171875 0.42777777777777776 0.09375 0.1638888888888889
1 0.697265625 0.43472222222222223 0.07421875 0.1111111111111111
1 0.12578125 0.4638888888888889 0.0953125 0.1527777777777778
0 0.812109375 0.4701388888888889 0.02890625 0.10138888888888889
1 0.90625 0.5138888888888888 0.1125 0.14444444444444443
1 0.670703125 0.53125 0.10078125 0.14305555555555555
0 0.801171875 0.5715277777777777 0.03203125 0.13472222222222222
0 0.88125 0.5916666666666667 0.0390625 0.14166666666666666
1 0.204296875 0.64375 0.16796875 0.1486111111111111
3 0.1890625 0.09236111111111112 0.0484375 0.10694444444444444
1 0.434765625 0.12152777777777778 0.03671875 0.04861111111111111
1 0.491015625 0.13055555555555556 0.03203125 0.058333333333333334