0 0.68046875 0.40625 0.015625 0.05694444444444444
1 0.603125 0.41458333333333336 0.034375 0.0625
0 0.705078125 0.42569444444444443 0.01640625 0.05694444444444444
1 0.389453125 0.4326388888888889 0.04140625 0.059722222222222225
1 0.33359375 0.4388888888888889 0.0390625 0.06388888888888888
1 0.13359375 0.49375 0.0390625 0.05416666666666667
0 0.67109375 0.49722222222222223 0.0203125 0.07222222222222222
1 0.187890625 0.5215277777777778 0.05390625 0.0763888888888889
1 0.603515625 0.5243055555555556 0.05390625 0.08472222222222223
1 0.419921875 0.5430555555555555 0.04453125 0.07777777777777778
0 0.37578125 0.5513888888888889 0.0203125 0.06944444444444445
1 0.748046875 0.5631944444444444 0.05546875 0.09027777777777778
1 0.321875 0.58125 0.0578125 0.0875
0 0.38125 0.5979166666666667 0.021875 0.08472222222222223
0 0.225390625 0.6694444444444444 0.02578125 0.09722222222222222
1 0.274609375 0.6805555555555556 0.07265625 0.10555555555555556
1 0.145703125 0.7118055555555556 0.08828125 0.11527777777777778
1 0.375 0.7625 0.0875 0.1361111111111111
0 0.855078125 0.8 0.03515625 0.13055555555555556