1 0.827734375 0.71875 0.08203125 0.14305555555555555
1 0.89609375 0.8777777777777778 0.1046875 0.16944444444444445
1 0.64609375 0.5083333333333333 0.046875 0.08333333333333333
1 0.76640625 0.5958333333333333 0.065625 0.10277777777777777
0 0.3484375 0.6673611111111111 0.028125 0.10416666666666667
1 0.665625 0.5916666666666667 0.0546875 0.08888888888888889
1 0.778125 0.9166666666666666 0.1203125 0.15833333333333333
0 0.31171875 0.6361111111111111 0.0265625 0.09722222222222222
1 0.726171875 0.5340277777777778 0.04765625 0.0763888888888889
2 0.848828125 0.5861111111111111 0.07109375 0.13333333333333333
0 0.2890625 0.58125 0.025 0.08472222222222223
1 0.120703125 0.8395833333333333 0.11796875 0.14305555555555555
1 0.803125 0.5236111111111111 0.0484375 0.08055555555555556
1 0.030859375 0.7986111111111112 0.06171875 0.14722222222222223
0 0.012109375 0.6680555555555555 0.02421875 0.1
2 0.365234375 0.9055555555555556 0.13984375 0.18888888888888888
1 0.974609375 0.8381944444444445 0.05078125 0.20972222222222223
1 0.6953125 0.7215277777777778 0.071875 0.12638888888888888
0 0.45859375 0.38055555555555554 0.0171875 0.05277777777777778
1 0.630078125 0.44722222222222224 0.03984375 0.06111111111111111
1 0.70859375 0.48333333333333334 0.0453125 0.06944444444444445
1 0.698828125 0.43333333333333335 0.04140625 0.05277777777777778
1 0.90234375 0.6951388888888889 0.0734375 0.1125
0 0.7515625 0.3909722222222222 0.0203125 0.04861111111111111