0 0.46015625 0.4013888888888889 0.0171875 0.05555555555555555
0 0.4234375 0.4083333333333333 0.01875 0.05555555555555555
1 0.678125 0.42777777777777776 0.0328125 0.058333333333333334
1 0.6203125 0.42916666666666664 0.034375 0.058333333333333334
0 0.219921875 0.4388888888888889 0.01796875 0.05555555555555555
1 0.70390625 0.45625 0.0390625 0.07361111111111111
1 0.631640625 0.4638888888888889 0.03515625 0.06388888888888888
1 0.38046875 0.4756944444444444 0.046875 0.06527777777777778
1 0.76015625 0.4777777777777778 0.0421875 0.058333333333333334
0 0.454296875 0.4909722222222222 0.01796875 0.07083333333333333
1 0.241796875 0.49375 0.05078125 0.07361111111111111
2 0.487890625 0.5034722222222222 0.05703125 0.10416666666666667
1 0.651953125 0.5118055555555555 0.04609375 0.0763888888888889
1 0.796484375 0.5138888888888888 0.04765625 0.06944444444444445
1 0.723046875 0.5166666666666667 0.04921875 0.08888888888888889
1 0.132421875 0.5340277777777778 0.05390625 0.07083333333333333
1 0.369921875 0.6173611111111111 0.06015625 0.08472222222222223
1 0.86640625 0.6201388888888889 0.0703125 0.12916666666666668
1 0.775390625 0.6479166666666667 0.06328125 0.11527777777777778
1 0.676953125 0.6736111111111112 0.06953125 0.14166666666666666
1 0.329296875 0.6805555555555556 0.07109375 0.10277777777777777
0 0.12265625 0.7138888888888889 0.03125 0.07777777777777778
0 0.782421875 0.7201388888888889 0.02890625 0.10694444444444444
1 0.862109375 0.8006944444444445 0.10234375 0.16805555555555557
1 0.1296875 0.8131944444444444 0.10625 0.13472222222222222
1 0.398046875 0.8576388888888888 0.08359375 0.15138888888888888
1 0.73828125 0.9069444444444444 0.0984375 0.16666666666666666