1 0.470703125 0.16180555555555556 0.03671875 0.05694444444444444
1 0.4390625 0.17291666666666666 0.0390625 0.0625
0 0.530078125 0.17430555555555555 0.01796875 0.0625
0 0.55234375 0.20277777777777778 0.0171875 0.06666666666666667
0 0.608203125 0.21458333333333332 0.01953125 0.06527777777777778
1 0.480078125 0.24305555555555555 0.05390625 0.10555555555555556
0 0.534375 0.2465277777777778 0.021875 0.0763888888888889
0 0.590625 0.28194444444444444 0.025 0.08055555555555556
1 0.65625 0.2875 0.0625 0.08611111111111111
3 0.160546875 0.33958333333333335 0.10859375 0.31527777777777777
0 0.735546875 0.36041666666666666 0.03203125 0.0875
1 0.63515625 0.4826388888888889 0.0875 0.1375
1 0.4640625 0.5659722222222222 0.1328125 0.16527777777777777
1 0.29921875 0.6854166666666667 0.190625 0.16527777777777777
3 0.880859375 0.8388888888888889 0.23828125 0.3055555555555556
1 0.04765625 0.1076388888888889 0.04375 0.05138888888888889