1 0.581640625 0.33958333333333335 0.01953125 0.03194444444444444
1 0.5546875 0.3472222222222222 0.0234375 0.044444444444444446
0 0.63828125 0.37430555555555556 0.0140625 0.04861111111111111
0 0.316796875 0.41041666666666665 0.01640625 0.05138888888888889
1 0.39765625 0.41805555555555557 0.0375 0.05277777777777778
0 0.68515625 0.41944444444444445 0.0171875 0.05555555555555555
1 0.341796875 0.4284722222222222 0.03671875 0.059722222222222225
1 0.611328125 0.42986111111111114 0.03671875 0.06805555555555555
0 0.711328125 0.4375 0.01796875 0.058333333333333334
1 0.205078125 0.5020833333333333 0.05078125 0.07083333333333333
1 0.42578125 0.5215277777777778 0.0421875 0.07361111111111111
0 0.684375 0.5291666666666667 0.0203125 0.07777777777777778
0 0.3828125 0.53125 0.01875 0.06805555555555555
1 0.609765625 0.55625 0.06015625 0.09305555555555556
1 0.32890625 0.5604166666666667 0.053125 0.07916666666666666
0 0.3875 0.56875 0.0203125 0.08194444444444444
1 0.76484375 0.6138888888888889 0.0640625 0.1
0 0.2484375 0.6291666666666667 0.0234375 0.09166666666666666
1 0.289453125 0.6486111111111111 0.06953125 0.10277777777777777
1 0.169140625 0.6756944444444445 0.07734375 0.1125
1 0.387109375 0.725 0.08046875 0.1361111111111111
0 0.88984375 0.86875 0.0375 0.13194444444444445
1 0.140625 0.9256944444444445 0.1421875 0.14027777777777778
1 0.311328125 0.95625 0.12421875 0.08472222222222223