1 0.492578125 0.3368055555555556 0.01796875 0.02638888888888889
2 0.524609375 0.34815277777777776 0.02578125 0.05
1 0.2953125 0.35694444444444445 0.028125 0.03888888888888889
1 0.259375 0.37777777777777777 0.021875 0.030555555555555555
0 0.431640625 0.3854166666666667 0.01484375 0.04027777777777778
1 0.673046875 0.40694444444444444 0.03203125 0.044444444444444446
1 0.6234375 0.4097222222222222 0.034375 0.06388888888888888
1 0.7359375 0.42986111111111114 0.0421875 0.05694444444444444
1 0.390625 0.4375 0.034375 0.058333333333333334
1 0.23359375 0.45069444444444445 0.0390625 0.05416666666666667
1 0.437109375 0.45208333333333334 0.03203125 0.05416666666666667
1 0.49609375 0.45625 0.0359375 0.0625
2 0.698046875 0.4722222222222222 0.04609375 0.09444444444444444
1 0.775390625 0.48541666666666666 0.04296875 0.06527777777777778
1 0.248046875 0.5020833333333333 0.05234375 0.07083333333333333
1 0.41484375 0.5145833333333333 0.046875 0.07083333333333333
1 0.637890625 0.5152777777777777 0.04609375 0.075
2 0.746484375 0.5541666666666667 0.06171875 0.13055555555555556
1 0.378125 0.5833333333333334 0.0609375 0.1111111111111111
1 0.8390625 0.5868055555555556 0.0609375 0.09027777777777778
1 0.67734375 0.6347222222222222 0.0640625 0.12222222222222222
1 0.173046875 0.6645833333333333 0.07265625 0.10416666666666667
0 0.951953125 0.6819444444444445 0.02578125 0.07777777777777778
1 0.83203125 0.7395833333333334 0.096875 0.1625
1 0.44140625 0.7486111111111111 0.084375 0.1527777777777778
1 0.040234375 0.78125 0.07890625 0.13472222222222222
1 0.96015625 0.7888888888888889 0.0796875 0.13055555555555556
1 0.7390625 0.8479166666666667 0.09375 0.1597222222222222
1 0.251171875 0.8611111111111112 0.10390625 0.14722222222222223