1 0.484375 0.3506944444444444 0.028125 0.043055555555555555
1 0.643359375 0.36180555555555555 0.02265625 0.04027777777777778
0 0.784765625 0.38958333333333334 0.02109375 0.0375
1 0.619921875 0.3902777777777778 0.02734375 0.041666666666666664
1 0.289453125 0.39791666666666664 0.03359375 0.04861111111111111
0 0.434375 0.42916666666666664 0.01875 0.06111111111111111
1 0.69921875 0.43194444444444446 0.0421875 0.05277777777777778
1 0.63046875 0.44513888888888886 0.0390625 0.0625
1 0.706640625 0.47430555555555554 0.04609375 0.0625
1 0.755078125 0.47430555555555554 0.03984375 0.05694444444444444
1 0.64453125 0.49583333333333335 0.0453125 0.07777777777777778
1 0.719921875 0.5263888888888889 0.04453125 0.07222222222222222
2 0.834375 0.5569444444444445 0.0625 0.11666666666666667
1 0.659375 0.5638888888888889 0.0453125 0.07777777777777778
1 0.7546875 0.56875 0.059375 0.09583333333333334
1 0.872265625 0.6472222222222223 0.06015625 0.09444444444444444
1 0.68203125 0.6506944444444445 0.0609375 0.10138888888888889
1 0.80390625 0.6666666666666666 0.071875 0.11666666666666667
0 0.226953125 0.7034722222222223 0.03203125 0.10138888888888889
1 0.94375 0.7354166666666667 0.0984375 0.1597222222222222
1 0.84765625 0.7777777777777778 0.09375 0.14166666666666666
0 0.226171875 0.7840277777777778 0.03046875 0.10416666666666667
1 0.7359375 0.79375 0.0921875 0.18472222222222223
0 0.232421875 0.8902777777777777 0.03828125 0.14166666666666666