3 0.6703125 0.3125 0.01875 0.05277777777777778
1 0.4875 0.34791666666666665 0.01875 0.03194444444444444
1 0.662109375 0.38263888888888886 0.02578125 0.04583333333333333
1 0.6234375 0.3993055555555556 0.025 0.04027777777777778
2 0.744921875 0.40208333333333335 0.05546875 0.09861111111111111
1 0.702734375 0.46597222222222223 0.03671875 0.0625
0 0.79296875 0.48194444444444445 0.0203125 0.06944444444444445
1 0.41328125 0.48194444444444445 0.04375 0.06666666666666667
1 0.2625 0.4888888888888889 0.0421875 0.06666666666666667
1 0.81796875 0.5506944444444445 0.0578125 0.09305555555555556
1 0.357421875 0.6715277777777777 0.06484375 0.10972222222222222
1 0.69453125 0.6743055555555556 0.075 0.13472222222222222
0 0.952734375 0.7180555555555556 0.03203125 0.11388888888888889
3 0.133203125 0.7368055555555556 0.26640625 0.44027777777777777
0 0.777734375 0.7569444444444444 0.02578125 0.10833333333333334
0 0.86875 0.7951388888888888 0.0390625 0.13194444444444445
0 0.8296875 0.8138888888888889 0.0359375 0.1361111111111111
1 0.47734375 0.8381944444444445 0.15 0.14305555555555555