1 0.46875 0.15833333333333333 0.040625 0.058333333333333334
1 0.439453125 0.19652777777777777 0.03984375 0.06527777777777778
1 0.514453125 0.2076388888888889 0.04296875 0.06527777777777778
1 0.49296875 0.25555555555555554 0.05 0.07222222222222222
1 0.5859375 0.29375 0.0578125 0.08472222222222223
1 0.674609375 0.29791666666666666 0.06171875 0.08194444444444444
1 0.540234375 0.3326388888888889 0.06015625 0.10694444444444444
3 0.10546875 0.3590277777777778 0.0625 0.10694444444444444
1 0.75703125 0.3680555555555556 0.071875 0.10277777777777777
0 0.22421875 0.3861111111111111 0.0265625 0.10277777777777777
1 0.5859375 0.3888888888888889 0.053125 0.09722222222222222
1 0.685546875 0.39166666666666666 0.08203125 0.11388888888888889
3 0.034375 0.3923611111111111 0.06875 0.11805555555555555
2 0.63046875 0.45416666666666666 0.0921875 0.16944444444444445
0 0.212890625 0.5305555555555556 0.03046875 0.125
1 0.918359375 0.5430555555555555 0.13203125 0.15833333333333333
0 0.3265625 0.5583333333333333 0.0296875 0.12777777777777777
1 0.81875 0.5645833333333333 0.1078125 0.1486111111111111
1 0.73671875 0.6270833333333333 0.1171875 0.16527777777777777
1 0.964453125 0.8222222222222222 0.06796875 0.25277777777777777