1 0.45625 0.14722222222222223 0.0328125 0.05555555555555555
3 0.234765625 0.15902777777777777 0.04140625 0.09027777777777778
1 0.529296875 0.1673611111111111 0.03828125 0.05694444444444444
1 0.022265625 0.21875 0.04453125 0.07361111111111111
1 0.611328125 0.23541666666666666 0.04921875 0.06805555555555555
1 0.588671875 0.2847222222222222 0.06015625 0.08611111111111111
1 0.044140625 0.33611111111111114 0.06640625 0.11944444444444445
2 0.611328125 0.4270833333333333 0.09609375 0.1736111111111111
1 0.726953125 0.4736111111111111 0.08359375 0.11944444444444445
1 0.9109375 0.5125 0.10625 0.14166666666666666
0 0.856640625 0.5277777777777778 0.03359375 0.11388888888888889
1 0.670703125 0.5333333333333333 0.10703125 0.14166666666666666
0 0.8328125 0.5520833333333334 0.0296875 0.11805555555555555
0 0.809375 0.5923611111111111 0.0375 0.1375
0 0.909375 0.61875 0.0546875 0.15694444444444444
1 0.00703125 0.12013888888888889 0.0140625 0.04583333333333333