0 0.488671875 0.34076388888888887 0.01484375 0.03333333333333333
1 0.699609375 0.4340277777777778 0.04296875 0.05694444444444444
1 0.628515625 0.4465277777777778 0.03984375 0.0625
0 0.362109375 0.46597222222222223 0.01953125 0.0625
1 0.760546875 0.475 0.02890625 0.058333333333333334
1 0.644140625 0.4840277777777778 0.04140625 0.0625
0 0.38203125 0.4909722222222222 0.01875 0.06805555555555555
1 0.71328125 0.49166666666666664 0.0453125 0.075
0 0.420703125 0.49444444444444446 0.01953125 0.06944444444444445
1 0.784765625 0.5006944444444444 0.04453125 0.06527777777777778
0 0.140234375 0.5277777777777778 0.02421875 0.06944444444444445
1 0.823046875 0.5520833333333334 0.05859375 0.09027777777777778
1 0.655078125 0.5555555555555556 0.05546875 0.09722222222222222
1 0.74609375 0.5736111111111111 0.0546875 0.08888888888888889
1 0.1546875 0.6104166666666667 0.071875 0.09583333333333334
1 0.282421875 0.6111111111111112 0.06796875 0.09166666666666666
2 0.894921875 0.6583333333333333 0.09140625 0.17222222222222222
2 0.446875 0.6583333333333333 0.075 0.15555555555555556
0 0.385546875 0.6659722222222222 0.02890625 0.09583333333333334
1 0.801171875 0.6680555555555555 0.07734375 0.12777777777777777
1 0.6828125 0.6763888888888889 0.0671875 0.11666666666666667
1 0.017578125 0.7006944444444444 0.03515625 0.1125
1 0.301953125 0.7826388888888889 0.08671875 0.12916666666666668
1 0.96484375 0.8201388888888889 0.0703125 0.14583333333333334
1 0.897265625 0.8722222222222222 0.11171875 0.18611111111111112
1 0.20703125 0.9375 0.1203125 0.125
1 0.75546875 0.9430555555555555 0.1125 0.1111111111111111