1 0.4859375 0.3486111111111111 0.0203125 0.041666666666666664
2 0.5203125 0.36041666666666666 0.0234375 0.05138888888888889
1 0.306640625 0.37222222222222223 0.02734375 0.041666666666666664
1 0.262109375 0.3902777777777778 0.02734375 0.03888888888888889
0 0.412109375 0.4 0.01796875 0.05555555555555555
1 0.7328125 0.42777777777777776 0.0390625 0.058333333333333334
2 0.693359375 0.45625 0.04140625 0.09027777777777778
1 0.370703125 0.4638888888888889 0.03671875 0.05
1 0.427734375 0.4722222222222222 0.03359375 0.04722222222222222
1 0.7703125 0.475 0.040625 0.06388888888888888
1 0.209375 0.4777777777777778 0.0453125 0.058333333333333334
1 0.4875 0.4840277777777778 0.0359375 0.0625
1 0.631640625 0.4930555555555556 0.04296875 0.07222222222222222
2 0.738671875 0.5326388888888889 0.05703125 0.11805555555555555
1 0.219140625 0.5340277777777778 0.05859375 0.07916666666666666
1 0.399609375 0.5486111111111112 0.05234375 0.07777777777777778
1 0.817578125 0.5569444444444445 0.05390625 0.08333333333333333
1 0.665234375 0.5875 0.05703125 0.1
0 0.91328125 0.6243055555555556 0.0234375 0.06527777777777778
1 0.35234375 0.6340277777777777 0.071875 0.12083333333333333
1 0.093359375 0.6388888888888888 0.08984375 0.09722222222222222
1 0.801953125 0.68125 0.08671875 0.14583333333333334
1 0.918359375 0.7125 0.08984375 0.12222222222222222
1 0.71015625 0.7493055555555556 0.0765625 0.12638888888888888
1 0.420703125 0.8493055555555555 0.09609375 0.17916666666666667