1 0.551953125 0.3458333333333333 0.02109375 0.03611111111111111
1 0.1953125 0.35208333333333336 0.025 0.034722222222222224
1 0.42578125 0.3576388888888889 0.021875 0.04027777777777778
1 0.595703125 0.36666666666666664 0.02578125 0.03611111111111111
1 0.377734375 0.37430555555555556 0.02265625 0.0375
0 0.632421875 0.39166666666666666 0.01640625 0.05
1 0.268359375 0.4131944444444444 0.03203125 0.04027777777777778
1 0.18828125 0.41805555555555557 0.028125 0.041666666666666664
1 0.447265625 0.41944444444444445 0.02578125 0.041666666666666664
0 0.401953125 0.42777777777777776 0.01796875 0.05277777777777778
0 0.673828125 0.44375 0.01640625 0.059722222222222225
1 0.5828125 0.45416666666666666 0.0390625 0.07777777777777778
1 0.371875 0.46458333333333335 0.040625 0.05416666666666667
0 0.335546875 0.46805555555555556 0.01796875 0.06111111111111111
0 0.721484375 0.5020833333333333 0.02109375 0.07083333333333333
0 0.764453125 0.5027777777777778 0.02265625 0.07777777777777778
1 0.351953125 0.5104166666666666 0.04609375 0.0763888888888889
1 0.275 0.5111111111111111 0.05 0.07777777777777778
1 0.425 0.5680555555555555 0.0546875 0.09722222222222222
1 0.684375 0.5805555555555556 0.0609375 0.1111111111111111
1 0.27109375 0.6659722222222222 0.075 0.10972222222222222
1 0.380078125 0.7243055555555555 0.08359375 0.13472222222222222
1 0.19921875 0.8256944444444444 0.1125 0.15694444444444444
0 0.85703125 0.8680555555555556 0.0421875 0.1388888888888889
1 0.298046875 0.8965277777777778 0.09921875 0.15694444444444444
1 0.027734375 0.9159722222222222 0.05546875 0.1597222222222222
1 0.7203125 0.9444444444444444 0.121875 0.10555555555555556