1 0.671484375 0.40069444444444446 0.02734375 0.05138888888888889
1 0.626953125 0.41180555555555554 0.03203125 0.05138888888888889
1 0.28046875 0.4173611111111111 0.0359375 0.05138888888888889
2 0.75859375 0.4263888888888889 0.0625 0.10555555555555556
1 0.4375 0.4375 0.0375 0.06111111111111111
1 0.26484375 0.45555555555555555 0.0390625 0.058333333333333334
1 0.71484375 0.49583333333333335 0.05 0.06666666666666667
0 0.814453125 0.50625 0.02109375 0.07361111111111111
1 0.84296875 0.59375 0.065625 0.10416666666666667
1 0.377734375 0.5993055555555555 0.05859375 0.09305555555555556
3 0.10859375 0.7013888888888888 0.175 0.3888888888888889
1 0.7 0.7076388888888889 0.0765625 0.1375
1 0.396875 0.7451388888888889 0.0875 0.12083333333333333
0 0.783203125 0.7826388888888889 0.02578125 0.12083333333333333
0 0.867578125 0.7958333333333333 0.03984375 0.13055555555555556
0 0.83046875 0.8138888888888889 0.0359375 0.1361111111111111