1 0.473828125 0.3715277777777778 0.02265625 0.04861111111111111
1 0.698828125 0.43194444444444446 0.04140625 0.05555555555555555
1 0.267578125 0.4444444444444444 0.03828125 0.05555555555555555
1 0.630078125 0.4465277777777778 0.03828125 0.0625
1 0.70625 0.46944444444444444 0.0453125 0.05555555555555555
1 0.75703125 0.47291666666666665 0.0375 0.05694444444444444
1 0.6453125 0.49583333333333335 0.0453125 0.07777777777777778
0 0.40078125 0.49722222222222223 0.0234375 0.075
1 0.719140625 0.5236111111111111 0.04609375 0.07222222222222222
2 0.828125 0.5479166666666667 0.0609375 0.11527777777777778
1 0.7484375 0.5576388888888889 0.0546875 0.0875
1 0.671875 0.6097222222222223 0.05625 0.1
1 0.8578125 0.6236111111111111 0.0484375 0.08611111111111111
1 0.787109375 0.6333333333333333 0.06484375 0.10277777777777777
1 0.90859375 0.6833333333333333 0.08125 0.1361111111111111
1 0.7140625 0.7138888888888889 0.078125 0.15833333333333333
1 0.81796875 0.7215277777777778 0.08125 0.12361111111111112
1 0.9625 0.8020833333333334 0.0734375 0.14027777777777778
0 0.1109375 0.9159722222222222 0.04375 0.14583333333333334
1 0.77265625 0.9513888888888888 0.1171875 0.09444444444444444