1 0.541015625 0.3138888888888889 0.01640625 0.027777777777777776
1 0.5778359375 0.3255138888888889 0.01796875 0.029166666666666667
1 0.438671875 0.32916666666666666 0.01953125 0.027777777777777776
2 0.624609375 0.32916666666666666 0.03046875 0.06388888888888888
1 0.397265625 0.3451388888888889 0.02109375 0.03194444444444444
1 0.45859375 0.3701388888888889 0.0234375 0.043055555555555555
1 0.2796875 0.37222222222222223 0.025 0.03888888888888889
0 0.415234375 0.37777777777777777 0.00859375 0.044444444444444446
0 0.427734375 0.39305555555555555 0.01328125 0.04722222222222222
1 0.56640625 0.39652777777777776 0.0296875 0.05138888888888889
1 0.6109375 0.39791666666666664 0.03125 0.04861111111111111
1 0.33046875 0.43194444444444446 0.0375 0.06111111111111111
3 0.233984375 0.4388888888888889 0.05078125 0.11388888888888889
1 0.38046875 0.4479166666666667 0.0390625 0.059722222222222225
0 0.665234375 0.45208333333333334 0.01796875 0.0625
1 0.440625 0.4875 0.0421875 0.06944444444444445
1 0.33046875 0.5361111111111111 0.053125 0.07777777777777778
0 0.73671875 0.5402777777777777 0.021875 0.08055555555555556
1 0.409765625 0.5861111111111111 0.05859375 0.08888888888888889
0 0.823828125 0.5895833333333333 0.02265625 0.08194444444444444
1 0.297265625 0.6229166666666667 0.07109375 0.10138888888888889
0 0.801953125 0.6284722222222222 0.02421875 0.09305555555555556
1 0.159765625 0.6770833333333334 0.08203125 0.10416666666666667
1 0.363671875 0.6805555555555556 0.06796875 0.1111111111111111
1 0.65 0.6958333333333333 0.078125 0.1527777777777778
1 0.022265625 0.7423611111111111 0.04453125 0.11527777777777778
1 0.026953125 0.8930555555555556 0.05390625 0.1638888888888889
1 0.84140625 0.8979166666666667 0.1203125 0.19305555555555556