1 0.60234375 0.30972222222222223 0.0203125 0.03333333333333333
1 0.64140625 0.3347222222222222 0.0203125 0.03888888888888889
1 0.696484375 0.37083333333333335 0.02421875 0.04722222222222222
0 0.43359375 0.3854166666666667 0.015625 0.05416666666666667
0 0.721875 0.39652777777777776 0.01875 0.05138888888888889
1 0.620703125 0.4 0.03515625 0.05555555555555555
0 0.276953125 0.41944444444444445 0.02109375 0.05555555555555555
0 0.704296875 0.4777777777777778 0.01796875 0.06666666666666667
0 0.384765625 0.5152777777777777 0.02265625 0.07777777777777778
0 0.735546875 0.5895833333333333 0.02578125 0.08472222222222223
1 0.364453125 0.6611111111111111 0.06640625 0.10277777777777777
1 0.469140625 0.8763888888888889 0.19140625 0.16944444444444445
3 0.80546875 0.9104166666666667 0.3890625 0.17916666666666667