1 0.6046875 0.3784722222222222 0.0296875 0.04583333333333333
3 0.45234375 0.38263888888888886 0.028125 0.043055555555555555
1 0.2609375 0.38958333333333334 0.0328125 0.04583333333333333
1 0.35 0.4 0.034375 0.05277777777777778
1 0.4078125 0.40347222222222223 0.025 0.04861111111111111
2 0.701171875 0.4284722222222222 0.06171875 0.1125
1 0.574609375 0.4340277777777778 0.03515625 0.0625
1 0.243359375 0.43680555555555556 0.03671875 0.05416666666666667
1 0.36953125 0.4708333333333333 0.0375 0.058333333333333334
1 0.334765625 0.5451388888888888 0.04765625 0.07916666666666666
1 0.2125 0.5479166666666667 0.0546875 0.08194444444444444
1 0.0984375 0.5729166666666666 0.065625 0.09027777777777778
2 0.4015625 0.5840277777777778 0.10625 0.2625
1 0.7625 0.7201388888888889 0.0890625 0.12083333333333333
1 0.31015625 0.8708333333333333 0.1078125 0.17777777777777778
1 0.123046875 0.9645833333333333 0.13671875 0.06805555555555555