1 0.3890625 0.34930555555555554 0.0203125 0.04027777777777778
1 0.590234375 0.3527777777777778 0.02109375 0.03888888888888889
2 0.6609375 0.3701388888888889 0.0515625 0.08472222222222223
1 0.410546875 0.3729166666666667 0.02109375 0.04027777777777778
1 0.45625 0.3854166666666667 0.0234375 0.04861111111111111
1 0.380078125 0.4375 0.03984375 0.058333333333333334
1 0.4390625 0.43819444444444444 0.0375 0.06527777777777778
1 0.222265625 0.46944444444444444 0.04609375 0.06111111111111111
1 0.29765625 0.47152777777777777 0.0453125 0.06527777777777778
1 0.388671875 0.475 0.03828125 0.06388888888888888
1 0.662890625 0.5138888888888888 0.05078125 0.07777777777777778
1 0.19609375 0.5430555555555555 0.053125 0.07777777777777778
1 0.31875 0.5930555555555556 0.059375 0.08888888888888889
0 0.816015625 0.7229166666666667 0.03203125 0.11527777777777778
1 0.658203125 0.7243055555555555 0.07421875 0.15694444444444444
1 0.083203125 0.7347222222222223 0.09453125 0.11944444444444445
1 0.2390625 0.7472222222222222 0.075 0.12222222222222222
2 0.346875 0.7791666666666667 0.1609375 0.4111111111111111