1 0.49609375 0.32222222222222224 0.01875 0.041666666666666664
1 0.689453125 0.3638888888888889 0.01640625 0.03333333333333333
1 0.262890625 0.36666666666666664 0.02890625 0.041666666666666664
3 0.713671875 0.38055555555555554 0.02890625 0.06944444444444445
1 0.464453125 0.4083333333333333 0.03046875 0.05277777777777778
1 0.679296875 0.42430555555555555 0.03671875 0.05694444444444444
1 0.484765625 0.43680555555555556 0.03984375 0.059722222222222225
1 0.632421875 0.44722222222222224 0.03671875 0.06388888888888888
1 0.713671875 0.4951388888888889 0.04296875 0.07361111111111111
3 0.185546875 0.4979166666666667 0.10859375 0.20972222222222223
2 0.828515625 0.5215277777777778 0.09296875 0.15416666666666667
1 0.108984375 0.5229166666666667 0.05078125 0.0875
1 0.6546875 0.5319444444444444 0.0484375 0.07777777777777778
1 0.298046875 0.6368055555555555 0.05546875 0.09583333333333334
0 0.940234375 0.6472222222222223 0.02734375 0.07222222222222222
1 0.133984375 0.6583333333333333 0.07890625 0.12222222222222222
1 0.7921875 0.6673611111111111 0.0671875 0.10972222222222222
1 0.706640625 0.74375 0.08203125 0.1486111111111111
1 0.943359375 0.7513888888888889 0.09765625 0.14722222222222223
0 0.86875 0.7958333333333333 0.0390625 0.12777777777777777
0 0.7890625 0.7965277777777777 0.0328125 0.12361111111111112
0 0.83046875 0.8131944444444444 0.034375 0.13472222222222222