1 0.542578125 0.3090277777777778 0.01640625 0.02361111111111111
2 0.61953125 0.31875 0.028125 0.06527777777777778
1 0.576171875 0.3215277777777778 0.01640625 0.02638888888888889
1 0.434375 0.34097222222222223 0.021875 0.029166666666666667
0 0.2046875 0.3423611111111111 0.0140625 0.043055555555555555
1 0.391796875 0.35833333333333334 0.02265625 0.03888888888888889
0 0.357421875 0.3625 0.00703125 0.03888888888888889
1 0.559765625 0.37430555555555556 0.02421875 0.05138888888888889
1 0.603515625 0.3861111111111111 0.02734375 0.044444444444444446
1 0.280859375 0.3875 0.03046875 0.041666666666666664
1 0.455859375 0.3902777777777778 0.02578125 0.041666666666666664
0 0.409375 0.39652777777777776 0.0109375 0.04583333333333333
0 0.425 0.40902777777777777 0.0109375 0.05138888888888889
0 0.651171875 0.42430555555555555 0.01796875 0.0625
1 0.387890625 0.43125 0.03515625 0.05416666666666667
1 0.3125 0.4576388888888889 0.0390625 0.06805555555555555
3 0.2078125 0.46875 0.0546875 0.12916666666666668
1 0.37109375 0.46944444444444444 0.040625 0.06944444444444445
0 0.705859375 0.49375 0.01953125 0.07083333333333333
1 0.434375 0.5173611111111112 0.046875 0.08194444444444444
0 0.797265625 0.5527777777777778 0.02109375 0.075
1 0.612890625 0.5645833333333333 0.05390625 0.10972222222222222
0 0.762109375 0.5701388888888889 0.02109375 0.08194444444444444
1 0.309765625 0.5819444444444445 0.06015625 0.09166666666666666
1 0.40234375 0.6298611111111111 0.06875 0.10416666666666667
1 0.265625 0.6888888888888889 0.08125 0.12222222222222222
1 0.759375 0.7354166666666667 0.090625 0.1597222222222222
1 0.341796875 0.7513888888888889 0.07734375 0.12777777777777777