1 0.480078125 0.37222222222222223 0.02265625 0.03611111111111111
1 0.51328125 0.3854166666666667 0.0234375 0.04027777777777778
3 0.728125 0.40208333333333335 0.0375 0.07083333333333333
1 0.671484375 0.4097222222222222 0.03203125 0.04722222222222222
1 0.626953125 0.4284722222222222 0.03046875 0.05694444444444444
3 0.215625 0.44722222222222224 0.096875 0.17222222222222222
1 0.69375 0.4576388888888889 0.0421875 0.0625
1 0.63984375 0.48333333333333334 0.040625 0.07222222222222222
1 0.320703125 0.53125 0.03984375 0.07916666666666666
1 0.7359375 0.5444444444444444 0.05 0.08611111111111111
2 0.860546875 0.5611111111111111 0.10546875 0.18055555555555555
1 0.208203125 0.5631944444444444 0.06640625 0.09583333333333334
1 0.66796875 0.5965277777777778 0.05625 0.09305555555555556
1 0.811328125 0.7131944444444445 0.07421875 0.10416666666666667
1 0.706640625 0.7444444444444445 0.08203125 0.14722222222222223
1 0.9453125 0.7506944444444444 0.09375 0.15138888888888888
0 0.7890625 0.7958333333333333 0.0328125 0.12222222222222222
0 0.867578125 0.7972222222222223 0.03984375 0.12222222222222222
0 0.83125 0.8166666666666667 0.0375 0.12777777777777777
1 0.50546875 0.8416666666666667 0.1625 0.17777777777777778