1 0.494921875 0.33402777777777776 0.01953125 0.029166666666666667
1 0.66796875 0.3909722222222222 0.0265625 0.043055555555555555
1 0.623046875 0.40625 0.03046875 0.04861111111111111
2 0.753515625 0.4131944444444444 0.05859375 0.10694444444444444
1 0.277734375 0.42291666666666666 0.03671875 0.05416666666666667
1 0.430078125 0.4465277777777778 0.03984375 0.06527777777777778
1 0.2640625 0.4652777777777778 0.040625 0.058333333333333334
1 0.7125 0.48125 0.0421875 0.07083333333333333
0 0.80859375 0.49444444444444446 0.0203125 0.06666666666666667
1 0.83359375 0.5729166666666666 0.059375 0.10416666666666667
1 0.3671875 0.6208333333333333 0.0625 0.09722222222222222
1 0.698828125 0.6965277777777777 0.07890625 0.14027777777777778
3 0.110546875 0.7111111111111111 0.19921875 0.425
0 0.9875 0.7597222222222222 0.025 0.11944444444444445
0 0.780078125 0.7736111111111111 0.02421875 0.11666666666666667
1 0.413671875 0.7756944444444445 0.10859375 0.12638888888888888
0 0.866796875 0.7930555555555555 0.03984375 0.13333333333333333
0 0.828125 0.8125 0.0359375 0.13333333333333333