1 0.019921875 0.16875 0.03828125 0.059722222222222225
1 0.638671875 0.16944444444444445 0.04609375 0.05277777777777778
3 0.23671875 0.23333333333333334 0.05 0.11666666666666667
3 0.6390625 0.26458333333333334 0.0734375 0.12361111111111112
1 0.563671875 0.28194444444444444 0.05546875 0.075
1 0.024609375 0.32916666666666666 0.04921875 0.10555555555555556
1 0.68984375 0.4263888888888889 0.071875 0.10555555555555556
2 0.61171875 0.42777777777777776 0.0921875 0.16111111111111112
0 0.801171875 0.45416666666666666 0.02890625 0.09444444444444444
1 0.15 0.49236111111111114 0.103125 0.1625
1 0.9078125 0.5152777777777777 0.1203125 0.14166666666666666
1 0.67109375 0.5333333333333333 0.1 0.14166666666666666
0 0.79765625 0.5680555555555555 0.0328125 0.13055555555555556
0 0.875 0.5888888888888889 0.040625 0.13333333333333333
1 0.28125 0.6847222222222222 0.1859375 0.1638888888888889
3 0.18828125 0.10069444444444445 0.0484375 0.11527777777777778
1 0.43125 0.11527777777777778 0.025 0.04722222222222222
1 0.483203125 0.12222222222222222 0.02734375 0.05277777777777778
1 0.277734375 0.12708333333333333 0.03359375 0.05416666666666667