2 0.675390625 0.3173611111111111 0.02890625 0.0625
1 0.647265625 0.3472222222222222 0.02421875 0.03888888888888889
0 0.45234375 0.3645833333333333 0.0125 0.034722222222222224
1 0.709765625 0.3875 0.03046875 0.05
0 0.278515625 0.3909722222222222 0.01328125 0.04027777777777778
0 0.740625 0.42569444444444443 0.0171875 0.059722222222222225
1 0.625390625 0.42986111111111114 0.03984375 0.06527777777777778
0 0.394140625 0.4708333333333333 0.01953125 0.06666666666666667
0 0.7078125 0.5152777777777777 0.0203125 0.06944444444444445
1 0.401953125 0.5798611111111112 0.06015625 0.0875
0 0.731640625 0.5972222222222222 0.02265625 0.08611111111111111
0 0.75390625 0.6361111111111111 0.025 0.1
1 0.334765625 0.7840277777777778 0.12421875 0.14027777777777778
3 0.689453125 0.8854166666666666 0.62109375 0.22916666666666666