1 0.593359375 0.34305555555555556 0.02109375 0.03611111111111111
1 0.259375 0.3819444444444444 0.025 0.03888888888888889
1 0.60546875 0.3854166666666667 0.0265625 0.04583333333333333
1 0.35625 0.3909722222222222 0.0359375 0.05138888888888889
1 0.411328125 0.3923611111111111 0.03203125 0.05416666666666667
1 0.245703125 0.42916666666666664 0.03515625 0.044444444444444446
2 0.708984375 0.4388888888888889 0.06796875 0.125
1 0.3765625 0.4548611111111111 0.0390625 0.05694444444444444
1 0.58125 0.4548611111111111 0.040625 0.06527777777777778
1 0.34453125 0.5229166666666667 0.0421875 0.0763888888888889
1 0.223828125 0.5263888888888889 0.05234375 0.08055555555555556
1 0.112890625 0.5534722222222223 0.05859375 0.08472222222222223
2 0.40625 0.5638888888888889 0.09375 0.22777777777777777
1 0.790625 0.7770833333333333 0.096875 0.1375
1 0.32734375 0.81875 0.1 0.1625
1 0.02578125 0.85625 0.0515625 0.19305555555555556
1 0.163671875 0.9263888888888889 0.12109375 0.14722222222222223