2 0.61171875 0.30972222222222223 0.0265625 0.06388888888888888
1 0.55078125 0.33819444444444446 0.021875 0.0375
1 0.59140625 0.3611111111111111 0.025 0.03888888888888889
1 0.422265625 0.3701388888888889 0.02421875 0.0375
1 0.374609375 0.38333333333333336 0.02578125 0.044444444444444446
0 0.626953125 0.3875 0.01484375 0.04722222222222222
1 0.575 0.42777777777777776 0.0359375 0.06944444444444445
1 0.18359375 0.4284722222222222 0.0265625 0.04027777777777778
1 0.263671875 0.4284722222222222 0.03046875 0.05138888888888889
0 0.666015625 0.42916666666666664 0.01640625 0.06388888888888888
1 0.444140625 0.43194444444444446 0.03359375 0.05555555555555555
0 0.40078125 0.43819444444444444 0.0171875 0.05694444444444444
0 0.4140625 0.4638888888888889 0.0171875 0.06111111111111111
1 0.36640625 0.47708333333333336 0.040625 0.06527777777777778
0 0.325 0.4861111111111111 0.01875 0.058333333333333334
0 0.712109375 0.4875 0.01953125 0.06944444444444445
0 0.75390625 0.49444444444444446 0.021875 0.06944444444444445
1 0.34375 0.53125 0.046875 0.07916666666666666
0 0.015234375 0.5326388888888889 0.02421875 0.06805555555555555
1 0.259765625 0.5347222222222222 0.05390625 0.08611111111111111
1 0.667578125 0.5451388888888888 0.05234375 0.10416666666666667
1 0.4203125 0.5888888888888889 0.0578125 0.1
1 0.25703125 0.7034722222222223 0.08125 0.11805555555555555
1 0.37109375 0.7645833333333333 0.090625 0.1375
0 0.809765625 0.7763888888888889 0.03828125 0.11944444444444445
1 0.687109375 0.8708333333333333 0.09765625 0.17777777777777778
1 0.16953125 0.8868055555555555 0.121875 0.1736111111111111
1 0.279296875 0.9347222222222222 0.11015625 0.13055555555555556