1 0.49296875 0.3298611111111111 0.0203125 0.03194444444444444
3 0.709765625 0.3680555555555556 0.02734375 0.06944444444444445
1 0.26796875 0.3715277777777778 0.0265625 0.04583333333333333
1 0.459765625 0.4131944444444444 0.02890625 0.05138888888888889
1 0.67578125 0.4166666666666667 0.0328125 0.05
1 0.63203125 0.4375 0.0359375 0.06388888888888888
1 0.47734375 0.4527777777777778 0.040625 0.06111111111111111
1 0.71015625 0.4840277777777778 0.040625 0.06805555555555555
3 0.17734375 0.50625 0.1171875 0.22083333333333333
2 0.8203125 0.5145833333333333 0.090625 0.14583333333333334
1 0.65078125 0.5145833333333333 0.0453125 0.0763888888888889
1 0.0890625 0.5458333333333333 0.0609375 0.08611111111111111
0 0.926171875 0.6368055555555555 0.02578125 0.0763888888888889
1 0.783203125 0.6583333333333333 0.06484375 0.10555555555555556
1 0.297265625 0.6631944444444444 0.05859375 0.10138888888888889
1 0.11875 0.6826388888888889 0.08125 0.13194444444444445
1 0.941796875 0.7423611111111111 0.09296875 0.14583333333333334
1 0.70625 0.7423611111111111 0.0796875 0.1486111111111111
0 0.7875 0.79375 0.0328125 0.12361111111111112
0 0.86796875 0.7951388888888888 0.040625 0.12638888888888888
0 0.83046875 0.8138888888888889 0.034375 0.13333333333333333