1 0.4390625 0.4125 0.0328125 0.044444444444444446
2 0.502734375 0.42569444444444443 0.04140625 0.07916666666666666
1 0.28203125 0.4305555555555556 0.034375 0.05277777777777778
1 0.68125 0.43333333333333335 0.034375 0.06666666666666667
1 0.619921875 0.4388888888888889 0.03515625 0.058333333333333334
1 0.752734375 0.4479166666666667 0.03671875 0.05138888888888889
1 0.206640625 0.46111111111111114 0.04140625 0.041666666666666664
2 0.712890625 0.4756944444444444 0.04453125 0.09583333333333334
1 0.63828125 0.4888888888888889 0.040625 0.07222222222222222
1 0.772265625 0.49027777777777776 0.04453125 0.06666666666666667
1 0.40546875 0.5333333333333333 0.04375 0.07222222222222222
0 0.295703125 0.5409722222222222 0.02265625 0.0763888888888889
1 0.740625 0.5534722222222223 0.05625 0.09583333333333334
1 0.82109375 0.5569444444444445 0.0578125 0.08055555555555556
1 0.6640625 0.5673611111111111 0.0546875 0.09305555555555556
1 0.377734375 0.5708333333333333 0.05703125 0.08611111111111111
1 0.262109375 0.6222222222222222 0.06796875 0.09166666666666666
1 0.06328125 0.6298611111111111 0.071875 0.08472222222222223
1 0.443359375 0.65625 0.06328125 0.10694444444444444
1 0.934375 0.7236111111111111 0.09375 0.15833333333333333
1 0.303125 0.7548611111111111 0.0890625 0.12638888888888888
1 0.825390625 0.7638888888888888 0.08203125 0.14722222222222223
1 0.0453125 0.775 0.090625 0.125
1 0.728125 0.8895833333333333 0.10625 0.1986111111111111
0 0.84921875 0.9256944444444445 0.0421875 0.14027777777777778