1 0.288671875 0.3798611111111111 0.03203125 0.04583333333333333
0 0.446875 0.4048611111111111 0.01875 0.05694444444444444
1 0.698828125 0.43194444444444446 0.04140625 0.05277777777777778
1 0.6296875 0.4465277777777778 0.0390625 0.0625
1 0.708203125 0.4826388888888889 0.04765625 0.06527777777777778
1 0.64609375 0.5013888888888889 0.0484375 0.08055555555555556
1 0.72265625 0.5291666666666667 0.04375 0.075
2 0.838671875 0.5694444444444444 0.06796875 0.12777777777777777
1 0.6625 0.5736111111111111 0.0515625 0.08611111111111111
1 0.759375 0.5819444444444445 0.0640625 0.1
0 0.26328125 0.6375 0.028125 0.08611111111111111
1 0.88671875 0.6673611111111111 0.0671875 0.10138888888888889
1 0.687109375 0.6840277777777778 0.06796875 0.11805555555555555
1 0.814453125 0.6875 0.07734375 0.125
0 0.273828125 0.7069444444444445 0.02734375 0.10277777777777777
0 0.30078125 0.7618055555555555 0.0328125 0.12083333333333333
1 0.958984375 0.7784722222222222 0.08203125 0.17916666666666667
1 0.869140625 0.81875 0.09765625 0.1486111111111111
1 0.75703125 0.8659722222222223 0.1125 0.20972222222222223
1 0.054296875 0.9319444444444445 0.10859375 0.1361111111111111