1 0.42421875 0.30833333333333335 0.015625 0.027777777777777776
1 0.623046875 0.3125 0.02109375 0.030555555555555555
1 0.482421875 0.31527777777777777 0.01640625 0.030555555555555555
0 0.561328125 0.33958333333333335 0.00859375 0.03194444444444444
3 0.46328125 0.34097222222222223 0.021875 0.03194444444444444
1 0.5875 0.3486111111111111 0.025 0.030555555555555555
1 0.43125 0.35555555555555557 0.0203125 0.027777777777777776
1 0.384375 0.35625 0.0203125 0.0375
1 0.24609375 0.37222222222222223 0.025 0.041666666666666664
1 0.611328125 0.3819444444444444 0.02578125 0.041666666666666664
1 0.625390625 0.42777777777777776 0.03671875 0.05555555555555555
1 0.576953125 0.43125 0.03671875 0.05416666666666667
1 0.278125 0.4375 0.040625 0.05555555555555555
1 0.180859375 0.4576388888888889 0.04296875 0.0625
2 0.411328125 0.46458333333333335 0.06171875 0.1625
2 0.778515625 0.5256944444444445 0.08984375 0.1736111111111111
1 0.11640625 0.53125 0.0546875 0.07916666666666666
1 0.183984375 0.5590277777777778 0.06640625 0.10138888888888889
0 0.0390625 0.5680555555555555 0.0234375 0.075
1 0.391796875 0.5979166666666667 0.06171875 0.10694444444444444
1 0.303125 0.6395833333333333 0.065625 0.10138888888888889
1 0.63671875 0.6486111111111111 0.0703125 0.12777777777777777
0 0.346875 0.6951388888888889 0.0296875 0.10416666666666667
1 0.362890625 0.8805555555555555 0.10234375 0.15833333333333333