1 0.65625 0.37430555555555556 0.0296875 0.043055555555555555
1 0.61875 0.38819444444444445 0.028125 0.04861111111111111
1 0.280859375 0.39375 0.03359375 0.04861111111111111
1 0.45859375 0.3993055555555556 0.03125 0.05416666666666667
1 0.68046875 0.41180555555555554 0.0328125 0.05138888888888889
1 0.27109375 0.42777777777777776 0.0359375 0.05277777777777778
1 0.631640625 0.43125 0.03359375 0.05694444444444444
2 0.773046875 0.4423611111111111 0.06484375 0.12083333333333333
1 0.727734375 0.53125 0.04453125 0.07361111111111111
0 0.838671875 0.5340277777777778 0.02421875 0.07916666666666666
1 0.4109375 0.5395833333333333 0.0515625 0.07916666666666666
3 0.1046875 0.6277777777777778 0.121875 0.35555555555555557
1 0.87109375 0.6361111111111111 0.071875 0.12222222222222222
1 0.393359375 0.6479166666666667 0.06171875 0.10138888888888889
1 0.7046875 0.7263888888888889 0.078125 0.14166666666666666
0 0.789453125 0.7951388888888888 0.03515625 0.12638888888888888
0 0.86796875 0.7951388888888888 0.0421875 0.12638888888888888
0 0.831640625 0.8125 0.03671875 0.13333333333333333
1 0.2703125 0.9409722222222222 0.2203125 0.11527777777777778
1 0.738671875 0.9423611111111111 0.21953125 0.11527777777777778