1 0.5640625 0.1388888888888889 0.04375 0.05277777777777778
3 0.176171875 0.13958333333333334 0.05859375 0.15416666666666667
1 0.298046875 0.19930555555555557 0.04609375 0.0763888888888889
1 0.51484375 0.22916666666666666 0.040625 0.06944444444444445
1 0.581640625 0.23125 0.04921875 0.06527777777777778
1 0.03125 0.24375 0.0453125 0.0763888888888889
1 0.55390625 0.33541666666666664 0.059375 0.09861111111111111
3 0.244921875 0.3368055555555556 0.06328125 0.14305555555555555
1 0.634765625 0.34791666666666665 0.05546875 0.0875
0 0.72421875 0.3736111111111111 0.0265625 0.09722222222222222
0 0.750390625 0.4125 0.02421875 0.08611111111111111
2 0.605078125 0.41458333333333336 0.08828125 0.15138888888888888
0 0.955078125 0.48680555555555555 0.03671875 0.10694444444444444
0 0.7390625 0.49027777777777776 0.03125 0.11666666666666667
1 0.077734375 0.49583333333333335 0.10390625 0.14444444444444443
1 0.891796875 0.5069444444444444 0.10078125 0.13055555555555556
0 0.828515625 0.5298611111111111 0.03671875 0.13472222222222222
1 0.6703125 0.5333333333333333 0.1 0.14166666666666666
1 0.45390625 0.7097222222222223 0.225 0.2111111111111111
1 0.937109375 0.8958333333333334 0.12578125 0.17777777777777778
1 0.442578125 0.09027777777777778 0.02734375 0.041666666666666664
1 0.408984375 0.09305555555555556 0.02421875 0.044444444444444446
1 0.5171875 0.11041666666666666 0.0265625 0.043055555555555555
1 0.50390625 0.1375 0.0296875 0.044444444444444446