1 0.4859375 0.3472222222222222 0.0203125 0.03888888888888889
3 0.70234375 0.3611111111111111 0.03125 0.058333333333333334
1 0.669140625 0.40555555555555556 0.03203125 0.044444444444444446
1 0.628125 0.41875 0.0328125 0.05694444444444444
1 0.45 0.45 0.0390625 0.06111111111111111
1 0.69921875 0.4618055555555556 0.0390625 0.06527777777777778
2 0.803125 0.48541666666666666 0.08125 0.14305555555555555
1 0.643359375 0.4861111111111111 0.04140625 0.06666666666666667
1 0.453125 0.5034722222222222 0.046875 0.07361111111111111
3 0.15 0.5430555555555555 0.125 0.2388888888888889
0 0.890625 0.6104166666666667 0.025 0.09027777777777778
1 0.7625 0.6152777777777778 0.0578125 0.09166666666666666
1 0.033203125 0.6243055555555556 0.06640625 0.10694444444444444
1 0.925 0.7222222222222222 0.08125 0.1388888888888889
1 0.705859375 0.7444444444444445 0.08203125 0.14722222222222223
1 0.333203125 0.7597222222222222 0.09453125 0.12222222222222222
1 0.0890625 0.7729166666666667 0.084375 0.1486111111111111
0 0.867578125 0.79375 0.03828125 0.13194444444444445
0 0.787890625 0.7958333333333333 0.03359375 0.125
0 0.83046875 0.8131944444444444 0.0359375 0.13472222222222222