3 0.640625 0.3138888888888889 0.021875 0.05277777777777778
1 0.239453125 0.35 0.02265625 0.03611111111111111
1 0.6953125 0.37083333333333335 0.01875 0.03888888888888889
1 0.47578125 0.38680555555555557 0.025 0.043055555555555555
3 0.7203125 0.3902777777777778 0.03125 0.08055555555555556
1 0.502734375 0.4027777777777778 0.02734375 0.04722222222222222
1 0.67109375 0.4027777777777778 0.025 0.044444444444444446
1 0.62734375 0.4270833333333333 0.0265625 0.0375
1 0.68671875 0.44305555555555554 0.0390625 0.06111111111111111
3 0.204296875 0.46597222222222223 0.10859375 0.1875
1 0.636328125 0.46597222222222223 0.03671875 0.07083333333333333
1 0.727734375 0.5229166666666667 0.04609375 0.08194444444444444
2 0.84921875 0.5423611111111111 0.103125 0.1736111111111111
1 0.31015625 0.5680555555555555 0.05625 0.08055555555555556
1 0.66328125 0.5701388888888889 0.05 0.09305555555555556
1 0.17890625 0.5951388888888889 0.0734375 0.10416666666666667
1 0.805078125 0.6986111111111111 0.07109375 0.1111111111111111
0 0.985546875 0.7166666666666667 0.02890625 0.09722222222222222
1 0.70703125 0.7430555555555556 0.08125 0.14722222222222223
1 0.944921875 0.75 0.09453125 0.15
0 0.786328125 0.7951388888888888 0.02890625 0.1125
0 0.867578125 0.7972222222222223 0.03828125 0.12222222222222222
0 0.83125 0.8131944444444444 0.034375 0.13194444444444445
3 0.619140625 0.9039583333333334 0.23359375 0.1763888888888889