2 0.53125 0.32569444444444445 0.01875 0.04027777777777778
1 0.426171875 0.3888888888888889 0.03046875 0.044444444444444446
1 0.47265625 0.3923611111111111 0.01875 0.043055555555555555
1 0.453125 0.40625 0.028125 0.043055555555555555
1 0.512109375 0.40694444444444444 0.02578125 0.04722222222222222
1 0.263671875 0.40902777777777777 0.02265625 0.04027777777777778
1 0.680078125 0.42430555555555555 0.03046875 0.043055555555555555
1 0.630859375 0.4340277777777778 0.03984375 0.07916666666666666
1 0.290234375 0.43680555555555556 0.03828125 0.059722222222222225
1 0.74765625 0.44722222222222224 0.040625 0.058333333333333334
1 0.440625 0.4513888888888889 0.0390625 0.05277777777777778
0 0.7796875 0.46319444444444446 0.01875 0.05416666666666667
1 0.41875 0.4951388888888889 0.05 0.08194444444444444
1 0.6484375 0.5076388888888889 0.0453125 0.07361111111111111
1 0.72109375 0.5152777777777777 0.0546875 0.1
1 0.79609375 0.5194444444444445 0.0515625 0.07777777777777778
1 0.258203125 0.5305555555555556 0.05546875 0.08888888888888889
1 0.4765625 0.5868055555555556 0.0609375 0.10416666666666667
1 0.658984375 0.6020833333333333 0.05859375 0.09861111111111111
1 0.176171875 0.60625 0.06796875 0.08472222222222223
1 0.3578125 0.6319444444444444 0.065625 0.09166666666666666
2 0.782421875 0.6340277777777777 0.07890625 0.16527777777777777
1 0.914453125 0.7069444444444445 0.08671875 0.12222222222222222
1 0.15078125 0.7590277777777777 0.128125 0.15138888888888888
1 0.441015625 0.7638888888888888 0.08515625 0.13333333333333333
1 0.305078125 0.7798611111111111 0.10703125 0.1597222222222222
1 0.728125 0.8319444444444445 0.09375 0.18888888888888888
1 0.937890625 0.9277777777777778 0.12421875 0.14444444444444443