2 0.66328125 0.30277777777777776 0.028125 0.05277777777777778
1 0.634765625 0.3215277777777778 0.01640625 0.034722222222222224
1 0.68671875 0.3576388888888889 0.025 0.0375
0 0.70859375 0.37916666666666665 0.015625 0.04722222222222222
1 0.617578125 0.3819444444444444 0.03046875 0.05
0 0.41015625 0.42777777777777776 0.0171875 0.058333333333333334
0 0.697265625 0.44583333333333336 0.01796875 0.06388888888888888
0 0.264453125 0.4666666666666667 0.02109375 0.06388888888888888
0 0.725390625 0.5097222222222222 0.01953125 0.06944444444444445
0 0.71953125 0.5458333333333333 0.0234375 0.08333333333333333
0 0.381640625 0.5791666666666667 0.02421875 0.09444444444444444
1 0.36171875 0.7618055555555555 0.0875 0.13194444444444445
3 0.680078125 0.9368055555555556 0.25703125 0.12638888888888888