1 0.45859375 0.14444444444444443 0.0375 0.05
1 0.015625 0.16458333333333333 0.03125 0.0763888888888889
1 0.444921875 0.18333333333333332 0.04140625 0.05555555555555555
1 0.5171875 0.21805555555555556 0.046875 0.06944444444444445
1 0.615234375 0.24791666666666667 0.05390625 0.06805555555555555
1 0.481640625 0.24861111111111112 0.05234375 0.08611111111111111
1 0.6921875 0.3090277777777778 0.053125 0.10138888888888889
1 0.65859375 0.34930555555555554 0.0640625 0.0763888888888889
1 0.78046875 0.4083333333333333 0.0953125 0.13055555555555556
2 0.6109375 0.4270833333333333 0.09375 0.16527777777777777
1 0.91328125 0.525 0.1140625 0.125
1 0.670703125 0.5326388888888889 0.10234375 0.14305555555555555
1 0.779296875 0.5333333333333333 0.09453125 0.13055555555555556
1 0.22734375 0.5569444444444445 0.1515625 0.15833333333333333
0 0.909765625 0.5826388888888889 0.03515625 0.12361111111111112
0 0.88671875 0.6208333333333333 0.03125 0.13333333333333333
0 0.96875 0.6361111111111111 0.0359375 0.14444444444444443
0 0.860546875 0.6576388888888889 0.03984375 0.14027777777777778
0 0.94453125 0.6680555555555555 0.0421875 0.1527777777777778
1 0.161328125 0.6777777777777778 0.17734375 0.17777777777777778
3 0.5234375 0.75 0.271875 0.20277777777777778
3 0.23671875 0.07916666666666666 0.028125 0.05555555555555555
0 0.215625 0.93125 0.0546875 0.13194444444444445