1 0.485546875 0.3451388888888889 0.02421875 0.034722222222222224
1 0.644140625 0.36041666666666666 0.02578125 0.043055555555555555
1 0.28984375 0.3902777777777778 0.03125 0.04722222222222222
0 0.776953125 0.39375 0.02578125 0.04027777777777778
1 0.72109375 0.40625 0.0359375 0.05416666666666667
0 0.440234375 0.4152777777777778 0.01953125 0.058333333333333334
1 0.698828125 0.43194444444444446 0.04140625 0.05277777777777778
1 0.629296875 0.4465277777777778 0.03828125 0.0625
1 0.7078125 0.475 0.046875 0.06388888888888888
1 0.64453125 0.4965277777777778 0.0453125 0.07916666666666666
1 0.72109375 0.5277777777777778 0.04375 0.07222222222222222
2 0.836328125 0.5618055555555556 0.06484375 0.11805555555555555
1 0.661328125 0.56875 0.05234375 0.08472222222222223
1 0.757421875 0.5736111111111111 0.06015625 0.09166666666666666
1 0.8796875 0.6576388888888889 0.0640625 0.09861111111111111
0 0.246484375 0.6652777777777777 0.02890625 0.08611111111111111
1 0.684375 0.6659722222222222 0.059375 0.10972222222222222
1 0.8109375 0.6743055555555556 0.078125 0.11805555555555555
0 0.251953125 0.7527777777777778 0.02890625 0.10833333333333334
1 0.953125 0.7583333333333333 0.09375 0.16111111111111112
1 0.85546875 0.7951388888888888 0.09375 0.14305555555555555
0 0.27109375 0.8194444444444444 0.0375 0.13055555555555556
1 0.743359375 0.8256944444444444 0.10234375 0.2013888888888889