1 0.08203125 0.14027777777777778 0.040625 0.06388888888888888
0 0.492578125 0.14444444444444443 0.01328125 0.05
1 0.41875 0.1451388888888889 0.0296875 0.04861111111111111
0 0.51328125 0.1638888888888889 0.0171875 0.06388888888888888
0 0.551171875 0.16458333333333333 0.01796875 0.059722222222222225
1 0.449609375 0.19652777777777777 0.04609375 0.09027777777777778
0 0.491015625 0.19652777777777777 0.01796875 0.07083333333333333
3 0.01875 0.20277777777777778 0.0375 0.11944444444444445
0 0.532421875 0.2048611111111111 0.01796875 0.06805555555555555
1 0.590625 0.22430555555555556 0.0484375 0.0763888888888889
0 0.541796875 0.22569444444444445 0.02265625 0.0763888888888889
0 0.654296875 0.2847222222222222 0.02734375 0.07777777777777778
1 0.60625 0.4409722222222222 0.0796875 0.12361111111111112
3 0.2046875 0.4826388888888889 0.2015625 0.3736111111111111
3 0.2 0.058333333333333334 0.0234375 0.05
1 0.626953125 0.6569444444444444 0.22109375 0.15833333333333333
1 0.643359375 0.7979166666666667 0.25859375 0.19305555555555556
1 0.440625 0.0875 0.0234375 0.044444444444444446