2 0.213281 0.107031 0.148438 0.117188
2 0.257812 0.238281 0.131250 0.139063
2 0.182812 0.546875 0.093750 0.078125
2 0.253906 0.589844 0.092188 0.089063
2 0.221875 0.751563 0.093750 0.100000
2 0.026562 0.638281 0.050000 0.101562
2 0.051562 0.382812 0.056250 0.056250
2 0.389062 0.896875 0.096875 0.096875
2 0.482031 0.839063 0.114062 0.128125
2 0.703125 0.936719 0.128125 0.126562
2 0.624219 0.710938 0.120313 0.121875
2 0.473438 0.568750 0.118750 0.109375
2 0.397656 0.572656 0.089063 0.107813
2 0.619531 0.503906 0.092188 0.126562
2 0.717969 0.476562 0.145313 0.146875
