2 0.026562 0.321094 0.050000 0.042188
2 0.072656 0.315625 0.073438 0.059375
2 0.167969 0.314844 0.057813 0.060937
2 0.217969 0.328125 0.085938 0.087500
2 0.279687 0.287500 0.068750 0.090625
2 0.202344 0.130469 0.073438 0.057813
2 0.138281 0.164844 0.070312 0.048438
2 0.081250 0.109375 0.031250 0.031250
2 0.014844 0.121094 0.026562 0.067187
2 0.364063 0.078125 0.084375 0.056250
2 0.343750 0.036719 0.053125 0.032813
2 0.438281 0.041406 0.082812 0.076563
2 0.353125 0.155469 0.106250 0.095312
2 0.445312 0.245312 0.084375 0.071875
2 0.505469 0.264062 0.067187 0.084375
2 0.507031 0.317969 0.057813 0.057813
2 0.372656 0.328125 0.082812 0.068750
2 0.376563 0.421094 0.084375 0.085938
2 0.416406 0.471094 0.064062 0.060937
2 0.521875 0.488281 0.043750 0.064062
2 0.344531 0.592969 0.079687 0.070312
2 0.322656 0.521875 0.076563 0.068750
2 0.371094 0.632812 0.057813 0.053125
2 0.320312 0.640625 0.050000 0.053125
2 0.309375 0.694531 0.053125 0.051562
2 0.355469 0.671094 0.032813 0.032813
2 0.260156 0.632812 0.057813 0.059375
2 0.178125 0.560156 0.031250 0.035937
2 0.210156 0.507031 0.045312 0.042188
2 0.230469 0.532813 0.032813 0.034375
2 0.196875 0.460938 0.028125 0.031250
2 0.253906 0.450000 0.045312 0.046875
2 0.142187 0.414062 0.046875 0.040625
2 0.116406 0.435937 0.045312 0.043750
2 0.141406 0.460156 0.048438 0.039062
2 0.089844 0.398438 0.026562 0.028125
2 0.041406 0.429688 0.076563 0.075000
2 0.141406 0.707812 0.039062 0.062500
2 0.184375 0.703906 0.068750 0.070312
2 0.174219 0.760938 0.051562 0.056250
2 0.089063 0.773438 0.056250 0.040625
2 0.024219 0.796094 0.045312 0.045312
2 0.005469 0.835938 0.007812 0.031250
2 0.117969 0.862500 0.054688 0.065625
2 0.104688 0.909375 0.040625 0.053125
2 0.176563 0.939844 0.031250 0.048438
2 0.205469 0.912500 0.035937 0.040625
2 0.392969 0.936719 0.042188 0.048438
2 0.397656 0.789062 0.020313 0.025000
2 0.392188 0.742188 0.043750 0.040625
2 0.355469 0.714063 0.029687 0.037500
2 0.273438 0.746094 0.046875 0.054688
2 0.517188 0.837500 0.043750 0.046875