3 0.068750 0.192969 0.115625 0.095312
3 0.106250 0.321094 0.162500 0.164062
3 0.202344 0.230469 0.154688 0.154688
3 0.220312 0.421094 0.153125 0.129688
3 0.103906 0.510938 0.179688 0.146875
3 0.109375 0.410938 0.146875 0.075000
3 0.240625 0.560156 0.140625 0.117188
3 0.137500 0.639844 0.093750 0.070312
3 0.206250 0.694531 0.146875 0.151562
3 0.327344 0.777344 0.207813 0.160938
3 0.213281 0.860938 0.157812 0.168750
3 0.221094 0.968750 0.167187 0.062500
3 0.365625 0.926562 0.175000 0.137500
3 0.461719 0.971094 0.098437 0.054688
3 0.610156 0.981250 0.110937 0.037500
3 0.615625 0.775781 0.196875 0.126562
3 0.503125 0.639844 0.178125 0.167187
3 0.364844 0.663281 0.148438 0.110937
3 0.489844 0.486719 0.148438 0.139063
3 0.343750 0.472656 0.143750 0.139063
3 0.629687 0.578906 0.143750 0.151562
3 0.539062 0.343750 0.165625 0.118750
3 0.410938 0.278906 0.125000 0.085938
3 0.296094 0.251563 0.107813 0.115625
3 0.382812 0.173437 0.109375 0.087500
3 0.389062 0.060156 0.125000 0.117188
3 0.277344 0.082031 0.107813 0.092188
3 0.511719 0.124219 0.139063 0.104688
3 0.535156 0.228906 0.145313 0.120313
3 0.638281 0.208594 0.132812 0.160938
3 0.682031 0.332031 0.060937 0.101562
