2 0.195312 0.435937 0.103125 0.121875
2 0.266406 0.354687 0.123438 0.100000
2 0.421094 0.439844 0.117188 0.104688
2 0.511719 0.382031 0.117188 0.107813
2 0.447656 0.299219 0.145313 0.095312
2 0.279687 0.095312 0.121875 0.103125
2 0.085156 0.313281 0.107813 0.101562
2 0.293750 0.605469 0.090625 0.101562
2 0.192969 0.643750 0.104688 0.075000
2 0.257031 0.699219 0.120313 0.082812
2 0.195312 0.750781 0.112500 0.082812
2 0.435156 0.643750 0.120313 0.084375
2 0.620313 0.597656 0.121875 0.104688
2 0.732812 0.471875 0.034375 0.084375
