3 0.37578125 0.41328125 0.11171875 0.13203125
3 0.05390625 0.52734375 0.09296875 0.09375
3 0.12890625 0.53984375 0.0609375 0.06015625
3 0.7171875 0.634375 0.09765625 0.1125
3 0.79453125 0.61484375 0.08046875 0.1140625
3 0.665625 0.47578125 0.07890625 0.09296875
3 0.5171875 0.365625 0.09375 0.09296875
3 0.69140625 0.16015625 0.06796875 0.0875
3 0.94296875 0.41171875 0.05703125 0.07578125
3 0.89921875 0.446875 0.06171875 0.05390625
3 0.909375 0.515625 0.05703125 0.06328125
3 0.859375 0.52421875 0.05 0.06328125
3 0.2734375 0.509375 0.0859375 0.1140625
3 0.18125 0.5515625 0.04921875 0.07578125
3 0.56796875 0.4078125 0.06015625 0.08984375
3 0.478125 0.42578125 0.06875 0.08359375