4 0.35234375 0.12578125 0.0953125 0.109375
4 0.34453125 0.2890625 0.121875 0.10703125
4 0.5375 0.415625 0.10703125 0.09609375
4 0.46640625 0.46875 0.09375 0.1078125
4 0.325 0.51875 0.1125 0.11328125
4 0.10234375 0.55703125 0.13125 0.1171875
4 0.09140625 0.678125 0.09375 0.125
4 0.1734375 0.6703125 0.0921875 0.11484375
4 0.28046875 0.85078125 0.08671875 0.08046875
4 0.3640625 0.80625 0.103125 0.1109375
4 0.4265625 0.7953125 0.05546875 0.12578125
4 0.44140625 0.63046875 0.08046875 0.11875
4 0.56640625 0.56953125 0.0703125 0.084375